655.0 656.0 657.0 658.0 659.0 660.0 661.0 662.0 663.0 664.0 665.0 
10.0 17.309289985446185 54.857449298810394 1325.1843428818593 2686.5258804372224 355.20118073835965 60.71632552060399 9.642770891793816 3.771194088290798 3.947913384787711 1.3012122494204732 1.8723373184287766 
12.0 13.794554938433976 53.75202386594111 1247.1976726292298 2334.571213639228 269.9651494679185 46.560818723415366 7.04565449848792 3.413436165304006 2.4469574376743424 -0.501361649143206 0.9493923211674655 
14.0 9.165863121418369 32.65353171659709 874.4671123516189 1680.6655256713454 181.2992040302965 31.167863372840543 4.778570823358933 3.0545857102621596 2.8442976769337918 0.4506769361701686 0.6502183404383857 
16.0 6.493954473460718 26.026368310302274 738.8925691438492 1234.7970953052054 136.43868657824157 20.211813168487993 3.0801680124013444 1.545406359217509 1.359727108286421 0.09235226354337556 0.3312139771271916 
18.0 3.8219010473928563 16.74027784061923 539.3600591208808 771.2156313611588 82.41948758219627 16.391735889102506 1.0397149567318422 0.9955805352641391 0.8252601374233848 -0.047673479962355714 1.3531887903972688 
20.0 2.7046016588963937 10.92513340534174 405.1261333012792 534.5326562441112 44.78885149189085 10.056527640617645 1.4656657973959852 0.31353481494738844 1.270866676442239 -0.8486985072168238 -0.795831703923426 
22.0 2.208674616398781 8.157046776631347 302.3739681845815 328.43033358879956 31.864239448752187 7.421965068658807 -0.5114024903126051 -1.110374589500708 1.447941270558374 -0.8799143477521625 0.7937579927445029 
24.0 0.20860581800644695 4.7487612730329545 192.14879389177767 207.73565512188117 23.37582119956491 3.8318077668844523 -0.6688658923441437 0.4811985341195566 0.4324350131544179 -1.1009859200938195 0.1735965225491043 
26.0 -0.10989493571628373 2.3095534388415047 110.92609669476067 113.85029729737596 9.969183654533396 1.7524703902399494 -1.645982924453989 -0.6330404168647021 -0.3265252228543716 -1.3555059615656262 -1.0950684958919226 
28.0 -0.6289145926283766 1.3326604867441176 70.04672485863856 64.77434774683127 6.013376553527706 1.984983953505207 -1.2543084314653754 -0.7988790672001471 0.8378356543923076 -1.731692640960432 0.3925971853685155 
30.0 -0.8163082426550261 0.5587345412508 49.66093001447186 44.62890962871637 6.487098103793471 1.0604061509053793 -0.8062511657169011 0.5432759971862708 0.500160729260898 -0.5443373013528117 -0.27807927947728217 
32.0 -1.4875731243683958 0.8723409529368382 47.49174517975055 41.25844599907967 4.778801440216398 1.720303824445125 -0.5129038729147339 -0.1446252113313733 0.4516217966799445 -0.8791535381196809 -1.4111831676473798 
34.0 -0.7423040389527387 1.0760385485863253 77.97973252580877 58.20932647891621 7.1536050587319835 2.2148551671977543 -0.5506160416811099 -1.370668700486533 0.5239928509891172 -1.2814462134899998 0.12979349807352492 
36.0 0.031026138638964085 2.2540667573372275 126.650897343227 106.62017953402523 12.041912444914118 2.381559610207745 -1.1469883018457665 -0.12523563095010104 1.7632606466696643 -1.0571556959219777 -1.0525062458096102 
38.0 -0.42496451821307346 4.313346902822104 190.16526527366833 129.59046771516154 15.988405313399937 2.426048138472737 -1.4284180628136198 -0.2096257527914247 0.003609697211288676 -0.39947147697392893 -0.05895109988369995 
40.0 1.0611003938206522 5.400631093346931 268.78463064413904 191.52650888784763 25.827965899376892 4.27839780762244 -0.7734450368871819 -0.636771466276997 -0.08540087691108056 -1.0762053990360982 -0.06873506895936998 
42.0 0.7749557607054669 11.008104457120908 372.0010932512047 228.32281448002965 30.43080611537289 4.033837158405532 -0.534014705504859 0.6518549443202915 0.6417308337487668 -0.039773699979093635 0.64598918415345 
44.0 2.2337478743764336 13.482809419065006 470.52746375188144 398.4410783012956 33.70286312648054 6.109785541050769 -1.2888777617920937 -0.44497712817971546 1.4673103521838868 -1.6054173081416252 0.10234593525004243 
46.0 1.9921460200968113 17.307726100762437 750.4038290231156 422.14052855969027 41.638795879259305 8.073083673877278 -0.03872158641044621 0.08214039038992382 1.0995142052684344 -0.5469739247557754 0.017818984393727533 
48.0 4.311216325559684 22.896585427575587 932.2287934716469 422.50855442347546 41.353661249027084 9.735704011915232 -0.4521581862849473 0.7836383385639465 0.4242407686787715 -0.724623592585516 -0.07747250565984132 
50.0 5.326882584417405 28.554089954561704 1056.2851961644344 615.8651452026947 48.46467923506165 10.118216050058606 0.7462699011771008 -0.006960853791042609 1.7418435961253067 -0.39676318224732654 -0.7542925062384427 
