600.0   765.1931975931196
601.0   754.1941100754033
602.0   744.6342748851927
603.0   760.2943146814666
604.0   728.9821234179917
605.0   730.8160925243099
606.0   766.565939271488
607.0   750.5930790092649
608.0   739.3251856339211
609.0   703.272722451529
610.0   699.1044831756649
611.0   684.0347449269048
612.0   714.9243631698141
613.0   704.7451093576419
614.0   681.7541953238772
615.0   701.4642425684685
616.0   713.0624581323431
617.0   739.7693815511911
618.0   735.0287338613255
619.0   755.6421193618937
620.0   765.1653532553693
621.0   818.6732656555422
622.0   802.6385267287665
623.0   856.1247140387112
624.0   874.8231978250813
625.0   898.8832858571902
626.0   943.8905287961087
627.0   981.867405494101
628.0   991.6152074042293
629.0   1046.894326101653
630.0   1063.4105182837404
631.0   1109.447085843009
632.0   1158.3658557082972
633.0   1174.5848910846069
634.0   1196.54897161147
635.0   1227.6143365513221
636.0   1250.371772362743
637.0   1268.385011545234
638.0   1255.5769867042936
639.0   1303.8260911106686
640.0   1298.6116574195755
641.0   1300.247462390307
642.0   1319.3383058503107
643.0   1299.3263137123586
644.0   1310.2279734847016
645.0   1308.0965086650638
646.0   1306.9621390251568
647.0   1291.305808566543
648.0   1280.590848599984
649.0   1257.546886105045
650.0   1271.4875951565919
651.0   1247.8131231947204
652.0   1269.4926518844218
653.0   1245.3999763861993
654.0   1257.5205285488803
655.0   1235.8927500397222
656.0   1231.5719320898004
657.0   1226.472289384349
658.0   1230.7849862605372
659.0   1248.6454226943167
660.0   1214.5664564266938
661.0   1232.4983386558156
662.0   1240.8350893822146
663.0   1247.4280605421318
664.0   1273.1892230712858
665.0   1300.9902632617188
666.0   1286.2406166480937
667.0   1303.9923292488024
668.0   1285.0992786529214
669.0   1298.8020625130196
670.0   1340.13595747532
671.0   1403.3511541078972
672.0   1415.9706396403433
673.0   1397.4328200496138
674.0   1422.024574765226
675.0   1478.4235938224751
676.0   1461.7372083002583
677.0   1514.6430016914253
678.0   1531.5803186612786
679.0   1581.7514052363208
680.0   1640.155186510964
681.0   1673.6668191605568
682.0   1684.9028319582978
683.0   1749.3844664340902
684.0   1773.0083674114605
685.0   1824.0568422629426
686.0   1861.379057088397
687.0   1907.1213906704675
688.0   1928.4930150669459
689.0   1977.8369694611736
690.0   2056.2352975052704
691.0   2017.844108857644
692.0   2089.0911199651423
693.0   2168.2742884559507
694.0   2136.490203621825
695.0   2193.745105965361
696.0   2177.5445180288825
697.0   2144.591003715338
698.0   2238.515352385478
699.0   2289.8666963924843
700.0   2250.7396891500716
701.0   2243.2241474104453
702.0   2281.010638376125
703.0   2238.1925673861742
704.0   2247.5561844374442
705.0   2246.580752163333
706.0   2223.2452116274026
707.0   2240.347505708649
708.0   2218.4747423982553
709.0   2212.8594636414155
710.0   2170.0101729079847
711.0   2136.2417051651328
712.0   2145.7515705416026
713.0   2108.611089484725
714.0   2092.2124608461736
715.0   2052.442127725536
716.0   2101.795480095615
717.0   2083.560330180479
718.0   2018.800073687839
719.0   2047.8830978785431
720.0   2018.1085094869934
721.0   1986.0538661204153
722.0   2000.8982072532647
723.0   1972.3999451739896
724.0   1988.6803793555348
725.0   1952.5731606830016
726.0   1931.872381945543
727.0   1955.0115650435723
728.0   1949.0061001299027
729.0   1950.0574640572124
730.0   1866.722663766546
731.0   1885.5541823689782
732.0   1949.3456277176133
733.0   1960.2707773305435
734.0   1946.847333984794
735.0   1965.2481048922828
736.0   1879.2619047364171
737.0   1885.1311178750252
738.0   1924.4561793907706
739.0   1892.049888531971
740.0   1984.3781999468895
741.0   1917.1158047244585
742.0   1967.626466648805
743.0   1909.196976087745
744.0   1942.4793518497859
745.0   1927.337412001885
746.0   1929.7916813987317
747.0   1958.9680732250506
748.0   1957.32689377608
749.0   1931.419541130627
750.0   1879.8776586444992
751.0   1911.9349129753143
752.0   1885.549707376475
753.0   1898.0383769947416
754.0   1962.576224206989
755.0   2008.138742977964
756.0   2075.2274721529643
757.0   2093.454429261566
758.0   2231.7577331124053
759.0   2244.766772606864
760.0   2328.4009415428636
761.0   2434.4234947506498
762.0   2519.1509834813673
763.0   2624.3346112930635
764.0   2678.5041686043123
765.0   2730.0599891782767
766.0   2808.396922899512
767.0   2830.800027110946
768.0   2972.011330313272
769.0   2887.8222694060023
770.0   2949.2439752489395
771.0   2942.132520923064
772.0   2961.8719604087173
773.0   2903.0294187084082
774.0   2888.1012579739004
775.0   2840.8437364208035
776.0   2826.178462010236
777.0   2854.039049815297
778.0   2828.96330428872
779.0   2703.346122484173
780.0   2667.7825746252124
781.0   2589.9211641459465
782.0   2526.4308372356145
783.0   2475.606825559319
784.0   2391.621322128154
785.0   2320.261788551041
786.0   2270.2552835200404
787.0   2178.609243311942
788.0   2125.7477768565204
789.0   2095.973324163091
790.0   2020.7593146864906
791.0   1945.5238215145657
792.0   1897.9229359426956
793.0   1826.3084925479786
794.0   1752.6295625968
795.0   1693.5091013531617
796.0   1643.8107812331323
797.0   1651.6676352383608
798.0   1528.5539470875733
799.0   1460.2874488085815
800.0   1422.840014762164
