600.0   669.4008869584118
601.0   662.8418053692608
602.0   641.27657410657
603.0   667.390590991294
604.0   635.0966495887617
605.0   643.842972798401
606.0   663.6114396862148
607.0   649.275982450133
608.0   643.9061361824076
609.0   616.6707146112076
610.0   637.7587567584839
611.0   618.2207939447171
612.0   631.9656092499163
613.0   610.1397039849053
614.0   600.005848264519
615.0   608.5551075849814
616.0   627.0567295607724
617.0   661.6073268731682
618.0   648.8628118702046
619.0   686.3117111294979
620.0   662.3107788296447
621.0   718.2890970826696
622.0   712.4193407743744
623.0   747.0669775753779
624.0   758.2805158261451
625.0   808.1197575620454
626.0   844.8252009583274
627.0   874.3723507942422
628.0   880.816813878014
629.0   940.7944174385009
630.0   941.9186687022959
631.0   963.9968886999238
632.0   997.3335345842291
633.0   1027.7076408691842
634.0   1051.0089404305777
635.0   1065.9138854281746
636.0   1101.2845014958755
637.0   1105.491600434363
638.0   1106.427282027343
639.0   1143.029135245946
640.0   1145.6772055878102
641.0   1158.7169234303801
642.0   1164.4235688047022
643.0   1157.4716330997962
644.0   1162.7231646418409
645.0   1136.2231589092798
646.0   1157.8060263387786
647.0   1146.002262506238
648.0   1127.8095221870926
649.0   1104.9187877648933
650.0   1126.5572587365482
651.0   1118.3180327175219
652.0   1097.3900813285745
653.0   1079.8636538629737
654.0   1107.5980230647303
655.0   1094.9762600819286
656.0   1108.5214676658654
657.0   1082.854522095712
658.0   1080.493699200973
659.0   1091.4862377870104
660.0   1082.1346427695282
661.0   1068.547539284491
662.0   1074.4087459535415
663.0   1093.6787093935286
664.0   1112.4267255217592
665.0   1138.2046766658377
666.0   1116.230630666444
667.0   1139.5273724041451
668.0   1129.2633018448118
669.0   1153.597545908479
670.0   1185.126302324189
671.0   1224.4770535448056
672.0   1253.1383683064619
673.0   1238.1001088000257
674.0   1247.620899935022
675.0   1291.8277884648314
676.0   1313.555013533834
677.0   1355.62102548451
678.0   1376.320974231119
679.0   1399.0708153066591
680.0   1452.1693236821973
681.0   1482.4048822136053
682.0   1526.509060603098
683.0   1552.3031238130109
684.0   1571.009327700666
685.0   1609.7720279779853
686.0   1641.0443989279747
687.0   1655.5363207547532
688.0   1728.9206383042626
689.0   1744.5473573725715
690.0   1804.6109954707154
691.0   1784.2362603880742
692.0   1876.512980884031
693.0   1914.3910192524072
694.0   1900.0204764794998
695.0   1951.7606998761166
696.0   1943.3017619391217
697.0   1913.6516939404996
698.0   1996.9529673000309
699.0   2032.6519860763228
700.0   2004.1240963641035
701.0   1969.232840083343
702.0   2008.668273887411
703.0   1996.157462934757
704.0   1998.510487925836
705.0   2005.569913562618
706.0   2000.2935934527925
707.0   2000.174925056728
708.0   1960.695130000431
709.0   1961.815390008541
710.0   1928.4535065727769
711.0   1903.3784759529183
712.0   1883.3467153827573
713.0   1851.5200447956963
714.0   1847.0381949468836
715.0   1830.4346693135499
716.0   1851.024832823206
717.0   1816.1764806840115
718.0   1794.5946512714393
719.0   1818.46052988999
720.0   1775.502727371734
721.0   1764.482862295514
722.0   1778.7378632570076
723.0   1767.25825525698
724.0   1778.826814711095
725.0   1712.6711295363934
726.0   1714.8154998524026
727.0   1745.011803383801
728.0   1711.0129847606256
729.0   1740.0700722385097
730.0   1640.3163424535367
731.0   1696.002360898018
732.0   1753.9897653606863
733.0   1711.6810667163606
734.0   1736.2793919284102
735.0   1692.3752115060745
736.0   1670.3397134587701
737.0   1648.9064838819752
738.0   1702.9573836481095
739.0   1673.6621174120662
740.0   1741.1969929114273
741.0   1709.8536276535392
742.0   1746.6321667309635
743.0   1695.4524947590269
744.0   1707.3334800497732
745.0   1687.8557746410029
746.0   1685.2649609813643
747.0   1735.2844431607634
748.0   1729.587026199135
749.0   1689.3590626934176
750.0   1688.2465610293498
751.0   1695.225907012364
752.0   1685.7496975223262
753.0   1713.068639677748
754.0   1775.3125856357588
755.0   1814.8815933289861
756.0   1875.2859719210965
757.0   1908.5219447138081
758.0   2024.4651023812976
759.0   2054.4667479348564
760.0   2107.7560829222925
761.0   2217.324474807466
762.0   2271.4651055243758
763.0   2406.910978264426
764.0   2472.40704740888
765.0   2489.5489806049222
766.0   2559.779947577785
767.0   2539.7298940175438
768.0   2705.4810696473687
769.0   2639.943874423665
770.0   2721.0822157170405
771.0   2714.3300414584096
772.0   2706.448667007601
773.0   2633.5278021517965
774.0   2655.88206465673
775.0   2628.035691571658
776.0   2592.035132471213
777.0   2579.7580837483106
778.0   2571.303996861542
779.0   2495.5042169227436
780.0   2470.050532178094
781.0   2400.3687948989955
782.0   2348.7248451565088
783.0   2268.674485459838
784.0   2222.257627986693
785.0   2157.068182148809
786.0   2122.2950582459925
787.0   2075.8470144481835
788.0   1982.732272308557
789.0   1956.5768895570986
790.0   1899.9364358143853
791.0   1800.4154171888326
792.0   1798.0627764265264
793.0   1732.970251925578
794.0   1655.1004372370148
795.0   1601.620646454966
796.0   1561.408817282304
797.0   1544.3903250530072
798.0   1460.0817479954364
799.0   1399.2620582121435
800.0   1356.9321333141827
