600.0   525.2359414532029
601.0   516.7312230069836
602.0   497.18287355282814
603.0   512.0159157426419
604.0   494.7409637211221
605.0   496.9670498502309
606.0   527.1858574110075
607.0   514.7010051647432
608.0   509.7629060638041
609.0   469.6449629349963
610.0   483.97410755751366
611.0   474.9361737352277
612.0   504.9333902998961
613.0   480.0452964353929
614.0   468.79508077616634
615.0   480.3085942517236
616.0   489.57419454731576
617.0   519.2501735141656
618.0   499.9765485577768
619.0   521.8004679042234
620.0   506.97818094501156
621.0   551.6806356670252
622.0   562.7376393019225
623.0   577.2315829585577
624.0   613.59288346592
625.0   627.0433188449279
626.0   650.9528468208115
627.0   685.3063920361574
628.0   683.7020434912735
629.0   726.1900267744536
630.0   757.8283988107491
631.0   760.39625528585
632.0   774.598061604911
633.0   793.6950962519873
634.0   813.2249464405974
635.0   844.6412710776523
636.0   855.8846893143552
637.0   866.0511768405102
638.0   877.705447705464
639.0   904.8626597969492
640.0   904.885862880493
641.0   925.6516555748624
642.0   916.8691743142606
643.0   894.2399690315028
644.0   895.1202667014835
645.0   895.3288250086887
646.0   915.8048265774355
647.0   886.860497480774
648.0   882.9037705435157
649.0   872.2112521043083
650.0   859.457817447205
651.0   864.2405644912421
652.0   862.4744133846802
653.0   857.014570736369
654.0   854.2385849419113
655.0   849.2092706037777
656.0   849.686707209908
657.0   853.5301868237364
658.0   846.6785224942795
659.0   853.8232105566578
660.0   855.4300899109955
661.0   848.3404427881727
662.0   855.593105935641
663.0   874.7968938913986
664.0   870.4323894313122
665.0   902.1255619194228
666.0   883.9891732259788
667.0   893.83262892803
668.0   876.6105657638719
669.0   892.9139775632284
670.0   942.539005215156
671.0   975.4667657332523
672.0   965.3643252765137
673.0   962.7411497759408
674.0   991.3113487926232
675.0   1002.7236713337535
676.0   1021.6223497201053
677.0   1064.5871243849597
678.0   1059.8243502465075
679.0   1111.4493057365335
680.0   1146.0002720656616
681.0   1154.1147822743824
682.0   1178.3299444661848
683.0   1200.7589452859936
684.0   1219.9732027388097
685.0   1268.2429067973621
686.0   1321.016180960541
687.0   1341.9335132775223
688.0   1348.0013614617808
689.0   1370.0588858457968
690.0   1416.852227514701
691.0   1438.3380446472295
692.0   1463.6290379784962
693.0   1520.389996354355
694.0   1499.4771689583877
695.0   1528.7734624303653
696.0   1538.4187556109512
697.0   1526.0066505352415
698.0   1584.4601050891395
699.0   1554.6287925077727
700.0   1559.8460173973722
701.0   1561.4699917011203
702.0   1578.313893940404
703.0   1558.1221814316787
704.0   1587.7422396966522
705.0   1568.8118746799914
706.0   1559.4833032831395
707.0   1591.5809613040374
708.0   1546.812245223741
709.0   1542.1680936207053
710.0   1515.1100678681148
711.0   1502.2142096733974
712.0   1482.327180975065
713.0   1467.8294677885385
714.0   1463.5745056378166
715.0   1454.3025032033586
716.0   1423.6871450693761
717.0   1454.1497333921393
718.0   1405.6640631156702
719.0   1448.5131740675447
720.0   1397.178420440847
721.0   1414.9326634058311
722.0   1404.5106678092152
723.0   1393.492139698978
724.0   1396.1824341428423
725.0   1369.1886137166082
726.0   1375.41228732299
727.0   1364.985354865347
728.0   1346.9416790592038
729.0   1367.3389392752174
730.0   1314.6248030512484
731.0   1318.8846524930918
732.0   1362.3766304954038
733.0   1380.0099280810293
734.0   1358.289482875298
735.0   1353.7004372120293
736.0   1317.4142756804185
737.0   1318.7522930131847
738.0   1334.867182864849
739.0   1310.961302534047
740.0   1376.641269995999
741.0   1334.5949299411775
742.0   1373.0018066170937
743.0   1344.7252405189192
744.0   1352.5056335284953
745.0   1350.7664202014598
746.0   1366.4914876800565
747.0   1355.0732507404775
748.0   1341.084311073284
749.0   1337.2004736363178
750.0   1343.0355111711133
751.0   1328.6295135897083
752.0   1359.0848441135142
753.0   1356.701095443833
754.0   1385.8263384959378
755.0   1470.4815936109312
756.0   1498.5213534392449
757.0   1531.2685877477968
758.0   1618.4394999220297
759.0   1645.6841321475983
760.0   1715.8232115499748
761.0   1780.925786311315
762.0   1852.2299922419666
763.0   1925.6085537692227
764.0   1969.6958829584762
765.0   2008.60511345626
766.0   2055.219966662854
767.0   2081.455578137821
768.0   2157.945361777725
769.0   2125.8274327931354
770.0   2165.7529841546348
771.0   2165.450446049243
772.0   2179.991721067484
773.0   2128.751680729499
774.0   2135.05625864122
775.0   2093.2171364923647
776.0   2109.8627688584943
777.0   2089.665173933443
778.0   2061.380969271154
779.0   1981.8348874303442
780.0   1976.4075647585291
781.0   1929.7653723427766
782.0   1893.5357757799406
783.0   1831.1874477465044
784.0   1783.883294686217
785.0   1737.6920202596284
786.0   1706.3436793340547
787.0   1653.6725214473288
788.0   1596.524231917205
789.0   1594.1578069851012
790.0   1543.5295881828285
791.0   1488.9245128860464
792.0   1459.0701612500245
793.0   1400.3905713804975
794.0   1333.114515573438
795.0   1294.082702572053
796.0   1243.6792451251808
797.0   1264.063534748252
798.0   1197.1417712308005
799.0   1141.7301569371127
800.0   1097.630757902583
