600.0   396.63353300887593
601.0   390.5550377520807
602.0   375.32620853858623
603.0   388.4299563914817
604.0   382.66580276951555
605.0   378.0520374197984
606.0   397.70505463033555
607.0   393.77681432483075
608.0   397.3989355382302
609.0   364.16973790141463
610.0   364.98019316471687
611.0   371.345653179342
612.0   382.0103021166315
613.0   363.4609228527966
614.0   364.62864666755917
615.0   368.31361283841494
616.0   372.48141444940893
617.0   380.15184221047264
618.0   387.436930607396
619.0   380.8033070593501
620.0   396.0980303053417
621.0   415.93687995688913
622.0   443.26029732506595
623.0   440.81272842126987
624.0   454.8217401663446
625.0   466.1063921658002
626.0   498.14665660306594
627.0   507.0672013271145
628.0   517.4707003940275
629.0   546.1030712096752
630.0   561.279657508502
631.0   574.0485929883075
632.0   589.3718819058575
633.0   606.3309768804731
634.0   601.293144866444
635.0   638.4959405855061
636.0   642.602553300065
637.0   653.9627029103963
638.0   668.019956602057
639.0   670.9160197464983
640.0   674.0409480266319
641.0   679.499146310678
642.0   687.2727793219763
643.0   678.196613963638
644.0   679.4968733691866
645.0   676.5077102646601
646.0   669.2608021447256
647.0   664.799590383647
648.0   669.1946233608525
649.0   666.4783922419398
650.0   654.351502533855
651.0   641.4499032533735
652.0   652.3708695024762
653.0   647.3402810401932
654.0   659.0700612663426
655.0   630.4669269587428
656.0   646.9414318364593
657.0   647.9951123455247
658.0   644.8559705598797
659.0   642.0496588652961
660.0   641.1344131440094
661.0   643.9338501423379
662.0   646.5190532669419
663.0   648.1723147007954
664.0   652.5495877443889
665.0   682.4888682024284
666.0   670.1157730218058
667.0   664.512154733398
668.0   662.6840598601891
669.0   683.6599079968438
670.0   703.226435966931
671.0   710.0818663416301
672.0   731.5181225945673
673.0   735.1574069065891
674.0   734.0371484732173
675.0   771.9693335610425
676.0   780.7835955288972
677.0   811.7093305344131
678.0   817.9355041211975
679.0   823.6987031392257
680.0   860.4925312734811
681.0   878.7269749523272
682.0   872.2044295292997
683.0   920.0852654627221
684.0   929.983839706751
685.0   942.8281145597576
686.0   961.5728694239436
687.0   996.9759352758399
688.0   1034.8254019604572
689.0   1059.5371830745805
690.0   1078.0755901427935
691.0   1100.0892762911308
692.0   1122.412423306755
693.0   1142.0178258031815
694.0   1123.8528074215765
695.0   1168.432653803173
696.0   1173.6390378613366
697.0   1130.3701859394928
698.0   1205.7865908563049
699.0   1212.868448350967
700.0   1205.6714150431499
701.0   1178.6219870153982
702.0   1192.830610235032
703.0   1198.0189176582742
704.0   1181.3549014635755
705.0   1204.4468649484322
706.0   1180.177606081832
707.0   1191.9946028928832
708.0   1184.7973549315202
709.0   1157.1017708803265
710.0   1141.0482178774482
711.0   1142.2248899497688
712.0   1131.9367754083778
713.0   1105.2803408485283
714.0   1093.103038168401
715.0   1101.1222187354574
716.0   1099.2001274838526
717.0   1116.7324093354587
718.0   1068.2898398151297
719.0   1086.7735564732054
720.0   1060.437153317597
721.0   1046.3521437654206
722.0   1063.123873425492
723.0   1059.3766437521938
724.0   1046.9179149823983
725.0   1047.3822425991866
726.0   1022.1611330576591
727.0   1039.0033309212304
728.0   1008.2679262902491
729.0   1031.724603928821
730.0   988.5548940989304
731.0   1003.5290832439997
732.0   1039.2764170548548
733.0   1036.0657839448536
734.0   1037.0201435800745
735.0   1031.9413802652275
736.0   990.2905829690758
737.0   990.6410782859438
738.0   1020.269637752412
739.0   999.6602485695125
740.0   1037.3437811220533
741.0   1027.6421170068909
742.0   1061.4433854340614
743.0   1013.7724778326299
744.0   1013.2529473888258
745.0   1021.9573959279062
746.0   1010.2818152703148
747.0   1031.4188844225475
748.0   999.1850472483624
749.0   1026.4911401582294
750.0   1002.9330647287001
751.0   990.2252156110901
752.0   1013.3510215760257
753.0   1036.7320346462202
754.0   1071.4774431209585
755.0   1091.460537190303
756.0   1137.5180657100789
757.0   1161.3337761367618
758.0   1232.6388905357517
759.0   1265.8123748774854
760.0   1313.986632308809
761.0   1361.4858532412925
762.0   1400.7815725043226
763.0   1469.4888075381486
764.0   1494.3288541697336
765.0   1543.4473433303526
766.0   1584.4450336776838
767.0   1578.7268609188568
768.0   1652.9376384382767
769.0   1634.2750576243684
770.0   1634.1514583252733
771.0   1672.776565306134
772.0   1660.3764480579391
773.0   1616.5947701495852
774.0   1643.6770630322765
775.0   1603.2872220373242
776.0   1617.6457228044792
777.0   1577.5544235110824
778.0   1560.5609332174881
779.0   1528.763160155693
780.0   1508.1753469536407
781.0   1482.1410573318442
782.0   1465.3707644730885
783.0   1401.8475614315892
784.0   1370.2328939487152
785.0   1327.236233050578
786.0   1311.8187064151846
787.0   1279.3051064872056
788.0   1236.5074337076562
789.0   1220.844096780263
790.0   1170.4116489778446
791.0   1141.8371425342136
792.0   1096.9417116362936
793.0   1067.5120031100294
794.0   1029.2210068873137
795.0   990.9744934528696
796.0   978.349302698564
797.0   978.4377158569109
798.0   912.7722839452595
799.0   862.1845287083827
800.0   853.306973982265
