600.0   275.70381113483813
601.0   276.5432584616116
602.0   257.47081662613084
603.0   272.90756970679297
604.0   256.10622427944475
605.0   257.93846450172265
606.0   265.7343656129458
607.0   275.8090524301731
608.0   272.92103035693106
609.0   251.87107051000532
610.0   264.0344510588178
611.0   258.6441266869399
612.0   259.22678277816203
613.0   254.12587912052925
614.0   247.32511843954495
615.0   252.70136261123486
616.0   253.76397476042797
617.0   259.5037257096311
618.0   260.8918532024759
619.0   255.99776368144686
620.0   275.72824066117516
621.0   281.02632415493554
622.0   284.73139428042975
623.0   295.1858254056854
624.0   315.10090722483596
625.0   320.92474065223854
626.0   346.52713034343753
627.0   337.7160342944667
628.0   348.185349744605
629.0   379.02555512548645
630.0   381.52788665124285
631.0   393.0278725374813
632.0   398.7233150532792
633.0   413.7094099677452
634.0   406.0223855222099
635.0   421.0928438675536
636.0   442.7307383498622
637.0   443.1951937604556
638.0   450.3158708056699
639.0   461.7564465906592
640.0   462.8633845621134
641.0   461.88281664733165
642.0   463.2309784667691
643.0   454.96297051643444
644.0   459.97023588502555
645.0   462.3081022229649
646.0   469.5814417415932
647.0   464.5514920012267
648.0   448.71757479067617
649.0   444.57907385961494
650.0   448.6695817532184
651.0   446.964241563118
652.0   454.6191494705349
653.0   444.85645365937273
654.0   448.5378347517093
655.0   444.77209512741
656.0   432.90154580511023
657.0   440.29219968367556
658.0   438.116382000528
659.0   441.8803734742581
660.0   447.3289401544773
661.0   440.9932249666124
662.0   432.6024477698403
663.0   446.0510906133453
664.0   449.49265231168687
665.0   466.9729286978494
666.0   452.04553109047447
667.0   467.95634555773404
668.0   453.4221475910234
669.0   465.06009506027556
670.0   483.19358756226916
671.0   499.3958061613143
672.0   509.2660857498143
673.0   501.0824847766759
674.0   498.9843046815002
675.0   536.92179538342
676.0   532.2873550105126
677.0   546.0183549052143
678.0   546.7212363348949
679.0   564.7246468532317
680.0   587.2758781970102
681.0   596.0722739609377
682.0   610.1768962772501
683.0   637.6870556602995
684.0   655.9883603957719
685.0   665.5354693192376
686.0   659.5092567978978
687.0   670.2778024915285
688.0   692.8234483228376
689.0   710.9395911842985
690.0   741.5047481320502
691.0   734.8463602030085
692.0   757.3815370168579
693.0   791.668646568017
694.0   785.3294365284007
695.0   783.9747239430538
696.0   793.8443649659661
697.0   779.3704519874655
698.0   812.4658287465069
699.0   820.3447240587648
700.0   835.7279264925158
701.0   809.5466444524369
702.0   834.5896638873456
703.0   819.058195740727
704.0   818.0413080782264
705.0   820.3206630359389
706.0   831.9629563810693
707.0   831.5664005024125
708.0   802.5257855638707
709.0   807.7305562441812
710.0   798.7332061008291
711.0   789.8002318611218
712.0   763.2121756547576
713.0   759.5675942681601
714.0   776.823576248615
715.0   753.0408166348348
716.0   766.1731731457165
717.0   751.8016942950518
718.0   731.2927404770534
719.0   751.3438849380203
720.0   733.416391299341
721.0   710.5406945274768
722.0   717.2749544436494
723.0   724.9159912684037
724.0   716.6985451404237
725.0   702.4867896452639
726.0   699.7214007375123
727.0   724.0108956314449
728.0   700.563087608663
729.0   709.9390537348066
730.0   684.799668297371
731.0   693.7407578569832
732.0   728.7699781095743
733.0   727.0992462693524
734.0   694.4493831874333
735.0   700.0212334654993
736.0   680.849460723823
737.0   686.2968080783675
738.0   710.2553016655684
739.0   678.355672524677
740.0   726.1558866354742
741.0   693.9087525407413
742.0   722.5196276901855
743.0   688.946572750498
744.0   729.9866208650004
745.0   697.5533072498436
746.0   703.116362792653
747.0   709.6476749777008
748.0   694.2963910961583
749.0   697.7646245478237
750.0   702.651710215162
751.0   698.6859489476428
752.0   702.861189189837
753.0   712.9470852662782
754.0   738.3007937275241
755.0   769.4924508144427
756.0   798.2441310596109
757.0   811.3549627534505
758.0   844.8246852058729
759.0   878.5270881574506
760.0   913.1668486265954
761.0   937.9940012251691
762.0   975.5604003045751
763.0   1014.8230471818106
764.0   1059.5864923535921
765.0   1074.3963551871204
766.0   1081.3919694704946
767.0   1083.3676778161193
768.0   1145.1284321832197
769.0   1132.4467636454117
770.0   1153.9779066984559
771.0   1158.030013131783
772.0   1143.4280405033817
773.0   1114.8142913728443
774.0   1132.9956416804341
775.0   1112.9301289889377
776.0   1105.3359273966257
777.0   1100.0622506890195
778.0   1096.19708522886
779.0   1068.1029654089525
780.0   1042.1959196419725
781.0   1033.5209849905455
782.0   992.6824992284178
783.0   969.5110056901226
784.0   952.033393630022
785.0   929.9202505023492
786.0   895.1761358711664
787.0   901.5213350556187
788.0   851.1511837746955
789.0   844.0169354357197
790.0   806.211062919497
791.0   788.8870971160701
792.0   783.5456692269665
793.0   753.7911350697791
794.0   715.7426276071948
795.0   693.9387194347966
796.0   665.4755676063854
797.0   688.5199729609583
798.0   641.0627628921378
799.0   599.6391920705387
800.0   599.8889889336172
