600.0   159.51274857258528
601.0   161.513436643152
602.0   156.6082185156939
603.0   159.14208835175862
604.0   160.00584482378076
605.0   154.93046194317475
606.0   154.70873964735463
607.0   166.47766888070507
608.0   156.67702297096025
609.0   148.88613734160754
610.0   148.10404263949124
611.0   153.98078902686004
612.0   156.64600830912036
613.0   155.44788731335836
614.0   149.3283961567842
615.0   145.6008822124782
616.0   150.516594418245
617.0   171.38003601381664
618.0   152.07157352878372
619.0   164.4255214813766
620.0   166.2488269285486
621.0   171.55235200024512
622.0   167.1567385921136
623.0   172.73067868949983
624.0   188.11066653158215
625.0   197.99147492849534
626.0   212.8422115788483
627.0   213.5782008395701
628.0   214.76404526094544
629.0   231.25205828670582
630.0   233.37187031735297
631.0   226.30125527199573
632.0   241.99753525172065
633.0   249.70097981924687
634.0   256.31661284947734
635.0   262.7595759465798
636.0   264.59772900687113
637.0   278.2742329145782
638.0   272.1470908777269
639.0   288.8290359670217
640.0   280.0688092201066
641.0   287.3932888841763
642.0   285.5906986199882
643.0   282.10590939337783
644.0   283.8421960761435
645.0   286.1899721597655
646.0   292.2980376373984
647.0   278.9768894527983
648.0   284.38888962581353
649.0   280.24522053012663
650.0   280.4897184024738
651.0   276.7708609982616
652.0   276.5986499707378
653.0   275.3971851565667
654.0   281.35192608688874
655.0   289.619813023241
656.0   273.13570079926023
657.0   276.78659304403595
658.0   276.30439217409105
659.0   274.9112254137038
660.0   272.30845372034764
661.0   275.73652498953186
662.0   269.9391372780116
663.0   278.89694502967603
664.0   271.84224929245266
665.0   287.79943782444724
666.0   275.03636837187156
667.0   291.188599999256
668.0   282.5027718591618
669.0   287.65643554838175
670.0   306.16112365071893
671.0   302.25644762592736
672.0   307.8954533952183
673.0   317.6030797085031
674.0   315.3671967069567
675.0   326.65900878231446
676.0   321.51871867572765
677.0   331.32759604833655
678.0   336.24180586987745
679.0   351.7142623944901
680.0   360.9346366392376
681.0   367.02805057126807
682.0   372.50392322983697
683.0   387.120490774039
684.0   388.0010467414502
685.0   397.0650414866327
686.0   403.7416103761832
687.0   411.42084016550905
688.0   432.6430046591556
689.0   434.858411050618
690.0   443.5829790825029
691.0   450.0928540751098
692.0   486.28342312321195
693.0   486.50878987263883
694.0   482.7331036594612
695.0   490.3905811997339
696.0   481.54419501892016
697.0   482.46001923047936
698.0   487.25500328843714
699.0   512.8036585811776
700.0   520.431905835589
701.0   497.173913442316
702.0   511.50601178596025
703.0   509.1055384297804
704.0   501.0981631904258
705.0   520.0506488559217
706.0   504.48937916391844
707.0   507.9611409930512
708.0   513.0474512115833
709.0   501.31108835120267
710.0   487.32147013642236
711.0   467.90962258165007
712.0   475.966314476919
713.0   465.87535554102675
714.0   482.5783870986826
715.0   466.3944945514877
716.0   464.34193217977895
717.0   463.4856839018712
718.0   458.3953781494164
719.0   474.0165425461789
720.0   455.8713956424291
721.0   442.7722279318741
722.0   457.86651046451027
723.0   448.22102408915225
724.0   456.3013119109895
725.0   450.3125766695284
726.0   423.18237734751307
727.0   444.0334180838803
728.0   435.4801587282173
729.0   440.3000880859993
730.0   413.6923974007612
731.0   434.6680652502429
732.0   445.41674271066233
733.0   450.89612412257065
734.0   437.0223022824421
735.0   453.0328584060626
736.0   426.18060072394894
737.0   425.87996521305286
738.0   429.87613738999266
739.0   424.2542881625949
740.0   438.4996460425051
741.0   432.4719477230438
742.0   435.8446399024633
743.0   431.446021399228
744.0   424.621265267867
745.0   437.9705120427206
746.0   427.51999950630835
747.0   432.44937379026555
748.0   436.13808475825635
749.0   432.789396047064
750.0   439.02097144215816
751.0   445.7183397239624
752.0   433.960229377177
753.0   449.1133778993579
754.0   455.9420487763074
755.0   483.64572102599294
756.0   475.7159247557963
757.0   499.23393354044674
758.0   547.5290502588442
759.0   534.7748408822683
760.0   560.224586469286
761.0   588.4369305454885
762.0   596.0594814960316
763.0   619.363802382938
764.0   652.8827593636979
765.0   658.8596151959587
766.0   675.098080506506
767.0   676.5901031627826
768.0   710.6634460376893
769.0   697.744617916693
770.0   714.797073934334
771.0   714.0095360782605
772.0   719.1525532659751
773.0   697.7481294599377
774.0   710.1486274604573
775.0   684.0655053280464
776.0   690.5842312014497
777.0   683.5077356060419
778.0   674.8190673006511
779.0   656.2560156312911
780.0   648.2034164988893
781.0   622.2286743738164
782.0   625.5720248581097
783.0   617.6737489225941
784.0   577.3338228239086
785.0   572.7191074458881
786.0   564.5184582157201
787.0   543.021106347187
788.0   524.0285698705893
789.0   526.7150034999739
790.0   503.0008399431917
791.0   486.61426911799526
792.0   483.6308760029187
793.0   462.27167609011417
794.0   455.8368186899859
795.0   435.5433458275261
796.0   416.3877306538668
797.0   440.70018592050104
798.0   388.13764805285723
799.0   369.1062174437835
800.0   362.83090211608317
