600.0   88.94113997427792
601.0   89.12160676646519
602.0   86.97975840231416
603.0   88.7785767638058
604.0   87.44788831554132
605.0   84.98266915289202
606.0   97.88141710543115
607.0   96.70813511796459
608.0   91.51890614931062
609.0   84.5473598948173
610.0   84.15485801703471
611.0   85.83099539231753
612.0   91.80781082841247
613.0   96.9824864437187
614.0   87.00509076543483
615.0   79.49741102262323
616.0   80.87893974262863
617.0   91.37795063132896
618.0   86.97693079817353
619.0   96.04731647898299
620.0   85.72839726418354
621.0   99.29469948283165
622.0   102.57942603845393
623.0   100.14203028821953
624.0   112.14123942962928
625.0   100.98151823994175
626.0   114.24814256707882
627.0   115.46208590746832
628.0   122.71396869174814
629.0   135.16127992170786
630.0   134.32413194864412
631.0   137.52438235970163
632.0   134.09546008372035
633.0   146.38795942793746
634.0   134.014940585503
635.0   143.96290172327457
636.0   147.89116914849598
637.0   157.87765434779075
638.0   150.13089548924162
639.0   161.64685089633565
640.0   151.9021006976469
641.0   163.1279823215622
642.0   151.29171329680648
643.0   164.20591478873686
644.0   158.39638019692154
645.0   153.88409765925076
646.0   161.15092360385103
647.0   159.33095733087885
648.0   171.9829863837158
649.0   154.49593792262885
650.0   158.21622823765563
651.0   154.14165442670665
652.0   156.24371003180258
653.0   147.04464224748423
654.0   163.45952677354094
655.0   149.20920710242848
656.0   153.18464225709332
657.0   151.79420883660217
658.0   148.56650284800375
659.0   151.1068431229021
660.0   146.83403432432894
661.0   156.50374581527788
662.0   155.3924726345268
663.0   161.64349561448472
664.0   160.4922276711937
665.0   157.1082941761091
666.0   161.97359411577355
667.0   163.09657934650633
668.0   159.6944396804078
669.0   164.4309186021927
670.0   168.63889542334408
671.0   176.01289143092475
672.0   181.14728932241223
673.0   176.42570973182637
674.0   176.85812866206237
675.0   186.3356079052576
676.0   186.77862021708034
677.0   187.53640247648386
678.0   195.71238202365336
679.0   200.98150760269178
680.0   208.87936937023585
681.0   216.45631878226644
682.0   213.0305700467328
683.0   217.2901972276285
684.0   221.96675588823857
685.0   239.18921543243536
686.0   232.4176547618893
687.0   235.24936727897548
688.0   252.08574234284944
689.0   249.45966607721624
690.0   256.9788226983236
691.0   264.5185645671975
692.0   272.7665409954982
693.0   286.4299120850249
694.0   277.12446944904946
695.0   269.32080437813033
696.0   278.7335425564496
697.0   289.7648457801375
698.0   293.53160244848016
699.0   284.34664064199376
700.0   301.0692958185648
701.0   290.77311948662214
702.0   289.14269965655006
703.0   291.9712655807333
704.0   284.9145267961272
705.0   292.4919741636839
706.0   297.75022097224655
707.0   293.8775212695731
708.0   279.87495084900365
709.0   284.2406832635386
710.0   276.6153164249333
711.0   281.8043449713955
712.0   280.9135591801366
713.0   256.14487674772187
714.0   262.0720876998119
715.0   272.6956190052398
716.0   278.01117510678137
717.0   262.9657202457999
718.0   251.38628157774988
719.0   271.3365466938185
720.0   258.0659230067231
721.0   246.6202030701742
722.0   259.4025810237424
723.0   272.0121966397909
724.0   264.58022278641636
725.0   260.89680575228203
726.0   243.12933820514326
727.0   249.00072115536273
728.0   256.24305894573143
729.0   248.90432411904732
730.0   245.66361346208208
731.0   254.64784252130622
732.0   245.57381875560412
733.0   257.23445060467805
734.0   245.62972570563352
735.0   260.70068128188166
736.0   249.0478751398783
737.0   243.7504953882018
738.0   243.10745808714586
739.0   242.04001502717122
740.0   253.46016328573242
741.0   259.607092610572
742.0   266.5870208832988
743.0   254.096507927176
744.0   258.3026040119241
745.0   256.407087901668
746.0   249.46554907265966
747.0   254.5444514675178
748.0   243.30347220159143
749.0   252.64348932999735
750.0   253.3667504492583
751.0   253.71427203205707
752.0   251.95425430544225
753.0   257.8853780301439
754.0   261.49812318052
755.0   275.2245954148497
756.0   286.9505853496928
757.0   291.0632586310775
758.0   323.38776843581763
759.0   316.3406830237856
760.0   323.1890949574981
761.0   350.82394765714446
762.0   352.6829751123949
763.0   360.8110239330489
764.0   373.70217121573563
765.0   374.92100472376245
766.0   381.8311218165991
767.0   387.95686534713
768.0   413.7910803609644
769.0   391.3147829717573
770.0   410.28706105131755
771.0   406.4318098602507
772.0   404.9324838838206
773.0   400.41162024047554
774.0   406.7761511309111
775.0   397.7271045999292
776.0   396.2871787860714
777.0   392.2365372464924
778.0   388.9929157538553
779.0   377.7935875874695
780.0   369.7620294758311
781.0   371.2774052541139
782.0   354.151157518622
783.0   347.1965905343258
784.0   349.8150860268669
785.0   325.5181190229042
786.0   314.5319563807965
787.0   320.8493315845275
788.0   296.8022534853026
789.0   302.9002571677944
790.0   285.8045625605129
791.0   279.7952884191891
792.0   289.0607988728154
793.0   266.41917314121156
794.0   255.7062087901167
795.0   242.68775836276512
796.0   242.0726579120569
797.0   260.36502837072436
798.0   229.5222112528152
799.0   224.87070639433992
800.0   210.39972688111752
