600.0   48.68570225110264
601.0   49.56018784557301
602.0   47.66542385303944
603.0   51.73697925010694
604.0   48.384560464686274
605.0   42.00747427894237
606.0   54.1927466071667
607.0   58.962556892662604
608.0   49.98559723302313
609.0   40.75059937074906
610.0   46.39978924408291
611.0   41.43439321540336
612.0   53.2129003104547
613.0   49.5477281381761
614.0   45.251018526307604
615.0   49.386692860384954
616.0   44.20035453631519
617.0   48.668054496526
618.0   49.17117851398157
619.0   43.66249739045389
620.0   52.3528184937787
621.0   57.11439244215171
622.0   45.35539336030416
623.0   52.7513237493165
624.0   56.13836586601792
625.0   60.95537691595297
626.0   72.07168894216792
627.0   61.83762547459017
628.0   59.30717081502095
629.0   71.21015614115626
630.0   74.4294197904276
631.0   62.65931982306813
632.0   62.97664043609507
633.0   78.73721123355551
634.0   68.27662822831675
635.0   76.99633888850906
636.0   76.53976080250368
637.0   82.99420301844773
638.0   80.30680363738574
639.0   79.21924454381735
640.0   89.74659453335582
641.0   88.8418367088897
642.0   82.56282164272383
643.0   83.91908302006792
644.0   86.2149330700002
645.0   82.16163623621651
646.0   80.52918258993344
647.0   82.48106244321201
648.0   90.15699413000908
649.0   83.83375959684207
650.0   86.86031749640802
651.0   80.51772380332503
652.0   76.69514602072181
653.0   81.11663998910225
654.0   79.64339435173943
655.0   84.60215822517313
656.0   79.37118838915003
657.0   73.24307250719667
658.0   82.0737481789782
659.0   81.77716641488547
660.0   77.41872784987706
661.0   81.7860293629191
662.0   81.7188053111727
663.0   78.41619580532154
664.0   78.4352607590721
665.0   86.07111821879647
666.0   73.40721329254694
667.0   82.4909079781352
668.0   80.41124628985312
669.0   86.75509152245306
670.0   90.27099413472962
671.0   92.911869671702
672.0   92.26749069161565
673.0   92.50161142560103
674.0   82.79292718742954
675.0   89.19814558855413
676.0   100.73891090510261
677.0   104.2596428799807
678.0   104.52450574255218
679.0   103.59732695135008
680.0   104.1490164111338
681.0   119.9033990753044
682.0   108.8617875680601
683.0   114.45585589359436
684.0   121.9739928407196
685.0   119.07179742999662
686.0   115.19455271488562
687.0   126.64699727995051
688.0   131.10288294540905
689.0   127.83056604159185
690.0   140.56708467013348
691.0   135.68243170941795
692.0   141.52366652281583
693.0   148.75296352605847
694.0   134.72614743373094
695.0   142.4010280292491
696.0   143.561895519935
697.0   142.88659623219422
698.0   150.78009355821658
699.0   152.81361172937338
700.0   152.10227609088332
701.0   153.07790932834814
702.0   149.7213411674673
703.0   160.9979689179755
704.0   150.42612773410877
705.0   151.63983674955705
706.0   154.27355573124527
707.0   158.38431798026386
708.0   153.42458001276688
709.0   153.86242989618646
710.0   140.15069640993593
711.0   144.50468592433137
712.0   148.39768554296307
713.0   142.18661763546095
714.0   135.083373841823
715.0   131.23346847284884
716.0   143.09885672276457
717.0   135.9110330437083
718.0   139.1573426260343
719.0   138.4297987071354
720.0   135.09508907651605
721.0   129.87221060259193
722.0   146.407516667703
723.0   137.9821413271276
724.0   136.85280313789613
725.0   131.23171977146805
726.0   128.1172083889341
727.0   131.0001891076679
728.0   129.79421849672298
729.0   137.7211562433036
730.0   130.24383652935103
731.0   128.79077833857875
732.0   139.69612771391644
733.0   131.3723765111266
734.0   129.77322274265492
735.0   138.5570245232535
736.0   130.12129759649676
737.0   129.9410323710534
738.0   128.10410088568176
739.0   128.8478393864871
740.0   131.7173998131918
741.0   143.18803038255595
742.0   141.4450713176201
743.0   131.58327868733988
744.0   137.04297567527288
745.0   140.75142444172343
746.0   129.4153809237676
747.0   140.09552629093926
748.0   138.05556826581403
749.0   136.55186202394304
750.0   132.76340490713778
751.0   124.21028211166572
752.0   125.18993919578583
753.0   126.76567471721506
754.0   140.41834019370913
755.0   143.8881936447553
756.0   151.463466916719
757.0   144.07400849982858
758.0   159.374070960797
759.0   169.84502372258547
760.0   170.58001219876886
761.0   175.59637138366801
762.0   180.4214282378461
763.0   193.57909116882715
764.0   189.6318246661919
765.0   191.57848330628013
766.0   203.5383159542795
767.0   201.98954081644055
768.0   217.67494704450638
769.0   206.17703777805764
770.0   213.69382806545852
771.0   216.93792663266
772.0   208.77527850097522
773.0   200.83197709485523
774.0   199.3751354837793
775.0   203.3184304129378
776.0   199.0262961048259
777.0   198.0193401208972
778.0   203.07522268202752
779.0   201.24401923931214
780.0   185.33894516630684
781.0   190.40010679054987
782.0   182.94331688236974
783.0   181.74598751138802
784.0   171.57234974042322
785.0   169.92078887294298
786.0   168.68461902125958
787.0   164.88145494884625
788.0   152.8030087143955
789.0   156.30307124753315
790.0   150.16436495939683
791.0   143.5302754356593
792.0   153.9695863193163
793.0   140.4016579152751
794.0   134.63259549918308
795.0   136.9980572446848
796.0   120.59438401735889
797.0   132.69461042384881
798.0   124.3453829064413
799.0   113.11764565953914
800.0   114.41322123749799
