600.0   36.69931532817483
601.0   29.34555151037239
602.0   25.229265127091764
603.0   33.73576369050184
604.0   28.909005325847033
605.0   25.958770221003334
606.0   31.641090493619828
607.0   34.65354092729859
608.0   22.506697084313544
609.0   28.948592864131342
610.0   27.85447253020226
611.0   27.600706528660112
612.0   37.221033045778086
613.0   36.86133313329137
614.0   27.64388171174889
615.0   22.65911381783664
616.0   28.821049577640423
617.0   28.582547800361738
618.0   31.681257783646572
619.0   26.111267782473703
620.0   23.76567725094813
621.0   33.98191624552274
622.0   29.856113317638915
623.0   23.571676828214606
624.0   27.89932494759978
625.0   29.931817563114862
626.0   32.92946461812639
627.0   39.57101162321487
628.0   31.291501840112772
629.0   35.81905051303727
630.0   32.8927396170769
631.0   38.240670703767876
632.0   33.890049520870065
633.0   38.210674422476785
634.0   39.79751570285492
635.0   34.823031380895316
636.0   40.92555714465422
637.0   46.25744876744403
638.0   43.316472343365405
639.0   54.49723598526333
640.0   46.715727313007534
641.0   40.806207845888565
642.0   46.42826947479756
643.0   42.31288296906425
644.0   44.37327923509113
645.0   48.1803135244495
646.0   47.479910589482785
647.0   43.91133691868342
648.0   48.88708519335458
649.0   39.35985150429636
650.0   46.63370554679952
651.0   37.70591764968191
652.0   42.52531901015951
653.0   41.51226593937835
654.0   46.43821288080042
655.0   40.38558199896019
656.0   43.38458928119863
657.0   41.762107249735294
658.0   46.61458389510071
659.0   45.31329906596332
660.0   40.450522164588676
661.0   46.0476428201934
662.0   38.8915661507848
663.0   40.05248582810674
664.0   39.70043842954186
665.0   41.594790711628775
666.0   38.17443578878394
667.0   45.119967502175484
668.0   36.49854515637847
669.0   47.89212275471567
670.0   46.30033431996554
671.0   44.60853938408104
672.0   49.40406328357511
673.0   52.580580501774165
674.0   43.39085829612844
675.0   52.0892790641457
676.0   43.62826040863939
677.0   47.8927774757604
678.0   49.349183883609726
679.0   50.279458656438266
680.0   50.926629786619685
681.0   61.20409358235878
682.0   57.80409517355386
683.0   61.80947200034743
684.0   58.98999302144108
685.0   64.06982391384949
686.0   57.25003595606972
687.0   61.82265213468341
688.0   64.62300129857212
689.0   64.22690854955852
690.0   68.3036952614917
691.0   69.35794638391994
692.0   67.27192048202383
693.0   71.85032591130886
694.0   69.44804188004258
695.0   69.85226197644735
696.0   66.73537680485802
697.0   75.20361735837616
698.0   73.2950271634227
699.0   72.4399891345989
700.0   75.80780273737412
701.0   68.32132142170741
702.0   73.6101926231454
703.0   76.0067564113979
704.0   69.58389605778598
705.0   67.94336736171334
706.0   75.14391213483094
707.0   72.41742185754504
708.0   66.25029168898917
709.0   64.16491318690558
710.0   65.3286200466097
711.0   68.34966919843757
712.0   73.69858277765513
713.0   61.87949294413437
714.0   61.31178744178294
715.0   63.2207998575486
716.0   61.0423901837419
717.0   60.97835836539713
718.0   61.0764392108791
719.0   67.53761822324961
720.0   71.81948172322888
721.0   57.95839558051145
722.0   65.54715441054006
723.0   68.05709010473598
724.0   61.57307666474256
725.0   62.25121192865683
726.0   68.11165418051644
727.0   66.99876737598782
728.0   63.57214346175414
729.0   61.84482720881164
730.0   58.03244258827593
731.0   65.58458001677118
732.0   68.39791876207971
733.0   56.61856545941171
734.0   58.1012169795556
735.0   68.58255061971462
736.0   55.008583972865154
737.0   62.79110860327549
738.0   64.38807547151151
739.0   53.98775295534702
740.0   57.649556241454576
741.0   66.23922203229205
742.0   61.3408050711179
743.0   56.0421324128792
744.0   61.23525171260724
745.0   61.09164469853877
746.0   62.081039044698315
747.0   62.94280027873438
748.0   60.56023810290543
749.0   57.686815645710624
750.0   65.2755153306527
751.0   66.99294369446369
752.0   59.90533853532389
753.0   58.22854219151196
754.0   65.06399317286417
755.0   74.31965237194186
756.0   69.85377724634063
757.0   68.78006260574816
758.0   71.36384194401845
759.0   70.05572586843599
760.0   82.79582214793888
761.0   89.67970281114233
762.0   82.54705270598919
763.0   87.99967636768517
764.0   90.65598634923941
765.0   89.09793794789789
766.0   92.39465905961688
767.0   89.0755996182713
768.0   93.75328750247684
769.0   97.13591066247557
770.0   95.98100392861286
771.0   95.99300646771613
772.0   94.45467074912716
773.0   87.8960009320931
774.0   85.63745825553369
775.0   96.7881364687567
776.0   91.27257540420717
777.0   96.65671477178773
778.0   86.40553981016427
779.0   88.92880486370007
780.0   86.09472696384157
781.0   84.67994328713374
782.0   93.10083052184729
783.0   73.27737727597935
784.0   76.06920078352007
785.0   78.97061323402659
786.0   71.13900422344429
787.0   79.0718523342621
788.0   62.197437139619126
789.0   74.89117933711546
790.0   62.31634221500087
791.0   72.08723629508256
792.0   76.68511791973759
793.0   67.83060570927154
794.0   66.41822806092739
795.0   55.589504443402774
796.0   52.30579063444202
797.0   58.17357786909653
798.0   54.98987256293685
799.0   54.925281224620704
800.0   47.648033499193815
