600.0   46.15023895718227
601.0   35.42561023494437
602.0   28.059467093314055
603.0   38.69757238554857
604.0   30.2060483440938
605.0   36.07102219350173
606.0   41.88463602959101
607.0   41.44802135126622
608.0   37.5678481015178
609.0   22.956528218602358
610.0   30.20364111902697
611.0   33.22046859999847
612.0   34.231472622647374
613.0   38.766464973158406
614.0   38.15808286548517
615.0   27.430118909919656
616.0   27.90001890426248
617.0   34.645440524479966
618.0   41.66911502388834
619.0   28.297414770091308
620.0   28.578564517962775
621.0   33.55423823262905
622.0   34.504368766177436
623.0   30.88446332496264
624.0   33.4905600806849
625.0   39.92479452154885
626.0   41.19014471294179
627.0   33.93984886950639
628.0   35.75042849939763
629.0   48.51581163908449
630.0   38.6454353126218
631.0   35.35759106718709
632.0   34.41910891006489
633.0   39.865632274035676
634.0   37.13878335528423
635.0   38.67279925684855
636.0   47.054957596381485
637.0   43.34908376615036
638.0   44.12241960389463
639.0   49.449157833135786
640.0   46.18206894648776
641.0   45.787399076847606
642.0   48.78000920902363
643.0   49.445540372715755
644.0   45.544865024054445
645.0   46.00679393636693
646.0   49.4610444502934
647.0   41.99640839248619
648.0   50.44537111689269
649.0   40.41260436238554
650.0   42.521148080941316
651.0   31.609250176726107
652.0   44.177020114428046
653.0   42.871455236521314
654.0   42.636496269274886
655.0   41.60350256266736
656.0   43.763563716244505
657.0   42.333823363619416
658.0   44.811628613562334
659.0   40.735182346233444
660.0   42.81147003220923
661.0   37.12862570894268
662.0   43.96575125059951
663.0   44.95117323699429
664.0   35.39238874402011
665.0   38.96426557908708
666.0   31.95608907707455
667.0   47.163339940271584
668.0   34.782240826311636
669.0   37.78509420944491
670.0   41.51214898917874
671.0   44.043153987409084
672.0   41.087199762847774
673.0   40.63595906990304
674.0   41.18481424583905
675.0   41.95568046064298
676.0   46.028756267253385
677.0   44.19483581524969
678.0   46.155524820722036
679.0   47.99138135645103
680.0   46.68802875038202
681.0   49.697605435298186
682.0   52.72204863918256
683.0   41.39128062433153
684.0   43.972079169333796
685.0   54.133634928098814
686.0   45.26466182576175
687.0   50.15074943202643
688.0   49.45623378447212
689.0   52.93680207461216
690.0   49.893545541690315
691.0   54.218702995127785
692.0   56.397240296077314
693.0   59.68007118388721
694.0   52.72586413406637
695.0   55.17283296722533
696.0   56.737791674123855
697.0   65.0584440567277
698.0   62.04704105569883
699.0   62.47896833255757
700.0   59.786326410246346
701.0   65.88509451595905
702.0   55.34109229119679
703.0   55.99805874424874
704.0   45.50275288612477
705.0   66.36962019066061
706.0   55.54914735012861
707.0   60.20997098190355
708.0   61.66007448813869
709.0   53.552462240433556
710.0   53.60272843429132
711.0   49.723375726285724
712.0   51.72851439659945
713.0   48.801636489184034
714.0   57.50742204059759
715.0   50.46191014215111
716.0   48.74545119265903
717.0   47.0645481140304
718.0   47.63126444658829
719.0   59.44324597759879
720.0   51.22469202450009
721.0   42.967779872475745
722.0   52.92141588753515
723.0   48.484422778420196
724.0   45.05259100301009
725.0   47.07017587519675
726.0   46.304434883522106
727.0   58.00001104278141
728.0   48.57582175490313
729.0   54.22827023536067
730.0   49.76185117027762
731.0   47.338913142822406
732.0   46.3397822343357
733.0   51.2281240661988
734.0   37.05520532956646
735.0   43.457220009271
736.0   47.09501167444927
737.0   49.5092057106244
738.0   44.57708489491847
739.0   39.02574810336796
740.0   47.378114341568164
741.0   51.341930952474144
742.0   47.393800987877114
743.0   40.783087225708385
744.0   42.03775128638401
745.0   49.80927051373169
746.0   47.76569496217559
747.0   49.55936849630393
748.0   45.83648974928954
749.0   44.02888943020213
750.0   45.235667677140015
751.0   46.53257642010084
752.0   47.88065663394994
753.0   46.46682851276208
754.0   44.564411781360775
755.0   53.382707077498736
756.0   54.92357757181961
757.0   45.26411966339674
758.0   56.362366534383284
759.0   56.58278788512973
760.0   60.61374405608652
761.0   59.31956234174271
762.0   55.39422449335481
763.0   66.02977109045426
764.0   61.53541231139553
765.0   56.958969995803784
766.0   66.11805551628666
767.0   63.143844126008474
768.0   67.44141549204039
769.0   64.50930243833068
770.0   69.8082608599453
771.0   68.94656276497014
772.0   59.233789399763054
773.0   60.255482574149994
774.0   58.58579394258609
775.0   55.38358415856791
776.0   63.3583905355047
777.0   60.61544676900945
778.0   59.762299718540675
779.0   66.15075599789054
780.0   65.81421985852867
781.0   60.52089631766725
782.0   52.8287410660223
783.0   46.43964150263466
784.0   49.60742772329135
785.0   53.68781564633235
786.0   48.08864568950247
787.0   57.608937032036096
788.0   44.24100062780951
789.0   51.201862646587614
790.0   43.75145172001166
791.0   53.323023265244586
792.0   60.85565220571911
793.0   39.00883431232876
794.0   36.61302767102168
795.0   36.69202467922628
796.0   30.96460637054176
797.0   46.301038871066055
798.0   40.79665531079621
799.0   39.38051061180607
800.0   40.4325063815989
