600.0   72.64368581432251
601.0   60.59140558708364
602.0   55.48046958403137
603.0   64.4946879301271
604.0   56.96753674008221
605.0   56.01128498365367
606.0   72.43658447379525
607.0   64.70257644887602
608.0   60.57387438275231
609.0   48.61923477988552
610.0   53.97138648259158
611.0   54.96443949550914
612.0   58.649772673995216
613.0   60.76586641064702
614.0   57.05503799819485
615.0   52.23613286224435
616.0   51.16367878720152
617.0   58.17612425134095
618.0   55.54658867857066
619.0   44.72076052822729
620.0   51.73219743407577
621.0   56.64982849905928
622.0   54.937196036244785
623.0   53.34500303626555
624.0   58.971448585053935
625.0   55.9721136979031
626.0   67.18344182853102
627.0   64.5173631516042
628.0   65.88997991379878
629.0   67.25333231903497
630.0   71.11402221606468
631.0   67.57956888299617
632.0   65.72146780653156
633.0   68.19048702190543
634.0   78.93932704184098
635.0   67.63648592223842
636.0   76.59872164084743
637.0   82.27861788928678
638.0   74.8686600512834
639.0   83.76740769776188
640.0   85.99299223319773
641.0   73.81527598021799
642.0   78.89196463103738
643.0   73.47779539933637
644.0   67.07735074666294
645.0   71.992290696167
646.0   71.61901003340847
647.0   69.7312522567031
648.0   78.55804967134225
649.0   71.4568812038645
650.0   71.78595921025953
651.0   66.85710495732494
652.0   72.90193119741369
653.0   71.78978223985857
654.0   72.67493417651329
655.0   59.523708014885386
656.0   70.4884351974957
657.0   70.63180717494927
658.0   68.60080648329958
659.0   72.32563271647359
660.0   66.50863305746603
661.0   66.45308679648346
662.0   63.00359484495746
663.0   63.68739131570129
664.0   63.157936058612506
665.0   57.96878469241369
666.0   67.99984398290911
667.0   67.91606001256147
668.0   67.89962150126763
669.0   66.03912639822877
670.0   73.60647671311347
671.0   71.92504826870038
672.0   67.39577886414384
673.0   68.40562872500146
674.0   67.55204009537829
675.0   69.6679490999488
676.0   65.88034163789433
677.0   73.07733135725229
678.0   74.09207891337078
679.0   78.65675534930236
680.0   72.62025039503527
681.0   83.98772851459088
682.0   74.60655047682309
683.0   71.97011952982629
684.0   89.99106726465172
685.0   83.96262196644207
686.0   84.19079913613592
687.0   84.93347390812417
688.0   90.08817672069856
689.0   83.71460252744487
690.0   90.41738254659859
691.0   89.90421724902947
692.0   99.93184272586845
693.0   89.5376929793203
694.0   95.58161762044818
695.0   98.70516833695794
696.0   95.4940855703492
697.0   92.62368036434862
698.0   93.73348833090373
699.0   97.09147666859874
700.0   94.8335400346408
701.0   91.25079702653875
702.0   94.40683576446418
703.0   94.0560385937795
704.0   95.88151227861863
705.0   85.07725867733217
706.0   96.1435624193038
707.0   98.49349006644542
708.0   88.71800684848083
709.0   89.3484751989159
710.0   84.58644265773492
711.0   91.37521717911895
712.0   87.4936413244007
713.0   81.54520642353748
714.0   82.8457009027237
715.0   80.96434258654958
716.0   91.07960685662587
717.0   82.76731619375687
718.0   77.19043642509135
719.0   79.73089271636755
720.0   76.62470788035557
721.0   76.25757853968352
722.0   72.36033575466647
723.0   74.8578110510716
724.0   78.76429705228028
725.0   73.53898896497398
726.0   72.60042270811704
727.0   76.99586891018322
728.0   69.0507407541943
729.0   75.52929480211014
730.0   69.83929361938124
731.0   70.0758919653824
732.0   71.96145401232707
733.0   68.75434605369188
734.0   64.1197503701768
735.0   72.5626439662947
736.0   68.19746390332361
737.0   67.89899195418886
738.0   69.76961279959005
739.0   65.3771177514578
740.0   69.85127792216119
741.0   64.78919633639057
742.0   70.4289711817388
743.0   62.284671088190635
744.0   67.40513292925209
745.0   59.56627457756355
746.0   65.76021831679111
747.0   63.4093480788184
748.0   67.61391545279452
749.0   64.71505282534218
750.0   67.464505802551
751.0   62.799808232787086
752.0   65.773726202136
753.0   62.4189343001745
754.0   59.02364400667318
755.0   70.63567853894335
756.0   76.21492730489413
757.0   73.98684608644177
758.0   81.33951535609927
759.0   76.36669956702107
760.0   89.66759503180194
761.0   91.01524140881335
762.0   87.76729525726319
763.0   91.6588521864305
764.0   95.09291818302466
765.0   79.80062811976006
766.0   95.78062682215906
767.0   93.45837525868657
768.0   101.65012156596003
769.0   95.68350720902254
770.0   109.593728089483
771.0   94.78383082573103
772.0   95.24506972863782
773.0   92.1172871703551
774.0   87.70074306733542
775.0   95.5858006435318
776.0   101.39368322828219
777.0   93.00347920309162
778.0   97.71435099776846
779.0   87.3951691011116
780.0   79.63022863999115
781.0   92.55867660884118
782.0   85.2754385057442
783.0   80.25637596838897
784.0   79.57071846078006
785.0   77.92266293367618
786.0   75.84613643406138
787.0   75.76740050499646
788.0   67.21536124994435
789.0   72.16761629547901
790.0   65.47510829345947
791.0   72.2699121658938
792.0   76.62659524130106
793.0   69.12629540672827
794.0   61.615379609760794
795.0   63.94903543425721
796.0   59.97964301066577
797.0   58.12268450679156
798.0   53.961005045181054
799.0   53.81423769288756
800.0   54.412617956315984
