600.0   103.9705789861851
601.0   100.87064190740924
602.0   102.04790976622846
603.0   112.04366931421049
604.0   95.504207976565
605.0   100.99325060748691
606.0   107.41216905316853
607.0   108.59364046343953
608.0   95.73416107023525
609.0   84.43349083688605
610.0   87.06555706904845
611.0   89.34514093305606
612.0   102.15697181586745
613.0   92.3830063809176
614.0   92.62316778019243
615.0   89.50909115934513
616.0   90.10673457149323
617.0   98.45632230358788
618.0   93.46809684070578
619.0   87.18321869934945
620.0   88.84463604769766
621.0   96.63456492485918
622.0   96.96259997571767
623.0   92.7335867831959
624.0   108.62931789397115
625.0   103.0408287591365
626.0   108.07398085185159
627.0   110.37287609590962
628.0   109.5803797429597
629.0   112.67194264008285
630.0   122.92619782321671
631.0   116.95205441778404
632.0   109.38835228774474
633.0   125.21944457498904
634.0   130.66340765065016
635.0   122.11947303660764
636.0   133.62875502639724
637.0   137.8653213400323
638.0   128.40268196134704
639.0   143.4487567078636
640.0   139.8040494735162
641.0   141.41658336999606
642.0   133.998536484048
643.0   135.05389056912983
644.0   128.65396561622185
645.0   138.4979907339448
646.0   139.64220137716512
647.0   129.9407991261399
648.0   133.73466590462618
649.0   125.17839162933967
650.0   126.49789700167315
651.0   118.30320312445653
652.0   130.26908393512983
653.0   121.64701832368061
654.0   123.18215100964974
655.0   124.45040417558556
656.0   117.54690855152094
657.0   118.33682775042487
658.0   114.80145712421498
659.0   122.60799913492554
660.0   112.89098677721134
661.0   121.3657746977299
662.0   115.57278311526002
663.0   117.6321201088005
664.0   112.06926250135382
665.0   111.09925032833081
666.0   111.99429438420293
667.0   121.87648803676993
668.0   110.952045398206
669.0   122.80227444946908
670.0   123.48600681934255
671.0   128.96218632075585
672.0   120.7977287353961
673.0   126.66718019394943
674.0   115.93394060766212
675.0   116.93730546413238
676.0   127.34457992608401
677.0   128.6178204640207
678.0   134.57839147310713
679.0   144.1690273414035
680.0   133.69924875273347
681.0   144.57525103617846
682.0   134.16583103047498
683.0   142.96074331114616
684.0   147.96497062105155
685.0   143.6234339619032
686.0   152.38805867187313
687.0   160.54843256468442
688.0   151.74183626435965
689.0   164.92360427432504
690.0   159.5856979786541
691.0   165.9307109242674
692.0   168.3334323407844
693.0   173.58782717363238
694.0   161.51069317450867
695.0   171.9411325039794
696.0   168.292982880972
697.0   170.2174805598142
698.0   176.0170705851676
699.0   179.4798056256067
700.0   171.88193947739904
701.0   168.89026300586266
702.0   169.03812566662936
703.0   164.99610905203141
704.0   172.99903268275335
705.0   180.810974414606
706.0   174.96340826452268
707.0   174.4570752905056
708.0   160.3632803068676
709.0   165.99622354069223
710.0   151.41978430332844
711.0   159.13502567960032
712.0   159.0475802423676
713.0   150.40104649392157
714.0   151.59951350924973
715.0   133.28678504702728
716.0   139.12371607518614
717.0   143.10469417408927
718.0   137.63028671515568
719.0   142.23057594287266
720.0   151.3361674837343
721.0   138.30978847591413
722.0   142.77310212994834
723.0   137.83856048508804
724.0   134.416093497962
725.0   121.37876152697649
726.0   127.37003562542628
727.0   141.00926749187363
728.0   133.41120879482418
729.0   142.83661267568863
730.0   129.4117724455075
731.0   128.29951328307536
732.0   128.5896843474709
733.0   135.27258447341384
734.0   132.4241801691008
735.0   135.14168021321947
736.0   121.0929580652028
737.0   120.96649662489918
738.0   113.95281917536477
739.0   131.6980695435956
740.0   128.12083568742688
741.0   130.48355500185636
742.0   127.26782440459135
743.0   119.52299016205313
744.0   123.03665127227362
745.0   118.82376195538939
746.0   121.52881835779806
747.0   115.70955611892649
748.0   119.20618980198964
749.0   119.71019654382536
750.0   116.83126876917436
751.0   116.24560008409566
752.0   118.92077341230646
753.0   120.87161563517702
754.0   133.07452642554614
755.0   141.81432430659697
756.0   137.87950298043845
757.0   140.17788691020795
758.0   152.40968825184459
759.0   155.86668848506488
760.0   166.05325216153088
761.0   171.21759448390023
762.0   162.5306678343078
763.0   180.15580691705892
764.0   181.75169548815643
765.0   169.67543576236886
766.0   180.36803898780104
767.0   188.97196886972463
768.0   186.4988988511518
769.0   187.0610608697188
770.0   193.44802450789385
771.0   185.25170936031313
772.0   180.1749167948076
773.0   175.44244736934746
774.0   184.27924583649943
775.0   178.92767146575068
776.0   181.31476195259742
777.0   175.20337406457134
778.0   179.10025643703364
779.0   181.0915591365984
780.0   171.8424428721958
781.0   161.99031560725305
782.0   156.17600098957456
783.0   165.1102694368666
784.0   159.49609317754224
785.0   147.68672209831522
786.0   137.42905536861807
787.0   138.7691266852398
788.0   138.86572961538639
789.0   139.31887067218955
790.0   138.10794431297063
791.0   143.61633144412144
792.0   135.67254637120288
793.0   123.2434306096668
794.0   121.93053443106504
795.0   117.44845002287417
796.0   111.34529231547276
797.0   124.46250376599767
798.0   106.81924846013115
799.0   109.00510530325951
800.0   100.8535676692014
