600.0   160.66678593496107
601.0   162.79746258863233
602.0   148.23238016449315
603.0   160.77721066863762
604.0   146.04005518823863
605.0   149.9588902871485
606.0   155.36638856098008
607.0   148.62010532124592
608.0   144.7416559667846
609.0   129.64649751061364
610.0   149.334065696795
611.0   139.73621431766944
612.0   149.06953714751944
613.0   141.88262331160524
614.0   137.83878748160794
615.0   132.72890627529944
616.0   136.1393076061433
617.0   142.3826763160952
618.0   139.33895893506278
619.0   135.63707533745216
620.0   144.29274721335523
621.0   149.89084649606812
622.0   150.46142408356818
623.0   142.0318634742771
624.0   159.89206678071875
625.0   158.95630776299276
626.0   171.23038149002858
627.0   175.3465910748433
628.0   166.61338187065562
629.0   186.33814337016307
630.0   184.82501251358232
631.0   190.32789772188943
632.0   188.71147450827806
633.0   190.20694474111855
634.0   204.60231881215375
635.0   206.67112831304286
636.0   211.47702909458036
637.0   216.48795934425564
638.0   216.36336996442927
639.0   218.965494694207
640.0   218.8535867495044
641.0   216.25937635952207
642.0   216.77428358801043
643.0   215.15285437184534
644.0   214.9685632934187
645.0   213.51874930441107
646.0   217.4282666245665
647.0   214.12126154689912
648.0   216.1433569424239
649.0   205.10726611984478
650.0   200.2430863455171
651.0   190.75994329212406
652.0   198.07824295369292
653.0   184.54206316382786
654.0   197.17223073728067
655.0   196.75117710427287
656.0   191.20383130995285
657.0   187.5802365479561
658.0   197.78606061053452
659.0   188.12573570787282
660.0   188.98651590871614
661.0   177.15461075440336
662.0   188.38632382415577
663.0   189.30266459426417
664.0   185.270986164019
665.0   194.71291568545746
666.0   181.44874533851385
667.0   188.81830205331298
668.0   180.42690020991807
669.0   178.3707259555072
670.0   192.14015402365243
671.0   198.00829171048662
672.0   201.19023777606157
673.0   192.73462444739386
674.0   191.90565525965718
675.0   205.78169514048463
676.0   203.0175024677593
677.0   206.59262184588798
678.0   208.8109973536136
679.0   211.8503780586639
680.0   217.27783743668152
681.0   228.65376633891069
682.0   230.40815546766106
683.0   240.13032019164993
684.0   232.98504728392479
685.0   241.00562343010048
686.0   238.43811682575273
687.0   241.7089554198122
688.0   255.34112813382924
689.0   262.37547320603915
690.0   269.40863840430586
691.0   270.6017523419565
692.0   281.6085091169307
693.0   282.45884854241643
694.0   268.48069237038993
695.0   279.12026993737163
696.0   273.96524650757385
697.0   279.5755424052892
698.0   285.56087771223054
699.0   292.16895152060636
700.0   287.4400960177444
701.0   283.5105864621199
702.0   288.211079638207
703.0   284.02473722774266
704.0   269.48978356461754
705.0   276.995747193212
706.0   280.3246011543246
707.0   280.0578530539352
708.0   262.51886954779013
709.0   266.2484989826944
710.0   264.1494515662773
711.0   257.479634217765
712.0   268.9511438082018
713.0   252.09910279392267
714.0   251.50266384800437
715.0   241.75557938267852
716.0   245.64045048969362
717.0   246.45499950130812
718.0   241.66104604934262
719.0   236.2851232150609
720.0   238.99409594176387
721.0   229.40206101340559
722.0   231.60949630197533
723.0   236.01228366168291
724.0   230.36525380869475
725.0   227.82883392915866
726.0   226.17953725595464
727.0   221.01726264499126
728.0   221.13601198265889
729.0   218.8052217117597
730.0   214.07391723551854
731.0   216.41798418202754
732.0   223.92600602155466
733.0   220.21369901437654
734.0   214.25242034246173
735.0   220.41332366179867
736.0   206.96400063080173
737.0   207.1247680087325
738.0   211.48562068237095
739.0   204.37486437635047
740.0   218.53080959107197
741.0   217.0432524341706
742.0   221.74154651954984
743.0   197.84915026388813
744.0   199.9676923412249
745.0   199.92252186896036
746.0   208.8975874810609
747.0   196.8620796108249
748.0   200.32200060685375
749.0   203.67727664428037
750.0   201.23258031949194
751.0   200.92857475293437
752.0   203.1694543801106
753.0   211.69331197281588
754.0   220.1830640939748
755.0   234.51756826062308
756.0   237.86472737922227
757.0   245.08451621142618
758.0   251.28748119035006
759.0   268.34498024873346
760.0   267.6202480072807
761.0   278.434452695329
762.0   279.8333675034892
763.0   304.8801377020892
764.0   310.6481669703126
765.0   308.87820471404433
766.0   309.63923144734304
767.0   309.222789178172
768.0   324.76271214598654
769.0   323.9299642649243
770.0   324.94928000769994
771.0   333.70207761000927
772.0   325.23550521408606
773.0   310.93701955513865
774.0   314.41342067494566
775.0   308.25331391131647
776.0   317.62715480894167
777.0   314.89692729866124
778.0   306.495275171238
779.0   304.15181162968406
780.0   300.6860761278199
781.0   298.39884807482986
782.0   282.1848805155965
783.0   279.782206282954
784.0   271.20936924453576
785.0   268.77962694905324
786.0   262.6552710699717
787.0   252.47586834697822
788.0   241.58254899933985
789.0   243.34481663424387
790.0   229.60850669389112
791.0   230.6764907728557
792.0   232.86167084796477
793.0   216.05543775516998
794.0   204.09090118272928
795.0   201.11375014898732
796.0   188.04506031097986
797.0   205.759471143403
798.0   181.24094101381084
799.0   179.71819616399566
800.0   180.3407836806676
