600.0   240.8939288698764
601.0   223.35767949142613
602.0   219.14963278308917
603.0   232.89562127229487
604.0   219.36404915464112
605.0   230.03601430849238
606.0   223.1790156641985
607.0   234.30992568227018
608.0   224.57498426048977
609.0   212.1609764084239
610.0   213.61186307212125
611.0   210.26527653899157
612.0   212.3557219711077
613.0   205.94703755506686
614.0   192.99239965923363
615.0   200.7121806014618
616.0   193.30811523227163
617.0   212.87176587340466
618.0   196.52675762815127
619.0   200.35261195321718
620.0   198.99654638227346
621.0   220.791621100117
622.0   218.19868780380827
623.0   230.59518571542333
624.0   229.56283113850597
625.0   229.02891274321672
626.0   239.921622260578
627.0   251.37011703883988
628.0   256.68397647910695
629.0   279.9640434774492
630.0   278.22260571519985
631.0   270.3162541783574
632.0   282.5967673661813
633.0   290.31845621887413
634.0   294.09731881143693
635.0   301.69449224407555
636.0   315.4151449771169
637.0   308.7158004105805
638.0   305.25682799182005
639.0   314.29866283370404
640.0   319.08831287923783
641.0   318.8924211953365
642.0   321.67827211424753
643.0   324.24592824548404
644.0   307.76072738049953
645.0   306.66412918547485
646.0   314.15994239248676
647.0   302.5101271951052
648.0   307.7900618934377
649.0   300.23152221678384
650.0   306.88644250876723
651.0   291.25008271147203
652.0   296.55207217169107
653.0   288.81562411590653
654.0   294.2480109535177
655.0   286.46094720404244
656.0   275.96228854660876
657.0   272.74431283235333
658.0   275.0494454283695
659.0   280.67853845489947
660.0   275.71678688821237
661.0   272.1009278242924
662.0   276.75897240276186
663.0   280.9792558124431
664.0   277.4593897587648
665.0   288.60155136955996
666.0   273.9428172589751
667.0   285.28134243797626
668.0   283.1222392798514
669.0   277.2049644902917
670.0   295.01235852076894
671.0   297.0769812501576
672.0   304.7658927493726
673.0   289.3195752986023
674.0   298.06468739920615
675.0   310.94298215304946
676.0   304.192072846348
677.0   312.83377513464575
678.0   317.8500866643725
679.0   340.0849597392872
680.0   334.86826669151196
681.0   336.0380022586312
682.0   343.7867659294304
683.0   361.59624681951857
684.0   345.9740741272162
685.0   371.3413071204385
686.0   366.20372207419314
687.0   380.06179373302575
688.0   377.29135910564435
689.0   399.10971818080725
690.0   394.26106009944306
691.0   404.90758589137783
692.0   415.2931802299877
693.0   426.32352057765416
694.0   416.2466064707154
695.0   433.52970847679137
696.0   425.72984065986043
697.0   419.53693135503977
698.0   434.3190633982348
699.0   442.298528035558
700.0   437.91442673705296
701.0   425.69958711365746
702.0   444.48992104181593
703.0   429.02652622310006
704.0   425.7803359983427
705.0   418.4739960138359
706.0   425.5723884310095
707.0   433.50102011545204
708.0   421.3772176257512
709.0   415.7179601074678
710.0   401.3669686815383
711.0   391.4531300966743
712.0   403.95011296246264
713.0   386.164729073939
714.0   389.64343253299774
715.0   379.0022228855786
716.0   380.18232184212195
717.0   371.9697183972918
718.0   373.0154547099961
719.0   369.0463492411003
720.0   349.72171383818625
721.0   355.81715222953505
722.0   358.57666213723917
723.0   358.3409111037246
724.0   354.32733531424776
725.0   352.1856547638025
726.0   336.64652750343845
727.0   350.00668980056275
728.0   342.8327466414294
729.0   332.78552813853094
730.0   329.98884844835453
731.0   334.14245156893196
732.0   341.7458662157917
733.0   332.6477511593738
734.0   329.6333211109723
735.0   326.585434544314
736.0   330.87785289469514
737.0   312.5472979095226
738.0   324.49196975104417
739.0   317.3384509995974
740.0   329.2542569606227
741.0   322.1357814583408
742.0   320.32361064010865
743.0   316.4981568682556
744.0   318.0142968597381
745.0   313.0524968131801
746.0   305.2857080060367
747.0   314.9612352672773
748.0   314.83206991901426
749.0   302.7327110925945
750.0   313.01963433323164
751.0   307.67865682379124
752.0   328.8050369491405
753.0   333.4693309917987
754.0   346.327658119239
755.0   351.69229565819916
756.0   364.531634627936
757.0   381.30270737473097
758.0   390.0205189378863
759.0   408.7355037424304
760.0   408.43913063618425
761.0   434.5248626591889
762.0   435.34731944680624
763.0   457.9675698225275
764.0   472.67527238698943
765.0   477.88788105686325
766.0   494.60247260073913
767.0   485.4485782670989
768.0   518.2783333159905
769.0   500.26347528611456
770.0   514.9580391029201
771.0   528.2732409226243
772.0   514.5208707682559
773.0   502.0195574641256
774.0   494.96686404276375
775.0   479.0476311334257
776.0   494.8030415896134
777.0   498.94625163512103
778.0   495.90780892753867
779.0   480.9746834016739
780.0   462.0069480218119
781.0   450.2025024567753
782.0   446.0206378233806
783.0   425.75163855209024
784.0   428.87590007841266
785.0   412.7016687826707
786.0   400.1595482219882
787.0   399.60378244557353
788.0   378.1085174382038
789.0   376.87038747795054
790.0   355.4994884282914
791.0   358.5667659877399
792.0   353.2336013019016
793.0   349.46900037550984
794.0   329.41493564974735
795.0   320.537833276147
796.0   301.8965586935323
797.0   326.63100198530395
798.0   289.24032909282516
799.0   277.700978144429
800.0   282.2622534074402
