600.0   319.13190899643473
601.0   300.53827689820537
602.0   294.70229380025376
603.0   312.0469370249437
604.0   286.04693046686486
605.0   277.85969300303503
606.0   292.91903843097464
607.0   294.98486397295346
608.0   295.61118032357973
609.0   271.200218481457
610.0   272.3599063401045
611.0   276.60144191054815
612.0   283.5140517574445
613.0   274.2477556262635
614.0   256.3762743597622
615.0   267.8407338648729
616.0   272.21841720442563
617.0   276.9534417173369
618.0   264.6643077752211
619.0   279.5382968306358
620.0   274.37784935002605
621.0   293.7080465142318
622.0   285.7601948663173
623.0   298.8324680471124
624.0   310.0901478955934
625.0   316.97492252711066
626.0   333.20992405653
627.0   336.75503456074614
628.0   353.15774595542223
629.0   362.5798194136912
630.0   356.24099078872973
631.0   381.83050549287594
632.0   385.33686259667877
633.0   388.53377904495136
634.0   396.76507719609583
635.0   410.2959601015592
636.0   413.3563446164837
637.0   410.05792102685075
638.0   409.0732586696424
639.0   437.00146778162735
640.0   437.10974612426526
641.0   433.3450173149987
642.0   439.64007142701644
643.0   430.4609529599678
644.0   417.9892410262237
645.0   430.6132320979786
646.0   443.8025452205554
647.0   416.11016392441326
648.0   412.0099164569914
649.0   414.9117598943577
650.0   409.14838659021564
651.0   403.02040617800924
652.0   397.44448899126155
653.0   392.1336925374924
654.0   400.8062781110373
655.0   386.84943197315204
656.0   388.52537959031645
657.0   389.99330309932225
658.0   380.208013914003
659.0   389.47536071902783
660.0   369.9971955058528
661.0   379.0930792068866
662.0   382.65712167150514
663.0   385.4865963672571
664.0   378.29168618374496
665.0   387.2167719371099
666.0   376.57014721708276
667.0   386.24444670986315
668.0   380.79560355447563
669.0   391.67703035448653
670.0   393.6744829603489
671.0   411.26347319660346
672.0   407.38790855706014
673.0   410.5934326212054
674.0   414.4646572406909
675.0   423.8544684922125
676.0   425.2864516594515
677.0   435.8303412234211
678.0   438.06498874545457
679.0   464.18036190543876
680.0   470.77841098368845
681.0   470.714139052291
682.0   488.32172690931935
683.0   484.1626787842297
684.0   496.0053893399179
685.0   521.9730479616256
686.0   512.1696581251335
687.0   522.4297304505372
688.0   531.6703168664817
689.0   521.6031729849066
690.0   560.4728571076384
691.0   565.7621182468786
692.0   563.3903062242126
693.0   582.0346313466735
694.0   577.3317093841907
695.0   590.7103227994323
696.0   591.2313887789346
697.0   579.3076490246867
698.0   614.7909114356698
699.0   603.0133081043075
700.0   605.8453036497042
701.0   586.251662558566
702.0   589.3963700347289
703.0   587.9445254330144
704.0   584.6795952327102
705.0   602.5831671477379
706.0   598.338461675804
707.0   592.2594666561793
708.0   577.894187715376
709.0   579.1157486925526
710.0   561.6533750025843
711.0   559.0893260805652
712.0   538.9496457628439
713.0   538.8972232521157
714.0   539.5870628917681
715.0   518.9558087100263
716.0   525.8033106844186
717.0   533.2134458335889
718.0   513.6470788469567
719.0   515.7085978181287
720.0   500.5192048596922
721.0   493.2364756881507
722.0   509.2358533685848
723.0   496.6172080799312
724.0   495.2971516477071
725.0   492.4148487554022
726.0   470.72217088417
727.0   476.9948147428646
728.0   473.0866822538829
729.0   479.5768167669254
730.0   458.1489581232883
731.0   465.113349698191
732.0   480.8450930766288
733.0   461.6570608044251
734.0   469.2842371475943
735.0   469.47375510943755
736.0   439.1484988891333
737.0   434.2310637159926
738.0   445.39392567728646
739.0   447.59806180836256
740.0   471.1848778595888
741.0   453.15231406343486
742.0   464.34345905545706
743.0   437.61969038475695
744.0   427.41346981595234
745.0   433.64233118422084
746.0   442.0372010507005
747.0   439.6627544186657
748.0   432.4258570198074
749.0   440.5541865692362
750.0   440.8626792010963
751.0   434.817940695682
752.0   447.91234043097785
753.0   457.9455090624676
754.0   480.1318370430489
755.0   498.3787890578388
756.0   524.9161638841778
757.0   525.2080649101357
758.0   561.6584580087447
759.0   560.2513363067503
760.0   592.6301196517935
761.0   617.696847783702
762.0   626.7652534030985
763.0   668.1042089852319
764.0   673.8183152107313
765.0   675.9484619204109
766.0   693.1927330713598
767.0   699.3635351795233
768.0   720.9436032298152
769.0   699.2927896198564
770.0   719.9441502036116
771.0   723.4421016675766
772.0   711.4856358789765
773.0   707.9307843892764
774.0   723.0530573994856
775.0   690.9602876521446
776.0   687.1083867943082
777.0   690.473143392795
778.0   697.182064466671
779.0   670.7890265889087
780.0   666.0128871808475
781.0   649.0470021994462
782.0   615.2612257313431
783.0   625.8374671712293
784.0   588.6690536097441
785.0   580.8171856620412
786.0   562.70949092136
787.0   567.0420192612455
788.0   535.4372410128424
789.0   538.9895095956679
790.0   512.366253122857
791.0   526.3007793715174
792.0   515.7250177804103
793.0   472.653628821967
794.0   456.5693827408247
795.0   441.65361169884784
796.0   438.8889292134455
797.0   449.2752671945746
798.0   408.18360395965396
799.0   399.455348387351
800.0   384.83271216074684
