600.0   375.97303440804944
601.0   377.90283316109776
602.0   377.0051150566733
603.0   380.5024143241942
604.0   360.20583868943726
605.0   360.0609304604
606.0   374.61221741929637
607.0   370.08967647300665
608.0   360.14754017373417
609.0   335.18591242938436
610.0   345.36744999044527
611.0   339.1406076035696
612.0   353.21464294150866
613.0   344.07042954593754
614.0   339.1757767543308
615.0   326.5186632245896
616.0   340.1291000639919
617.0   363.5276458280747
618.0   343.3672105707419
619.0   340.9756175979768
620.0   345.76299106255897
621.0   375.198485460917
622.0   365.2430882510296
623.0   380.3672947033998
624.0   385.70814196058564
625.0   387.92725095887334
626.0   409.2362825810793
627.0   437.7914728258439
628.0   437.625473365258
629.0   466.6739203490855
630.0   461.41099425192454
631.0   473.7995896730617
632.0   478.64355121235747
633.0   492.7539268305048
634.0   502.4434418637371
635.0   516.8207937835058
636.0   514.3308664847152
637.0   527.4260516119052
638.0   531.6592556560983
639.0   555.1852364572712
640.0   555.9345095397539
641.0   558.3469260278107
642.0   545.2655048223572
643.0   546.7712658108157
644.0   535.9006110295435
645.0   547.335101675724
646.0   547.0807881080445
647.0   537.0999020709148
648.0   530.1325645782671
649.0   524.7416392486094
650.0   532.8799944325184
651.0   506.2546274588917
652.0   511.7652764148021
653.0   509.36233898539365
654.0   492.9910224849755
655.0   489.58913745892744
656.0   491.60257372532794
657.0   480.7167374737129
658.0   479.135468574421
659.0   488.3038526421373
660.0   480.35438367538666
661.0   479.8555765447552
662.0   481.5573786001137
663.0   480.2318742026738
664.0   482.42993951027864
665.0   503.02390768958367
666.0   488.00115804210077
667.0   496.88205651532587
668.0   483.1482709243917
669.0   490.6745667438197
670.0   519.8526934763629
671.0   525.3061475046782
672.0   520.6011878088868
673.0   523.8005218849928
674.0   516.1521279618648
675.0   537.5805173530472
676.0   538.6303105978016
677.0   561.100842656442
678.0   567.9405921365023
679.0   571.1812685201029
680.0   585.0299438180814
681.0   592.6522361033328
682.0   602.6327632995992
683.0   627.8011107750715
684.0   636.996251730177
685.0   666.6217869981424
686.0   656.5128574573154
687.0   675.7312288663991
688.0   689.6375948949018
689.0   696.9771423279591
690.0   727.873418594381
691.0   716.6930417311879
692.0   732.7067533296006
693.0   764.4621038092521
694.0   749.7969701631724
695.0   767.975287286098
696.0   760.7895019176135
697.0   755.212306581727
698.0   795.4774079482153
699.0   802.2723070053479
700.0   784.1838895610423
701.0   763.7894251361876
702.0   782.6070779963399
703.0   777.1000954262154
704.0   769.2757013662144
705.0   773.8644330205477
706.0   771.2610340482289
707.0   754.2499595131894
708.0   755.0561100090761
709.0   738.2515554623806
710.0   734.3241182872076
711.0   736.5225565010658
712.0   729.2869189210973
713.0   697.3258483311035
714.0   710.689574671214
715.0   694.3077107468425
716.0   686.4414491536911
717.0   686.0938565461003
718.0   667.3962145590973
719.0   680.4958798609673
720.0   668.0017737234039
721.0   643.5451742081001
722.0   639.5593641434514
723.0   647.7222958554761
724.0   643.856081577556
725.0   629.0387202173785
726.0   633.4103774289194
727.0   635.9629493552965
728.0   627.5354097421387
729.0   622.2285458600129
730.0   598.3327148608569
731.0   596.5047499155155
732.0   619.7724110748011
733.0   609.697032591072
734.0   611.3043372036598
735.0   611.9287352043219
736.0   577.8398427618454
737.0   582.9080536373694
738.0   588.8336848442439
739.0   572.8678360259466
740.0   601.073511784662
741.0   587.851118979918
742.0   610.6745459470745
743.0   580.8645507249598
744.0   583.4090845687708
745.0   565.7146392002771
746.0   562.1323765503637
747.0   568.9201218948751
748.0   575.3729575690382
749.0   564.7139550922261
750.0   581.1246882039864
751.0   590.3744042923597
752.0   585.4544005740602
753.0   622.2198844817315
754.0   630.0849134055436
755.0   656.9427765581099
756.0   674.5348426022216
757.0   700.1081967154724
758.0   734.4875755881881
759.0   747.3042830096754
760.0   772.226526782034
761.0   801.66941092999
762.0   824.7908777492046
763.0   858.7669781633613
764.0   869.1044921411133
765.0   900.3839220221619
766.0   896.7240963485937
767.0   916.2915844829777
768.0   950.9292222933141
769.0   930.0451691560709
770.0   943.6092014545038
771.0   941.664493918824
772.0   954.0828289163669
773.0   907.3518187681007
774.0   925.9146623610886
775.0   920.7134460119776
776.0   912.55107501431
777.0   925.7684514720605
778.0   906.9048734215748
779.0   863.1164013865716
780.0   868.7430590914411
781.0   839.7127162970021
782.0   837.0868608033629
783.0   805.2724914257624
784.0   789.6128707392791
785.0   771.9136665894781
786.0   766.8740504666299
787.0   749.2106741784817
788.0   714.734976617224
789.0   695.3728476089065
790.0   679.4982649825765
791.0   670.2610010940925
792.0   665.7037139605793
793.0   632.019591087059
794.0   599.1716005831661
795.0   584.2379357172229
796.0   569.7076698239395
797.0   567.615976800663
798.0   534.4612295183676
799.0   519.9027137327018
800.0   516.5400962050273
