600.0   471.70504408293175
601.0   454.974415333013
602.0   435.2765265374944
603.0   453.33315381467116
604.0   429.8291856555656
605.0   425.91327542786865
606.0   451.56882454033155
607.0   440.97854733457086
608.0   434.894121775399
609.0   398.5737249518483
610.0   406.4137212914676
611.0   412.1211612937859
612.0   430.94773383015394
613.0   405.5544890190701
614.0   403.810981516426
615.0   390.5456034220385
616.0   399.72308733995044
617.0   413.89089441131534
618.0   401.5618053117464
619.0   411.849291141996
620.0   400.37504404597746
621.0   437.9295549367107
622.0   438.766647562035
623.0   446.59566979190504
624.0   466.6309027830548
625.0   494.1652688635597
626.0   500.4284371347442
627.0   519.8500006630907
628.0   517.2949485599373
629.0   563.9241167482286
630.0   551.467638266397
631.0   558.1716176932575
632.0   583.3502146580716
633.0   598.5256013438682
634.0   596.6293597271057
635.0   604.2360913259424
636.0   631.6283195643625
637.0   643.1121589256269
638.0   633.0287805352136
639.0   659.0973237132368
640.0   661.8460921578375
641.0   662.5296551726833
642.0   662.3859023534579
643.0   648.4386055165166
644.0   655.914798919044
645.0   646.2665117103863
646.0   646.5165711515704
647.0   650.3200839004246
648.0   650.1201794986441
649.0   617.9584498913576
650.0   632.2976138771005
651.0   621.5771651102252
652.0   629.5606843649064
653.0   605.2028108591929
654.0   600.7094603397052
655.0   605.4632606779278
656.0   598.7538825611381
657.0   592.2320265436283
658.0   593.3084193168733
659.0   599.7135130845581
660.0   582.8918067906733
661.0   586.2522361842277
662.0   591.915625932091
663.0   575.8327300055753
664.0   584.8706237213701
665.0   600.7155948177373
666.0   592.201991773816
667.0   599.237376773029
668.0   590.8468500078269
669.0   603.0221830410488
670.0   634.7222261781122
671.0   641.6390174998303
672.0   641.4533364901208
673.0   636.9244652969064
674.0   651.1478934542502
675.0   667.1697206497656
676.0   659.619186424768
677.0   671.3876689530757
678.0   682.7538306285538
679.0   701.3136072023466
680.0   725.0356753178007
681.0   741.8965913662464
682.0   753.8681366074156
683.0   768.7327757091518
684.0   785.9658092216808
685.0   813.6998755365914
686.0   807.5360299928273
687.0   801.8054468446304
688.0   843.0951110041086
689.0   864.7682970086387
690.0   872.4703624251475
691.0   878.2373247366319
692.0   897.2853644820296
693.0   938.8739458064772
694.0   912.2016406246684
695.0   943.7524016539923
696.0   938.1240748403196
697.0   928.922362706839
698.0   974.7494354163717
699.0   982.6007247444892
700.0   956.8921906708332
701.0   947.2172254788401
702.0   960.682636218117
703.0   948.0213603507655
704.0   964.1804938429833
705.0   958.7466154554745
706.0   935.0489065961483
707.0   941.9635670799951
708.0   924.7412739997608
709.0   926.718396191508
710.0   895.2105761506649
711.0   891.3819161665261
712.0   879.4036108906076
713.0   861.0240734419197
714.0   865.8501891565759
715.0   853.7117018329417
716.0   861.0223341395392
717.0   865.7504482121834
718.0   825.9001801261796
719.0   841.0094525423402
720.0   810.7322516974107
721.0   809.7167932187222
722.0   814.935976064493
723.0   805.5307044138391
724.0   806.8446733352284
725.0   781.306763947639
726.0   768.7632159430682
727.0   770.9957107132558
728.0   753.3178883016133
729.0   769.1041080086261
730.0   734.3413696543817
731.0   737.055888378808
732.0   762.4421409236746
733.0   753.1945731741105
734.0   752.0157437881151
735.0   758.4106886526097
736.0   725.3073147177295
737.0   723.4893910737951
738.0   736.4847620651597
739.0   719.5174443324433
740.0   747.0867359013279
741.0   733.8606782294748
742.0   726.80447154448
743.0   714.2710321262097
744.0   717.5187434191803
745.0   699.1643201938361
746.0   701.4400034888947
747.0   711.3132803778204
748.0   710.3828325049923
749.0   701.585395162835
750.0   725.0528856647987
751.0   718.3395651393855
752.0   731.0383240845908
753.0   754.3432184027954
754.0   775.5606450387933
755.0   800.9719930915799
756.0   841.6071476242063
757.0   857.8309104847456
758.0   908.1255164457408
759.0   929.493218376545
760.0   944.3534544714422
761.0   989.3616707995666
762.0   1031.390947163772
763.0   1064.4617910996235
764.0   1094.0327833831573
765.0   1083.7859632315597
766.0   1109.564941524069
767.0   1119.8997308261864
768.0   1187.167510588151
769.0   1167.076535247902
770.0   1180.5079505677174
771.0   1162.1762857116546
772.0   1187.8932726602777
773.0   1129.7262087895697
774.0   1155.7430867281962
775.0   1128.9627981344192
776.0   1122.6858613805264
777.0   1146.8344392875492
778.0   1127.1353335601498
779.0   1091.7333574140366
780.0   1073.8991344259641
781.0   1054.8741097237016
782.0   1052.4608636699963
783.0   1021.3774175295425
784.0   978.510666810642
785.0   952.6003679972413
786.0   941.6002828927404
787.0   918.1583228891561
788.0   891.5042248625268
789.0   856.8859465728121
790.0   853.4190728126478
791.0   807.4878248714118
792.0   809.1244673944818
793.0   779.4683120894227
794.0   749.1430406438556
795.0   724.6394449987915
796.0   706.556580583219
797.0   723.7312723960013
798.0   676.8678299347905
799.0   645.65799533829
800.0   627.6462006852183
