600.0   542.2331005464889
601.0   538.9101801992557
602.0   517.0096718170337
603.0   533.7692033485284
604.0   513.976913756647
605.0   502.9517996699008
606.0   516.0543655529146
607.0   514.0106631711883
608.0   505.8449222316727
609.0   463.54201380149703
610.0   500.2930688267452
611.0   471.7864608231515
612.0   515.7391329324305
613.0   479.94289751699745
614.0   465.0752429340767
615.0   459.6415436140929
616.0   460.84566533761245
617.0   498.32651673083365
618.0   483.3148510525822
619.0   484.0001308019181
620.0   504.402142050771
621.0   517.4370341956637
622.0   513.9056228140914
623.0   526.4638369221663
624.0   548.7660905810881
625.0   559.0075220521126
626.0   598.3718149961431
627.0   603.338356671775
628.0   614.9057381486983
629.0   641.9684165036662
630.0   655.2749830750337
631.0   679.6185560306128
632.0   686.9591655072346
633.0   716.3797198846587
634.0   719.3432695833736
635.0   734.3561220511914
636.0   774.305886197382
637.0   781.1414997218191
638.0   755.2387711742463
639.0   791.240284490063
640.0   785.3954554959886
641.0   789.5433821417512
642.0   780.4592918181393
643.0   771.8341596622685
644.0   779.2554161961287
645.0   776.7074360441557
646.0   774.1703260922422
647.0   776.9540388158428
648.0   758.7263988547321
649.0   752.9253307390985
650.0   747.9776640046205
651.0   728.9142123445313
652.0   739.8653801228312
653.0   733.4416569206139
654.0   732.6640627416758
655.0   717.942123427346
656.0   709.7590689136471
657.0   704.3737398494152
658.0   707.3226896097946
659.0   698.872789071477
660.0   693.6507146959676
661.0   706.5666478998338
662.0   699.3426825682778
663.0   703.7852538746066
664.0   704.1171119596663
665.0   729.6173852386765
666.0   702.8103994753628
667.0   723.5635846510363
668.0   703.7518242229075
669.0   725.9491546899636
670.0   755.7261916416245
671.0   753.6427645460547
672.0   769.2530035782283
673.0   758.7110364757091
674.0   762.3703986145288
675.0   791.3219160997061
676.0   799.7849550008073
677.0   797.5418993644416
678.0   831.9462783687811
679.0   839.8895874849605
680.0   869.3404752197848
681.0   868.7331083020657
682.0   905.0889683271457
683.0   926.6411937309678
684.0   938.9964550684549
685.0   982.5547253804826
686.0   965.8896769681463
687.0   984.2206217373471
688.0   1027.265143604233
689.0   1028.2766687255685
690.0   1056.082861647119
691.0   1033.1144495369276
692.0   1099.991369255431
693.0   1104.7636186193165
694.0   1115.6045303504125
695.0   1124.122324647552
696.0   1112.407420976165
697.0   1116.6289242410403
698.0   1164.5778673224747
699.0   1169.2058725789445
700.0   1147.2564354976357
701.0   1140.4815400728107
702.0   1153.3447219821228
703.0   1119.2099210640638
704.0   1140.5357101529817
705.0   1135.528069639738
706.0   1134.2025197366331
707.0   1142.7052925840812
708.0   1112.8255888212543
709.0   1101.696398049802
710.0   1084.1121197690684
711.0   1070.6200042058285
712.0   1058.4524055691913
713.0   1039.67297251737
714.0   1030.631173657608
715.0   1041.7311615708627
716.0   1023.67839336468
717.0   1037.271274290686
718.0   1000.5125999131311
719.0   999.8372785642397
720.0   964.5657539957379
721.0   975.7023612943251
722.0   974.4619280932633
723.0   970.5920973719186
724.0   961.3494270941183
725.0   923.2419597629587
726.0   922.5994099832897
727.0   935.9825852052188
728.0   916.8684099935799
729.0   916.2051970026941
730.0   888.9103475173233
731.0   906.9660430924938
732.0   920.7350696697782
733.0   916.0156664830188
734.0   903.4353617709016
735.0   912.0714009672356
736.0   856.6669614269983
737.0   869.619803322313
738.0   893.5896550538388
739.0   852.3469801894321
740.0   904.1946801405
741.0   871.3516297775993
742.0   914.4247397253711
743.0   868.5314829069971
744.0   858.7872970653418
745.0   853.8299124755215
746.0   845.8440459680262
747.0   849.4293541560879
748.0   843.9896631994174
749.0   863.3612501488433
750.0   863.9260687814848
751.0   866.0343192133932
752.0   905.5871352940771
753.0   897.7867942113389
754.0   964.5434347710535
755.0   975.3176447803701
756.0   1010.8976074702633
757.0   1039.0815485953276
758.0   1098.451386475525
759.0   1119.936104605807
760.0   1155.4251963173213
761.0   1197.4898546032894
762.0   1237.7752363522075
763.0   1293.007116857866
764.0   1308.6261847198932
765.0   1320.5325244633927
766.0   1364.7500467455627
767.0   1361.910794643244
768.0   1437.3498403687468
769.0   1393.0961555153983
770.0   1399.0460316751737
771.0   1440.293284407019
772.0   1413.9005356419054
773.0   1374.254713958426
774.0   1401.9457264069988
775.0   1372.7882366601777
776.0   1374.4020931264167
777.0   1354.4850450281824
778.0   1355.7212605969305
779.0   1319.196964781427
780.0   1304.549176340242
781.0   1264.9267021494466
782.0   1249.1854393226618
783.0   1215.077364442448
784.0   1176.0138580603918
785.0   1157.6724289980216
786.0   1139.6332582416967
787.0   1103.4087808570564
788.0   1070.6133349520644
789.0   1051.5018172103883
790.0   1019.4116732647747
791.0   988.2295173101516
792.0   984.4833809519923
793.0   932.2099497509955
794.0   898.2441418205186
795.0   887.4645817479986
796.0   866.6609409907993
797.0   858.8167940684007
798.0   804.634832173828
799.0   777.163263371776
800.0   757.0738788672421
