600.0   613.4033514215291
601.0   610.0528020080283
602.0   605.2194737503083
603.0   629.0031379299661
604.0   565.5290446247659
605.0   577.8773663664654
606.0   591.0733369780439
607.0   601.5033625397484
608.0   595.5199843233208
609.0   566.7302556473719
610.0   558.7174760153549
611.0   563.7322533987588
612.0   584.5030236944351
613.0   561.7972523141198
614.0   534.6481485248776
615.0   535.6680661222956
616.0   544.1006233519893
617.0   573.0645739341657
618.0   552.7292331333553
619.0   557.7160961041276
620.0   565.2309883050236
621.0   594.3423333541656
622.0   603.3203819500372
623.0   605.3984303811152
624.0   645.5550699552939
625.0   652.0154754839457
626.0   688.7131139590148
627.0   716.9653052687378
628.0   719.5103360006792
629.0   766.7759704579939
630.0   776.4419332505377
631.0   785.9981376954665
632.0   788.01713301711
633.0   826.3553065127621
634.0   841.685171457867
635.0   875.4624459292
636.0   880.7948045951694
637.0   887.6352553048628
638.0   892.530880111906
639.0   914.5493964856162
640.0   915.2347800121388
641.0   925.2956072561851
642.0   920.8603200600287
643.0   903.0544699583586
644.0   902.9922100529367
645.0   906.5939704418474
646.0   912.997858933639
647.0   910.0993816057185
648.0   902.6033497471146
649.0   873.6116877602198
650.0   853.5179289084982
651.0   869.0777523394361
652.0   863.0464496184106
653.0   852.6305866453972
654.0   855.8300873775472
655.0   832.5824169722375
656.0   829.5512350925769
657.0   836.425445221337
658.0   813.283757982777
659.0   808.3767630022414
660.0   827.6666505707838
661.0   802.813436834667
662.0   819.0161609912584
663.0   821.6915114185933
664.0   818.792165931666
665.0   852.2303178767329
666.0   848.2741501856398
667.0   837.9399505182997
668.0   816.4906055956747
669.0   830.8118782958488
670.0   876.8685984803136
671.0   890.758074853677
672.0   896.3299945019448
673.0   873.6333716986471
674.0   908.9161105622657
675.0   917.5722099455171
676.0   923.3472266618561
677.0   942.1494331216899
678.0   970.9949136438911
679.0   1003.4407526852168
680.0   1010.4255447702083
681.0   1046.250274648278
682.0   1042.4956301270768
683.0   1066.3092768327188
684.0   1099.0025054478122
685.0   1121.0372957486302
686.0   1155.3218172655475
687.0   1147.6666492266415
688.0   1162.9127423751747
689.0   1186.5050015036895
690.0   1244.4118619212873
691.0   1227.4998114299783
692.0   1286.2147374008264
693.0   1306.0148631906995
694.0   1291.6282209668175
695.0   1327.3795418641612
696.0   1335.896653512129
697.0   1309.3236303067765
698.0   1341.5581455472682
699.0   1356.6812831515517
700.0   1359.4276475051215
701.0   1319.3529086036087
702.0   1358.727176176178
703.0   1359.128225424162
704.0   1331.0936044865762
705.0   1337.1386041237804
706.0   1345.0620074197936
707.0   1330.1029689343543
708.0   1302.6939667604117
709.0   1313.676086674817
710.0   1286.452172524356
711.0   1275.7012764119968
712.0   1265.7329714758703
713.0   1219.6994686995304
714.0   1224.863696591948
715.0   1196.1232671141722
716.0   1194.4605600180412
717.0   1201.502190360483
718.0   1172.7054662571368
719.0   1200.7040011547208
720.0   1164.6342465771722
721.0   1128.463740752427
722.0   1161.871213911159
723.0   1124.6023559268176
724.0   1134.8869653090355
725.0   1093.5316150840579
726.0   1108.4155508511237
727.0   1089.983327912885
728.0   1084.032435330274
729.0   1084.458393668362
730.0   1046.8585814415403
731.0   1080.5548412004878
732.0   1095.0344565499822
733.0   1078.9767514181146
734.0   1063.4432209206125
735.0   1075.1183244373
736.0   1023.1709075785425
737.0   1019.4388751748717
738.0   1039.6143900659017
739.0   1024.1322747961199
740.0   1066.5504018641418
741.0   1039.1161572864692
742.0   1057.1693225972012
743.0   1012.7829364195441
744.0   1024.243328264073
745.0   997.5896607636455
746.0   991.8050633184109
747.0   1008.2661302218049
748.0   998.9800262540765
749.0   1002.3254145962371
750.0   1010.508896060944
751.0   1032.7872036914546
752.0   1044.1219967068791
753.0   1079.9539146190184
754.0   1107.9207169935744
755.0   1128.8582709401303
756.0   1194.1447610347377
757.0   1223.3620494775016
758.0   1296.7698672618994
759.0   1293.095909579958
760.0   1364.058913429677
761.0   1404.42202020033
762.0   1464.7339728582342
763.0   1508.7392032750156
764.0   1551.4138979617433
765.0   1582.6650557403796
766.0   1622.5637794326697
767.0   1609.4543239371308
768.0   1674.8432056473018
769.0   1627.4490249080957
770.0   1687.033495827967
771.0   1643.9740008826027
772.0   1662.8979341520485
773.0   1639.128231087878
774.0   1664.100638583781
775.0   1611.8582854392523
776.0   1608.028916279563
777.0   1624.5376188442751
778.0   1592.7384448503922
779.0   1541.9290235207122
780.0   1541.1740312798047
781.0   1474.7121019646115
782.0   1462.1243891951267
783.0   1444.1478435640631
784.0   1403.1416939897035
785.0   1372.9258010046728
786.0   1337.143306912992
787.0   1300.245826970703
788.0   1265.2842307119658
789.0   1260.4839564898339
790.0   1205.4783103955097
791.0   1167.425970450901
792.0   1159.7638964729697
793.0   1104.4640209155907
794.0   1075.3484867060283
795.0   1034.5866543124155
796.0   1002.7777533209922
797.0   1024.524691714297
798.0   961.4145682701862
799.0   899.4994416748327
800.0   902.1543912418662
