600.0   714.399029420555
601.0   692.9583334824617
602.0   685.357617303748
603.0   691.5484824132052
604.0   668.6668490440868
605.0   666.9349873191334
606.0   668.0851528838568
607.0   667.4305014955924
608.0   683.4969921257077
609.0   637.783447782653
610.0   643.1212603434863
611.0   635.1892664211986
612.0   647.8600090662796
613.0   626.5545978454206
614.0   599.4806743135962
615.0   605.2850262945703
616.0   619.038108985131
617.0   652.4070764202831
618.0   624.9939773762164
619.0   643.7638673913983
620.0   648.9277544104857
621.0   686.0641903379959
622.0   692.4419653427192
623.0   706.9440797277347
624.0   735.6483751856551
625.0   758.2002855755527
626.0   795.0901038825044
627.0   793.319574206692
628.0   828.9679797802992
629.0   857.980617573369
630.0   880.8631962622553
631.0   883.0730765486396
632.0   926.439489994898
633.0   939.4336344319513
634.0   953.3208298819895
635.0   971.7134516220707
636.0   1005.0282428770035
637.0   999.7470277832149
638.0   998.1695037076971
639.0   1057.240608908923
640.0   1038.6720757450425
641.0   1047.3125081413411
642.0   1049.2438180789995
643.0   1041.9208421783212
644.0   1053.38449334696
645.0   1033.0363722969803
646.0   1035.5288397137372
647.0   1011.0158777003478
648.0   1005.1983454980723
649.0   1005.8159094728513
650.0   1005.6453628650194
651.0   969.713915627791
652.0   987.5109503684537
653.0   966.5448136064667
654.0   966.893297499678
655.0   955.6106179060778
656.0   935.6981497979721
657.0   957.4660665295005
658.0   940.4628669601371
659.0   929.1107719603638
660.0   924.0928228879366
661.0   939.9144289233983
662.0   934.6659919854574
663.0   920.7281280482986
664.0   950.1706679958556
665.0   965.9428265242425
666.0   960.6676743160639
667.0   955.6387923803755
668.0   945.296386209904
669.0   960.9574699727036
670.0   999.379220876037
671.0   1015.4845617507101
672.0   1037.0039167825003
673.0   1029.1877102066696
674.0   1028.373565240422
675.0   1071.1602703980461
676.0   1044.3784090679092
677.0   1087.612017742406
678.0   1121.0973744731511
679.0   1134.2187688538625
680.0   1164.614508113785
681.0   1179.3172465993273
682.0   1192.9304761620192
683.0   1231.0178499063973
684.0   1259.994780080832
685.0   1283.7211910328915
686.0   1312.4976641535873
687.0   1333.3189077215752
688.0   1342.7688484091732
689.0   1375.0808739435345
690.0   1419.5154253347123
691.0   1423.612528962244
692.0   1485.1389274358894
693.0   1511.243026733886
694.0   1481.9227419452113
695.0   1530.0777940694054
696.0   1513.257418321511
697.0   1503.239386003425
698.0   1566.6477567043705
699.0   1568.7111429201072
700.0   1549.2604402193838
701.0   1504.9724622085205
702.0   1542.7442135505667
703.0   1549.0609596260863
704.0   1549.223901910695
705.0   1529.0292922324886
706.0   1545.3786274956574
707.0   1536.6092245299972
708.0   1511.974470297875
709.0   1512.017408240349
710.0   1486.2435635846662
711.0   1481.4212691024516
712.0   1432.5253550683747
713.0   1412.6623889794578
714.0   1418.9224590520416
715.0   1399.930435283365
716.0   1385.826688571586
717.0   1387.1103422102246
718.0   1342.7427752546519
719.0   1348.3391403247988
720.0   1322.4989518834263
721.0   1307.5252734480264
722.0   1318.383913474539
723.0   1303.01094731898
724.0   1303.9585733019765
725.0   1271.7833534507183
726.0   1254.2954035268012
727.0   1273.9936545452802
728.0   1255.3321842738349
729.0   1259.4351447576528
730.0   1186.8189013314313
731.0   1235.2651674631625
732.0   1261.7975791262434
733.0   1266.3759464721857
734.0   1226.6499920671858
735.0   1231.8014341842413
736.0   1201.3504591489063
737.0   1176.1053541685092
738.0   1196.5141292698968
739.0   1177.6576484345426
740.0   1244.785400151708
741.0   1184.9432071684168
742.0   1228.3168899820257
743.0   1168.085560003975
744.0   1151.4158882321024
745.0   1166.3213455274413
746.0   1156.6270406667134
747.0   1166.5750508563524
748.0   1179.3354210462971
749.0   1165.7371197790014
750.0   1197.8306460369076
751.0   1191.6231214024908
752.0   1214.4005866998345
753.0   1241.4975438253352
754.0   1285.4857470268948
755.0   1340.1077397751694
756.0   1374.372680320351
757.0   1397.6322904203316
758.0   1479.8154412535755
759.0   1526.0340158127158
760.0   1556.8723371321014
761.0   1642.6783991916254
762.0   1660.9160754512798
763.0   1743.980556941626
764.0   1766.5085101396849
765.0   1785.8516497477763
766.0   1845.3670745408456
767.0   1851.7704787505559
768.0   1944.3824185380554
769.0   1893.916128805735
770.0   1955.0649011523046
771.0   1928.3564418919773
772.0   1907.9036298933431
773.0   1864.4299894354788
774.0   1883.2347423050505
775.0   1867.929382635982
776.0   1844.4740693362419
777.0   1851.239820047032
778.0   1817.0197463243976
779.0   1775.8486857316332
780.0   1761.8800560603747
781.0   1719.724610428226
782.0   1700.5816092360906
783.0   1650.0523638683007
784.0   1605.0896862017373
785.0   1563.8025640491342
786.0   1543.6127941610964
787.0   1502.5600553999434
788.0   1448.623718879307
789.0   1448.1948995765194
790.0   1381.4097080102883
791.0   1336.2676439511245
792.0   1320.7885825359851
793.0   1281.3830933078643
794.0   1223.458070103573
795.0   1212.7631434425373
796.0   1196.1317002603882
797.0   1164.6576022087704
798.0   1102.5085316985035
799.0   1046.297416559983
800.0   1043.3924467721183
