600.0   794.7922964161095
601.0   767.4597507997081
602.0   752.8001899683578
603.0   795.9139006086859
604.0   742.7561161692304
605.0   754.0140328015104
606.0   784.4229326739357
607.0   785.8370793174164
608.0   770.9039826030971
609.0   724.1009188700195
610.0   734.1373546847881
611.0   731.4716308657919
612.0   732.9240999861183
613.0   718.3039665714939
614.0   702.1585189240993
615.0   728.6214792661019
616.0   740.9971236594737
617.0   764.4063217922336
618.0   770.8592261109092
619.0   769.174900090613
620.0   801.6761212702311
621.0   828.0869511050544
622.0   848.1529402350521
623.0   866.8131898779778
624.0   915.1360949511475
625.0   929.9679329193709
626.0   973.857205224046
627.0   993.0784961392368
628.0   1028.8749585636701
629.0   1081.262345254584
630.0   1109.025640438318
631.0   1145.6208169687686
632.0   1161.2145943884589
633.0   1183.372780378308
634.0   1195.1930223900238
635.0   1237.5151812950267
636.0   1252.2745222236026
637.0   1276.222216616675
638.0   1271.2530030307857
639.0   1307.9055044693303
640.0   1332.247738106712
641.0   1313.8128960263741
642.0   1326.9992902799704
643.0   1321.2343723062777
644.0   1310.3839408860513
645.0   1316.6452810183812
646.0   1344.6069530531965
647.0   1291.8389972105858
648.0   1306.5190731529065
649.0   1284.2811159113103
650.0   1277.5256410182874
651.0   1272.7248685069828
652.0   1260.834926195799
653.0   1257.8883216903982
654.0   1253.6331363838208
655.0   1227.132754605054
656.0   1242.1228521938574
657.0   1242.0289496024714
658.0   1235.2565141258729
659.0   1247.658802846157
660.0   1223.7348271230762
661.0   1236.9850958823533
662.0   1233.18314510068
663.0   1244.0222803322818
664.0   1276.914281552117
665.0   1290.4198073440546
666.0   1282.409851227978
667.0   1284.3275435590945
668.0   1272.6492755398294
669.0   1296.2190314743466
670.0   1360.400133787693
671.0   1382.7107529182758
672.0   1411.3642950038331
673.0   1413.7368171783496
674.0   1403.9942179446991
675.0   1470.3754742384815
676.0   1463.2320698069025
677.0   1513.2788626732004
678.0   1565.7196205491712
679.0   1583.391682172121
680.0   1627.9739542157859
681.0   1673.1852068547314
682.0   1713.3590971295112
683.0   1729.4999522391518
684.0   1764.0190581650215
685.0   1840.984876661683
686.0   1858.5922803933927
687.0   1903.8744166688057
688.0   1912.5408531928676
689.0   1951.1596149966801
690.0   2014.0590657657876
691.0   2032.9658696582644
692.0   2087.4256602799123
693.0   2162.7604907120394
694.0   2143.3543983254754
695.0   2181.324003803263
696.0   2177.377650611266
697.0   2142.8796348762494
698.0   2256.0961784494157
699.0   2275.8976756685897
700.0   2231.0327146218765
701.0   2188.613639118503
702.0   2241.5740279052397
703.0   2203.1094326390253
704.0   2246.589934372134
705.0   2241.8636233333655
706.0   2209.10564717951
707.0   2219.989227916102
708.0   2188.020649348069
709.0   2179.835153060621
710.0   2143.401619060758
711.0   2108.4267563177923
712.0   2125.1875484307216
713.0   2061.743124023867
714.0   2062.101988947317
715.0   2041.2504803953025
716.0   2070.7029692444717
717.0   2050.678196527294
718.0   1969.3461254981453
719.0   2018.8262541829854
720.0   1957.3503665317119
721.0   1966.0039707914295
722.0   1994.1508085942962
723.0   1945.2815288774
724.0   1961.500162881079
725.0   1931.202897189822
726.0   1924.7400827669653
727.0   1921.0030726356267
728.0   1914.7467262254272
729.0   1924.2240809290881
730.0   1847.3834235121278
731.0   1892.6685781544775
732.0   1912.7361019318637
733.0   1911.32841045604
734.0   1926.6876892983366
735.0   1891.3824519768227
736.0   1826.21281978496
737.0   1843.622219011386
738.0   1854.551939074814
739.0   1843.9970565974725
740.0   1908.2122340710068
741.0   1879.3249286063328
742.0   1923.7481579221958
743.0   1881.070038023112
744.0   1912.2083732076194
745.0   1857.3578124191797
746.0   1868.3459657383764
747.0   1908.0883606705822
748.0   1915.0608205974204
749.0   1879.5760446155648
750.0   1888.7384267825178
751.0   1847.990860444314
752.0   1819.1348462941971
753.0   1838.0299412824845
754.0   1866.809098549587
755.0   1915.151149675751
756.0   1972.2671372330324
757.0   1996.7362695756412
758.0   2077.0654633291315
759.0   2105.335363223944
760.0   2195.6426211916155
761.0   2274.8962305664477
762.0   2343.5143538187103
763.0   2439.0114890280834
764.0   2490.342256933326
765.0   2566.6788301710544
766.0   2625.299345440814
767.0   2624.769447393034
768.0   2755.3621037208554
769.0   2709.5868551239237
770.0   2750.5408929748705
771.0   2737.941319822805
772.0   2761.2820310079023
773.0   2639.3740830963534
774.0   2657.092676386198
775.0   2611.2994285947
776.0   2557.4159257906563
777.0   2576.663945564653
778.0   2505.370655719479
779.0   2440.316406293639
780.0   2386.982023209067
781.0   2311.1823584083327
782.0   2261.393869248717
783.0   2192.7361319836273
784.0   2127.695517205482
785.0   2038.5390414811254
786.0   1982.070149140604
787.0   1926.5382244489915
788.0   1822.680839758046
789.0   1787.514763802061
790.0   1705.2747359070677
791.0   1629.870042325232
792.0   1593.9338995097216
793.0   1487.4611359757803
794.0   1434.7438476644984
795.0   1397.852925407253
796.0   1354.4962010878244
797.0   1315.4588689126172
798.0   1225.9100680822355
799.0   1123.638840629661
800.0   1090.360532644612
