600.0   29.50000000000017
601.0   29.600000000000172
602.0   29.600000000000172
603.0   29.50000000000017
604.0   29.700000000000173
605.0   29.600000000000172
606.0   29.600000000000172
607.0   29.600000000000172
608.0   29.700000000000173
609.0   29.700000000000173
610.0   29.700000000000173
611.0   29.700000000000173
612.0   29.700000000000173
613.0   29.700000000000173
614.0   29.700000000000173
615.0   29.700000000000173
616.0   29.700000000000173
617.0   29.800000000000175
618.0   29.800000000000175
619.0   29.900000000000176
620.0   29.800000000000175
621.0   29.800000000000175
622.0   29.900000000000176
623.0   29.900000000000176
624.0   29.900000000000176
625.0   30.000000000000178
626.0   30.10000000000018
627.0   30.000000000000178
628.0   30.000000000000178
629.0   30.000000000000178
630.0   30.10000000000018
631.0   30.000000000000178
632.0   30.000000000000178
633.0   30.10000000000018
634.0   30.000000000000178
635.0   30.10000000000018
636.0   30.10000000000018
637.0   30.10000000000018
638.0   30.20000000000018
639.0   30.10000000000018
640.0   30.10000000000018
641.0   30.20000000000018
642.0   30.10000000000018
643.0   30.10000000000018
644.0   30.20000000000018
645.0   30.10000000000018
646.0   30.10000000000018
647.0   30.20000000000018
648.0   30.20000000000018
649.0   30.20000000000018
650.0   30.20000000000018
651.0   30.20000000000018
652.0   30.20000000000018
653.0   30.20000000000018
654.0   30.300000000000182
655.0   30.300000000000182
656.0   30.300000000000182
657.0   30.300000000000182
658.0   30.300000000000182
659.0   30.300000000000182
660.0   30.400000000000183
661.0   30.400000000000183
662.0   30.300000000000182
663.0   30.400000000000183
664.0   30.400000000000183
665.0   30.400000000000183
666.0   30.400000000000183
667.0   30.400000000000183
668.0   30.400000000000183
669.0   30.400000000000183
670.0   30.400000000000183
671.0   30.400000000000183
672.0   30.500000000000185
673.0   30.500000000000185
674.0   30.500000000000185
675.0   30.500000000000185
676.0   30.500000000000185
677.0   30.600000000000186
678.0   30.500000000000185
679.0   30.500000000000185
680.0   30.600000000000186
681.0   30.600000000000186
682.0   30.500000000000185
683.0   30.600000000000186
684.0   30.600000000000186
685.0   30.500000000000185
686.0   30.600000000000186
687.0   30.600000000000186
688.0   30.600000000000186
689.0   30.600000000000186
690.0   30.600000000000186
691.0   30.700000000000188
692.0   30.700000000000188
693.0   30.700000000000188
694.0   30.700000000000188
695.0   30.700000000000188
696.0   30.700000000000188
697.0   30.700000000000188
698.0   30.700000000000188
699.0   30.600000000000186
700.0   30.700000000000188
701.0   30.700000000000188
702.0   30.700000000000188
703.0   30.80000000000019
704.0   30.700000000000188
705.0   30.700000000000188
706.0   30.80000000000019
707.0   30.80000000000019
708.0   30.80000000000019
709.0   30.80000000000019
710.0   30.80000000000019
711.0   30.80000000000019
712.0   30.80000000000019
713.0   30.80000000000019
714.0   30.80000000000019
715.0   30.80000000000019
716.0   30.80000000000019
717.0   30.80000000000019
718.0   30.80000000000019
719.0   30.90000000000019
720.0   30.90000000000019
721.0   30.80000000000019
722.0   30.90000000000019
723.0   30.90000000000019
724.0   30.90000000000019
725.0   30.90000000000019
726.0   30.90000000000019
727.0   30.90000000000019
728.0   30.90000000000019
729.0   30.90000000000019
730.0   30.90000000000019
731.0   30.90000000000019
732.0   31.000000000000192
733.0   31.000000000000192
734.0   30.90000000000019
735.0   31.000000000000192
736.0   31.000000000000192
737.0   31.000000000000192
738.0   31.000000000000192
739.0   31.000000000000192
740.0   31.000000000000192
741.0   31.000000000000192
742.0   31.000000000000192
743.0   31.000000000000192
744.0   31.000000000000192
745.0   31.100000000000193
746.0   31.100000000000193
747.0   31.100000000000193
748.0   31.000000000000192
749.0   31.100000000000193
750.0   31.100000000000193
751.0   31.100000000000193
752.0   31.100000000000193
753.0   31.000000000000192
754.0   31.000000000000192
755.0   31.100000000000193
756.0   31.000000000000192
757.0   31.000000000000192
758.0   31.100000000000193
759.0   31.100000000000193
760.0   31.100000000000193
761.0   31.100000000000193
762.0   31.100000000000193
763.0   31.100000000000193
764.0   31.100000000000193
765.0   31.100000000000193
766.0   31.200000000000195
767.0   31.100000000000193
768.0   31.100000000000193
769.0   31.200000000000195
770.0   31.200000000000195
771.0   31.200000000000195
772.0   31.100000000000193
773.0   31.200000000000195
774.0   31.200000000000195
775.0   31.200000000000195
776.0   31.200000000000195
777.0   31.200000000000195
778.0   31.200000000000195
779.0   31.200000000000195
780.0   31.200000000000195
781.0   31.200000000000195
782.0   31.200000000000195
783.0   31.200000000000195
784.0   31.200000000000195
785.0   31.200000000000195
786.0   31.200000000000195
787.0   31.200000000000195
788.0   31.200000000000195
789.0   31.300000000000196
790.0   31.300000000000196
791.0   31.200000000000195
792.0   31.200000000000195
793.0   31.300000000000196
794.0   31.300000000000196
795.0   31.300000000000196
796.0   31.300000000000196
797.0   31.300000000000196
798.0   31.300000000000196
799.0   31.300000000000196
800.0   31.300000000000196
