650.0 651.0 652.0 653.0 654.0 655.0 656.0 657.0 658.0 659.0 660.0 661.0 662.0 663.0 664.0 665.0 
19.96 193.6962915519917 192.73757145611665 194.11611800346986 192.06773390476476 194.181497832052 202.23055643124422 238.40552768186453 1816.0172489070544 500.84987212504376 223.08172307630426 199.7897622928005 194.96076754376992 191.8110817475353 191.55669708137486 190.16067219907714 191.31938623479127 
21.96 191.1703566202247 190.0905777608519 193.5112934896121 193.74320399194033 193.76869023872865 197.0963067161099 221.0221284034837 1196.5613882410219 412.1385725804959 210.79025763660974 194.70951839036942 193.3800133691242 191.23122471306417 190.44819319664924 189.56071914619935 190.01903383624213 
23.96 191.7855152034633 192.57582700466818 193.24885870119653 190.79175086171387 194.71265875197818 194.1429755745317 205.33645741895816 725.8583804686153 398.9957666142383 208.56823560233033 194.35532819302009 194.79189090763646 190.7372048016077 191.44237045112007 190.1969951227066 189.64969355773275 
25.96 190.3689820232091 190.92681972403747 192.256041174347 189.78748399497545 192.37898945348388 191.78646215709853 195.7244991341114 325.2497012238865 344.4488836893128 200.46743705862437 192.6796159227626 190.50404518526707 189.5654065018163 188.45058744635762 189.6623131978027 191.60371374824553 
27.96 190.00947906859693 190.28339520179534 192.49637788124681 190.20416374115166 191.41508846339053 191.29414601743156 190.97212073506444 240.40846727414527 258.2032185187405 194.82716845829427 190.7479952093711 191.6037621935274 187.67739821826294 189.37236156367277 188.9650617166439 189.99264741338135 
29.96 190.64411861361685 190.22695388742545 190.91908211925355 189.10605641484548 190.897056833594 191.64350553140122 190.8461848449308 224.49416733938614 247.97628162390575 196.0858795953363 191.27857331556612 191.00536793839325 189.52097233481703 189.46901241678702 189.87703555366687 189.55206861560032 
31.96 189.92470027654133 189.53329450192913 190.7178832862317 190.29085868423678 191.3789274538236 189.69186152436288 190.08602371308476 222.5634371054286 270.92150286956206 196.00450272695065 190.45584267792648 190.75155104569677 189.0488429860101 188.78221752370047 189.83196128793392 190.39691829617246 
33.96 190.26517425725814 191.48445949992816 190.89360636784522 189.46185650209537 189.92248064528746 191.9853804099527 189.7911928708298 208.84154853664478 260.2093899351645 198.14195931108762 189.4976535559768 191.73924898619978 190.50212567070594 190.42981783200193 188.76334356896356 188.03044227180402 
35.96 190.731375372345 190.2711880739462 190.78346766827707 188.4376573161809 190.55731796449453 190.20170690929575 190.07968829015317 216.42726880727318 286.1400631917364 200.3895635768087 189.88876329394813 190.15221444499429 189.66071715726545 189.44741045226215 189.55705076002425 190.47940632110584 
37.96 190.78049925217144 190.94226937791785 192.0221304230071 190.4186856391595 191.1160666297614 191.19263695301726 190.97922786818233 212.09404295836603 304.1649400563042 208.44269059315644 189.88314367012475 191.04328123716184 189.28451986942034 189.38906550908027 189.46054276262703 189.6068991287682 
39.96 190.91755831229983 191.72735736140544 191.4573212358326 190.49389267224052 189.7285436143274 191.00656682727112 190.71246082202353 220.53555078665053 277.2843083888114 215.71055695760802 191.54400978850975 191.5305036613391 189.22269060424654 190.55749202787288 188.3983187896957 188.41196967876667 
