655.0 656.0 657.0 658.0 659.0 660.0 661.0 662.0 663.0 664.0 665.0 
10.0 21.744880379003035 83.05533583338487 2151.495751001594 2817.3126183249583 274.66896150396565 43.272537245155945 10.621101856062666 5.419298829671874 2.672599417295487 3.2805566011689393 2.684414220583733 
12.0 13.996343162305948 53.4268697368187 1419.547943461719 1819.1251840387783 177.80519548371785 31.535501498633153 8.461189127728858 5.484812777506249 0.9359958411791922 2.9272836749619557 1.9494392191491556 
14.0 11.801505880044857 45.76625992307814 1335.5372854241882 1054.608957972372 93.7821358610301 18.73269817201836 6.6311569909859145 2.5250019087333726 0.8312545602493628 1.0899760114872947 1.1323235334463675 
16.0 12.719807733648082 51.27262026066802 1642.4929578059746 364.19853787163856 62.53742791037138 13.430228793678424 3.86322133037595 1.9823507625676484 -0.020013790455180924 1.9249135469433156 0.6976245134433725 
18.0 8.026294715575716 46.11722769292342 1524.3477689547374 302.08300425053994 32.34306594503994 8.922164994714478 2.906690738220277 0.5616876852474206 0.493831848122511 0.22943847424713226 1.1396079785307904 
20.0 3.8742160112486204 17.636104243847683 514.3920825371031 190.09224521039098 20.368113107995043 5.262027477824404 1.316515078850557 0.9973420744532007 -0.05659374920938376 1.44705678288625 0.47848629981382373 
22.0 2.530320940239619 12.356488549310143 504.54505114662936 103.41977072188357 15.75059432413613 4.751176487506996 0.5362247365993369 1.531793666707756 -0.6441186325964452 0.5046792732590006 0.3977994812283612 
24.0 3.106092347138599 7.224291453290675 322.98996510021186 61.460839629868076 7.467791110523962 2.047979010258615 -0.4030699003625102 0.049100287864888514 0.09996116914689424 0.9714655635480369 0.9972591517324076 
26.0 0.6996943938780191 4.637303337741571 139.64850485777268 43.29945993509821 5.384493164886436 1.4115577352796436 -0.9820729518139615 0.6701466115135304 0.1141753763953659 0.9256179131126316 -0.6279871771788521 
28.0 0.19204949796753112 3.2531316420175926 85.76899041176333 26.609403009553688 4.392997610117192 0.5734537531899377 -0.25272742821724137 -0.8915507449470397 -0.8041048780585243 -0.1179656300269869 0.16586905410011354 
30.0 -0.4959347058931769 2.1616193874718306 46.864896917698445 23.003155396656098 2.9093842169557718 0.9900727897857564 -0.7238459977724006 -0.2944214058954344 -0.6398121917454773 0.9256438167801377 1.532892462982005 
32.0 -0.23671516936789772 2.060460802434079 65.90783734556251 20.26963691633034 4.041393714107869 0.8244816897673672 0.6066457227873343 0.78344186673678 -1.047270443927232 0.8957961747487104 0.17362501718153567 
34.0 0.37152897920935857 1.3653110341268757 68.66071368865403 27.626121576730725 3.278516672468868 0.8966608874347912 1.1039032091091485 -0.2108695057303862 -0.8587407935543752 1.2713596420439899 -1.0190271252808998 
36.0 0.7294785882183703 3.348295712578846 116.34199746264844 33.141496128392134 3.60820154959805 0.9030243106514888 0.07392454249719549 0.6855391701627127 -0.9155978541391505 -0.5414152564937638 -0.05232098120751516 
38.0 0.042171537792427216 5.564706551474643 157.9346932316616 42.31323320048443 5.513488251010273 2.077973959547137 -0.4670906986233092 0.4528127343656365 -0.6434339355816405 0.5455046300451443 0.24822992529951193 
40.0 0.4702838484033123 2.5429320624190836 127.80464576765186 53.66986474406403 4.336188917818674 1.5185364564429449 -0.828768278303869 0.35093634171443 -1.569652770922886 0.430879733307421 -0.013352598578308061 
42.0 1.7013319609542918 6.370937191851766 177.32932434219472 101.30197648033155 7.378534983448958 1.4283815020524742 -0.24893620537122274 0.772336802078712 -0.6450527864711546 0.7448550581237612 0.658175443965547 
44.0 -0.02163416759341885 7.360225959227904 171.9316340189557 116.5072924339627 6.840895160230758 1.564572409176094 1.0137585803875595 0.9549625280039322 -0.5609107028080871 0.7770740522554149 -0.12237417488429969 
46.0 0.9211395538204954 7.078220153182883 190.86845874585853 135.86779901767326 11.139688887732206 2.1291161828992244 0.3410471738710612 0.6824467728651484 -0.29787220350908683 0.8800074092237935 0.11933758664679317 
48.0 3.688065679079074 11.223777193996625 323.6038959323772 169.6456606345976 13.570681609486144 4.57247836202896 1.219043920697203 1.2426882353385622 0.3178275966795354 0.8587474775262365 0.11270629421170497 
50.0 1.9531060540713554 11.831011250171258 337.22677468231234 205.20522139109354 13.176785759326094 3.1415587470053765 2.1230922588760848 1.1723964936255697 -0.16763452489493602 1.8762685132796264 0.4470789593208906 
