650.0 651.0 652.0 653.0 654.0 655.0 656.0 657.0 658.0 659.0 660.0 661.0 662.0 663.0 664.0 665.0 
19.96 5.742353494019113 -1.9506120883570475 -0.9297124086093902 4.288763171316987 -2.8242211878366845 4.4615480327093735 -2.2391205104498226 55.87238504939967 60.951557848790316 11.842836097753121 1.5901998500968944 -1.2379047807758639 0.6664776329844244 2.9441478217720203 4.440932112661329 -2.0884503159497285 
21.96 5.3271631220750635 -1.817480383121108 -0.7199545491858714 3.919576323518612 -3.1970425934705418 3.829138741278001 -3.897910362670615 46.40021282204435 26.07241939646738 9.053870778546894 1.029262255113764 -1.4272198043066453 0.29849626077287894 3.0490699436795694 4.233472516071799 -2.7522501534654964 
24.2 5.601914530997391 -2.064635165159558 -1.7510604771367753 3.8650314045791276 -2.8687754127060145 3.9612184097300656 -4.534051053166792 36.56177093562269 15.618136642147647 6.9772931092260535 0.8242845689842113 -1.941865315294308 0.6721969580354141 2.671561615366869 4.043571320669855 -2.2603508304363515 
25.96 4.849176433973298 -2.337695733013277 -1.5027582381549962 3.5312534854157605 -2.586093693304946 3.5188701882285613 -4.743491271606956 27.310565707674385 10.892282426443899 6.215658974976918 0.8775098450480812 -1.5969418814501068 0.8156823222919343 3.0823258936349873 4.2652633292321696 -2.197812895894998 
28.2 5.168991662510564 -2.164719803965852 -1.7896437167629529 3.514583403402412 -2.987041853667705 3.6529820353121636 -5.228684018515992 14.046413035510653 6.303637637101275 5.980706754758472 0.4687476162344524 -1.5134975301646705 0.2580682190187247 2.880484697375806 4.348752202490715 -2.1782767104859886 
29.96 5.366532475604657 -2.3054925060201583 -1.5190444172226307 4.061331990559694 -2.724550575704228 4.126284357432269 -4.719233922829886 2.911539193825206 6.243691554139588 5.595882456196875 0.542105353993918 -1.2798120991708402 0.9939395830692206 2.6601459389794115 4.418129854195342 -2.390475381169068 
32.2 4.980050548912345 -2.1327589002823686 -1.54425982667712 3.6061740997576806 -2.9827737436374093 3.5064514059971827 -4.676448593232124 4.499224141127144 5.868658896035839 5.652246613047936 0.5817095142643041 -1.7225075789887399 0.3092302180886861 2.554666125515695 4.184363253195414 -2.504974602504518 
33.96 5.3241311150274555 -2.07171197330058 -1.1648296264224882 3.920629925137547 -3.2841415687875326 3.6810240154602525 -4.90658703475242 8.684029711976052 5.922758275876447 5.450187721774483 0.3605324307139881 -1.8199998834681423 0.2521247777710869 2.8580420592775795 4.366801609971986 -2.389139554463668 
36.2 4.834394689545547 -2.029927709829167 -1.4253751646082833 4.029831984236864 -3.0523025055825883 3.7827133250125655 -4.525235733575471 13.344449360191987 7.49526308500802 5.958026736055075 0.7660564067153075 -1.791657311033191 0.49157225637807755 2.940281356304041 4.128699754035665 -2.127140535672652 
37.96 5.19030701067976 -2.3299675824784742 -1.4376468200545958 3.645238027138504 -3.020000108123355 3.5054798926786646 -4.922344623450073 13.187528320975304 9.131004761486992 5.712165565130789 0.2913903943350249 -2.0672355788282175 -0.10213979830723474 3.0804667820270026 3.966034647838825 -2.2955306867650904 
39.96 4.9711304586143115 -2.0469781928578072 -1.5526337901348768 4.095428099757044 -2.6589386587555452 3.5916753934488668 -4.216759487453061 22.20215149307677 10.975523290519874 5.651050801975231 0.7754231264495104 -1.6545720622430622 0.8306606080154779 3.07528136631052 4.655383848641549 -1.897121718247746 
