500.0   375.62221462828234
501.0   379.1210259602446
502.0   378.86457574926794
503.0   372.32920044036246
504.0   376.9372259269574
505.0   363.5793535236045
506.0   358.7973945176914
507.0   354.45767720543563
508.0   336.3239818956216
509.0   331.80098884903845
510.0   323.30681149828985
511.0   321.9781949025239
512.0   318.5471603954435
513.0   316.8596972189505
514.0   294.2418835273844
515.0   300.36532679350665
516.0   306.8193206275294
517.0   314.3312889405732
518.0   303.2565261049694
519.0   313.0497333732628
520.0   296.1065898799242
521.0   310.30125846624145
522.0   318.9938565672725
523.0   312.97039191576204
524.0   315.3579297456876
525.0   339.21473126534966
526.0   342.19211006202124
527.0   360.1778385130897
528.0   366.90895652715733
529.0   380.4320153205295
530.0   402.3950790824971
531.0   416.5136228942341
532.0   424.8979148885019
533.0   444.88033453250563
534.0   462.0866780255398
535.0   477.10221250312094
536.0   500.7731610739231
537.0   510.6437932577556
538.0   527.0402642923084
539.0   543.7533126005721
540.0   548.2057281618802
541.0   540.7593963446087
542.0   546.9950558599617
543.0   554.749947286065
544.0   541.9402883641955
545.0   532.11853015869
546.0   522.9701171244723
547.0   508.0256755434486
548.0   500.6505489705294
549.0   487.4997166337252
550.0   474.28741235220707
551.0   451.4653426011613
552.0   460.65531782831624
553.0   435.61888211481244
554.0   432.307708126143
555.0   422.7317487689187
556.0   418.7622580120046
557.0   411.3748241508674
558.0   413.2995577546126
559.0   395.64716149131124
560.0   398.46997962888656
561.0   398.705701048861
562.0   387.85999008589516
563.0   393.3378781860987
564.0   412.9367906047705
565.0   400.0819718952712
566.0   432.1401581804242
567.0   425.3969137202597
568.0   419.093030998067
569.0   446.2614763288278
570.0   461.8550338777558
571.0   465.03656497924595
572.0   460.6365328784863
573.0   478.30371087521974
574.0   489.66799752176047
575.0   520.0704960892592
576.0   523.5444446052911
577.0   542.291624085602
578.0   557.614838289232
579.0   572.5817915515343
580.0   596.4687004696892
581.0   610.2800261235286
582.0   629.6142503673767
583.0   644.5235926058783
584.0   650.7843094284758
585.0   672.766770715883
586.0   685.3155139070667
587.0   678.3052411594783
588.0   693.7785448981017
589.0   702.8453726843356
590.0   691.0162657482023
591.0   699.2536075050316
592.0   683.6237933026988
593.0   681.3133137857928
594.0   673.3096772630704
595.0   663.5447566342591
596.0   653.5996979105071
597.0   639.7844662535861
598.0   631.0071807356655
599.0   621.8388880657947
600.0   604.2508097982084
601.0   595.5858321086084
602.0   579.0172856204524
603.0   599.8990708431777
604.0   575.1217471298316
605.0   578.0972138267034
606.0   589.5779475165475
607.0   579.001352877159
608.0   580.4949095925206
609.0   549.7264083032273
610.0   558.0712100564924
611.0   551.5159435952978
612.0   573.2141701821433
613.0   552.0370465027748
614.0   532.6122258091534
615.0   539.0098828367937
616.0   553.4506165820617
617.0   564.5226383370671
618.0   552.0070390765446
619.0   562.1971575964114
620.0   563.7153561361636
621.0   591.750211610487
622.0   592.5878609794877
623.0   624.0108717175447
624.0   638.8169521229527
625.0   656.410929012736
626.0   692.5744232708424
627.0   708.5800898188866
628.0   732.7995496001511
629.0   760.809149988135
630.0   773.5165037405234
631.0   801.0203268294031
632.0   821.4097918447678
633.0   845.2474050276013
634.0   862.8917003501749
635.0   884.9314790208828
636.0   906.4017827648142
637.0   915.9726218157083
638.0   909.6694769288104
639.0   949.1761080539147
640.0   959.1817032949428
641.0   967.7627111464672
642.0   968.2805940047183
643.0   965.3301181807037
644.0   963.5737633336726
645.0   964.9461989238428
646.0   974.2100035517471
647.0   957.1285935627618
648.0   949.571575512418
649.0   942.984228891423
650.0   934.2705584336309
651.0   932.2260797510498
652.0   927.9098377316998
653.0   912.1232518722991
654.0   910.5283995555004
655.0   902.9610051195314
656.0   896.6221166131123
657.0   894.5524134098152
658.0   880.7425818470019
659.0   884.1158446437034
660.0   883.7276135999069
661.0   877.8414935192638
662.0   893.0238518802098
663.0   890.9382602289866
664.0   908.2258461056454
665.0   931.1843780409386
666.0   910.0666814995407
667.0   911.5883828144883
668.0   902.9750200793337
669.0   916.3892849481704
670.0   958.8719136112172
671.0   971.9075360955935
672.0   986.9243312756424
673.0   980.1456894771038
674.0   987.2962012940409
675.0   1023.4521374958912
676.0   1020.0113806875136
677.0   1053.0865822735582
678.0   1070.5008208105887
679.0   1095.5331976024506
680.0   1125.7460672639422
681.0   1146.0123375528042
682.0   1167.483989890136
683.0   1195.3684791348055
684.0   1215.824311083947
685.0   1252.8882190318423
686.0   1274.9356454509993
687.0   1298.998916947195
688.0   1312.1050008405286
689.0   1356.1768653080344
690.0   1382.818433278584
691.0   1392.4844003495193
692.0   1440.4797813465973
693.0   1473.6629628722426
694.0   1463.3315724200738
695.0   1498.9809218614857
696.0   1492.796794487311
697.0   1481.7476515287285
698.0   1549.0416745730197
699.0   1558.8073319624766
700.0   1541.3688622289212
701.0   1518.1016448433566
702.0   1552.6434505096431
703.0   1531.1129808777239
704.0   1539.6793923856276
705.0   1552.0090944705082
706.0   1550.5695195349485
707.0   1541.9113755931844
708.0   1524.587193109296
709.0   1514.0056663562248
710.0   1489.5122744878747
711.0   1469.5501204759405
712.0   1460.5318024210442
713.0   1447.4218030429704
714.0   1432.9014662713676
715.0   1414.409912265016
716.0   1401.943568938646
717.0   1417.5747479677455
718.0   1369.3166059647867
719.0   1390.594970744521
720.0   1359.3470825116497
721.0   1348.012698683005
722.0   1351.6063168392484
723.0   1341.370731186789
724.0   1341.177101872914
725.0   1302.908949932592
726.0   1303.351684777056
727.0   1297.3001853189649
728.0   1283.7491270692508
729.0   1301.1982180816003
730.0   1233.4038259318907
731.0   1255.7666533388071
732.0   1297.1396641039803
733.0   1279.7705171992104
734.0   1276.7351760545491
735.0   1265.170786990669
736.0   1206.1268229232396
737.0   1217.439532209718
738.0   1238.1110160508342
739.0   1209.3983234718964
740.0   1271.1477155599323
741.0   1236.4028742986095
742.0   1257.3448320258644
743.0   1223.9625575681007
744.0   1218.2858439706615
745.0   1181.1713821445928
746.0   1185.232711493141
747.0   1191.8148100217786
748.0   1193.095602314489
749.0   1223.0751649489014
750.0   1252.8516579986626
751.0   1275.3099112710988
752.0   1324.6216296358486
753.0   1383.0465569944074
754.0   1435.0547500053726
755.0   1505.5997509300869
756.0   1563.5325876572913
757.0   1612.8599956526814
758.0   1699.4203832292387
759.0   1735.9241993544347
760.0   1791.7200341958103
761.0   1858.256141088425
762.0   1919.5463331913184
763.0   1991.4630211804954
764.0   2030.874438790088
765.0   2069.303025384081
766.0   2114.3075374400873
767.0   2122.974316827437
768.0   2218.861951405924
769.0   2168.3711538232546
770.0   2211.9888129155734
771.0   2208.9245878455467
772.0   2209.352895263471
773.0   2153.070567910619
774.0   2185.823281520093
775.0   2145.1607448137574
776.0   2151.17947656585
777.0   2160.3847370796057
778.0   2151.029004211334
779.0   2086.6957466460713
780.0   2077.0403254163502
781.0   2035.9358094400102
782.0   2013.08702334638
783.0   1968.6766848243049
784.0   1935.203634164784
785.0   1886.4793396796085
786.0   1851.7580036185605
787.0   1811.8687019617162
788.0   1783.3266615027906
789.0   1751.9150133519104
790.0   1722.8185959750701
791.0   1662.7337029408507
792.0   1644.3229079740956
793.0   1595.1241757641885
794.0   1552.4322857133968
795.0   1512.4245336308381
796.0   1488.2403055339303
797.0   1502.3892437047004
798.0   1418.4096916954393
799.0   1357.889673258018
800.0   1342.8589936122014
