500.0   302.60270378741234
501.0   303.9176506303625
502.0   306.2629185329936
503.0   300.38701888874243
504.0   300.405617216947
505.0   290.12194922124206
506.0   288.285670976736
507.0   278.5125495316284
508.0   268.64132786955
509.0   266.5065895522012
510.0   253.3552989786798
511.0   253.18217133046224
512.0   253.34420894608562
513.0   252.85437063697262
514.0   241.03411798268957
515.0   240.16567656880085
516.0   250.2705276265067
517.0   249.71023818414068
518.0   241.9796781385939
519.0   248.75836519033734
520.0   240.92700037585732
521.0   248.9880401343919
522.0   258.8618709875692
523.0   251.3278033609472
524.0   255.12139233080342
525.0   273.02220596301026
526.0   278.4071221227397
527.0   290.27445157055763
528.0   299.69504505573104
529.0   312.68188116669774
530.0   322.8149770275595
531.0   338.78113640587037
532.0   345.8874607554077
533.0   360.1979080925276
534.0   371.0763914016289
535.0   387.7785539502492
536.0   401.25591858336134
537.0   416.10902630985316
538.0   424.3742727975983
539.0   440.55638560366486
540.0   440.2886353471824
541.0   437.36674200748587
542.0   442.38919253971125
543.0   448.86622296185755
544.0   436.55192296166945
545.0   436.42713636675086
546.0   423.5885811392312
547.0   414.5314630926534
548.0   406.5832751230002
549.0   395.56042582669824
550.0   384.71519638332825
551.0   367.6350509650596
552.0   376.0504216184397
553.0   354.09631905717174
554.0   352.014945838804
555.0   344.3330845770332
556.0   339.3265344700933
557.0   333.4068701138957
558.0   340.2118321347838
559.0   328.3969883408185
560.0   329.27537091587544
561.0   333.92308485628564
562.0   315.76659597178826
563.0   321.66851835325036
564.0   339.0449020188173
565.0   328.96042136973847
566.0   352.82893867843273
567.0   348.73554740485713
568.0   344.7964633269113
569.0   363.8381689397472
570.0   376.7788486011184
571.0   384.99314295070343
572.0   377.68843426847724
573.0   393.80354679455627
574.0   404.1764247899229
575.0   424.8552622087404
576.0   433.83373925624574
577.0   448.613653425246
578.0   459.38889127473016
579.0   471.09501219336124
580.0   489.77206663782874
581.0   509.5929049047507
582.0   519.2175225769478
583.0   530.6467583250221
584.0   537.0399141333874
585.0   554.4408348243838
586.0   568.9055902013555
587.0   564.8223959352331
588.0   571.7408819811692
589.0   580.4262349170672
590.0   567.8601041918656
591.0   577.22327373078
592.0   559.7264985757564
593.0   565.9138906440553
594.0   558.393158436558
595.0   550.3296967633989
596.0   542.040349486392
597.0   528.9576498071813
598.0   520.7389002704834
599.0   510.7579042948704
600.0   500.3021246760372
601.0   498.19470191170177
602.0   480.5532941656168
603.0   497.97535197877414
604.0   475.5152922198646
605.0   473.9743947749813
606.0   486.1164001018952
607.0   483.4943232490868
608.0   480.2955670483005
609.0   455.28649376138424
610.0   464.6740962549405
611.0   458.6046867721006
612.0   471.0799799596391
613.0   452.7443478251289
614.0   446.57079972038963
615.0   448.09225215071683
616.0   459.03347951871143
617.0   471.98835001333504
618.0   458.90822393010444
619.0   468.22720683943925
620.0   473.2374117222284
621.0   500.79084321947875
622.0   495.68636088731597
623.0   522.3766316309386
624.0   532.0774366970935
625.0   553.2090859392536
626.0   577.2038312184227
627.0   596.39320309246
628.0   614.4905762747471
629.0   631.4753567406433
630.0   650.4418620123834
631.0   667.8129519196398
632.0   687.5076431457801
633.0   700.3737751725268
634.0   718.3172380056583
635.0   741.1933739430128
636.0   760.8733851501976
637.0   764.7141304226044
638.0   765.5601401331969
639.0   792.2268020407489
640.0   802.1999541122378
641.0   804.9614706561306
642.0   806.7804387614563
643.0   809.42547566486
644.0   808.8895505123885
645.0   805.6820879153577
646.0   810.3434527521446
647.0   797.1520726628969
648.0   789.3297697525595
649.0   787.1516111467505
650.0   778.150261003351
651.0   783.2890517011169
652.0   774.4065767944796
653.0   764.7151199170869
654.0   762.5934150652062
655.0   747.752154347286
656.0   755.1193389392802
657.0   756.618699152099
658.0   741.0161590022055
659.0   745.6007929394297
660.0   745.3277069201667
661.0   744.7888021347028
662.0   743.4073016964528
663.0   748.9314235980657
664.0   761.3388295012821
665.0   778.2943571795878
666.0   765.369550008772
667.0   764.6673135388439
668.0   762.4226418268572
669.0   778.1838044014892
670.0   804.9106417744435
671.0   819.8065053430462
672.0   835.2564382640059
673.0   826.749060968675
674.0   830.7126766226414
675.0   857.399822218952
676.0   862.6700170860611
677.0   882.5670848245151
678.0   902.4812813811474
679.0   924.9577797126594
680.0   953.0837988613713
681.0   967.8878858912525
682.0   994.7756697989132
683.0   1015.0813217827392
684.0   1028.7129069373188
685.0   1062.2078402989227
686.0   1082.1405228544788
687.0   1102.778387551164
688.0   1120.2966353060515
689.0   1147.9379670738017
690.0   1173.0795181249782
691.0   1179.4897760373435
692.0   1226.6269137370023
693.0   1252.0667271193172
694.0   1247.0886042459476
695.0   1281.9780594120482
696.0   1271.4846924105038
697.0   1258.7140887662836
698.0   1314.773812974859
699.0   1323.998833584088
700.0   1317.6952741769055
701.0   1290.644204541851
702.0   1317.4712846088448
703.0   1304.4102321808807
704.0   1317.4527125858913
705.0   1324.3522134168338
706.0   1322.7251497569061
707.0   1310.6699351151783
708.0   1295.0940425276956
709.0   1292.0492198878685
710.0   1270.3136213694193
711.0   1256.2059600892753
712.0   1238.4301561321183
713.0   1228.7465252294776
714.0   1221.813642049296
715.0   1206.7544211716095
716.0   1194.3845762138683
717.0   1207.992082826562
718.0   1173.3534268021972
719.0   1189.402067532141
720.0   1148.8295530611115
721.0   1146.9124319546668
722.0   1143.8605093664078
723.0   1143.4093132307614
724.0   1142.1698509267633
725.0   1113.4997256654815
726.0   1111.0224713463356
727.0   1115.209445188548
728.0   1097.433165739153
729.0   1110.6237753060268
730.0   1052.6515444326744
731.0   1070.0817223521035
732.0   1115.2377183885758
733.0   1107.2501493555706
734.0   1101.7855374113367
735.0   1086.7001681697568
736.0   1043.4764725025104
737.0   1050.9394396251632
738.0   1066.144763659679
739.0   1037.767765427521
740.0   1097.9928729872702
741.0   1057.7904165799787
742.0   1079.1834595440573
743.0   1055.52992294724
744.0   1051.6168953335266
745.0   1025.4818584019552
746.0   1022.6170082495535
747.0   1033.7851650844682
748.0   1023.9535108501689
749.0   1048.2278756296453
750.0   1073.006674589632
751.0   1096.1561309986341
752.0   1134.9047601301852
753.0   1178.7932914543173
754.0   1228.0418971355784
755.0   1283.9906170237232
756.0   1336.7739871690133
757.0   1379.9039592700703
758.0   1457.5097806993363
759.0   1475.6540687133056
760.0   1544.5642903839275
761.0   1605.0758735675636
762.0   1664.3945452138396
763.0   1719.919898059331
764.0   1750.0420128328753
765.0   1787.2953710863155
766.0   1831.3090511630821
767.0   1832.7525202840725
768.0   1914.665269334201
769.0   1887.5281277645133
770.0   1911.8634848142483
771.0   1918.3421473816197
772.0   1920.468465255949
773.0   1872.3826481981514
774.0   1892.7172115263124
775.0   1861.343163008676
776.0   1865.6890953432849
777.0   1870.9179225362082
778.0   1871.861395387961
779.0   1803.089005511788
780.0   1807.0117568905425
781.0   1773.1228758792467
782.0   1739.1911268614413
783.0   1703.8658729298782
784.0   1676.7526906091593
785.0   1638.109672344634
786.0   1609.6980780819788
787.0   1579.0792127316743
788.0   1543.150078914878
789.0   1521.692757162275
790.0   1483.6176505632538
791.0   1444.641605751278
792.0   1422.712899231621
793.0   1374.3077626717916
794.0   1345.2822343041735
795.0   1318.1862659917952
796.0   1284.8584668061976
797.0   1303.6639334440026
798.0   1231.769930346031
799.0   1177.114812804582
800.0   1162.5103247428615
