500.0   226.20004616993592
501.0   224.41037208636146
502.0   225.0421427527931
503.0   223.12353128182482
504.0   223.096155718545
505.0   216.85585840604645
506.0   217.7211013246367
507.0   210.66462374665707
508.0   199.12369782651274
509.0   200.89479761513041
510.0   192.649741358673
511.0   189.96274898617682
512.0   188.70972716653515
513.0   192.20337984176635
514.0   178.47166443898925
515.0   182.26984894464096
516.0   189.2709540598783
517.0   190.02260331147386
518.0   181.24345107334898
519.0   191.32685562497724
520.0   183.62301616260257
521.0   189.3484108836313
522.0   194.53308715074004
523.0   191.7254667380672
524.0   196.0053338087552
525.0   209.8837644240198
526.0   211.96836869736524
527.0   221.2582465792656
528.0   229.41306949720592
529.0   236.1330173092278
530.0   246.96785602730898
531.0   259.64836485426997
532.0   263.85898129246834
533.0   279.0608321184341
534.0   284.4627479000814
535.0   297.4565251635931
536.0   311.02277499819036
537.0   317.5731423583241
538.0   331.3027712640023
539.0   338.25858327115833
540.0   340.47729981985464
541.0   338.61965996110325
542.0   337.9301976526479
543.0   343.7701060997677
544.0   337.9083776280229
545.0   335.6303167664361
546.0   325.1453907027253
547.0   320.63238469533127
548.0   310.2444394861699
549.0   306.14280498366264
550.0   297.15139040476595
551.0   281.51886678850747
552.0   290.5226033873904
553.0   273.9857368363039
554.0   272.5725977105852
555.0   266.292322445988
556.0   262.71566558610084
557.0   255.75723537880893
558.0   264.01052661322024
559.0   253.4309231645944
560.0   258.48750681687454
561.0   254.268092435171
562.0   245.48951655614684
563.0   250.31808146848977
564.0   261.3367200456265
565.0   257.5831156462831
566.0   273.99379938004347
567.0   272.02639707585195
568.0   267.5973575818506
569.0   285.8834865799215
570.0   296.74526646617505
571.0   297.2036528642855
572.0   295.7567185585495
573.0   307.15718985134845
574.0   315.9147346138236
575.0   332.32440015900266
576.0   337.8597723213645
577.0   343.5004279364053
578.0   357.3657952176837
579.0   370.9282899782599
580.0   384.5994315843983
581.0   392.4977736921723
582.0   404.47515334743537
583.0   414.0104437310528
584.0   419.2467670481158
585.0   433.3041863966415
586.0   443.82688068357345
587.0   441.43494217010596
588.0   444.1213785011299
589.0   452.9540588837049
590.0   447.3036072246607
591.0   448.7740926570411
592.0   437.3517891697901
593.0   442.24178523009317
594.0   437.72687876997816
595.0   427.9591558738572
596.0   425.51276301996023
597.0   412.8987689433787
598.0   408.85036417407025
599.0   402.1032711129046
600.0   390.89469259378467
601.0   385.84599441109896
602.0   374.53313297522976
603.0   385.51609769218885
604.0   375.096001313516
605.0   373.38471980747624
606.0   381.0497426705584
607.0   377.59715612877534
608.0   374.6076761203539
609.0   355.68083523031623
610.0   366.15144100390313
611.0   359.0211217609578
612.0   372.01713769300966
613.0   360.38294779436546
614.0   346.86534686698286
615.0   349.9623109707717
616.0   362.3638959526898
617.0   370.61207067376796
618.0   365.0891139143872
619.0   373.3707604528964
620.0   377.14944144522684
621.0   394.79901342292777
622.0   396.8308817155303
623.0   418.1396392225725
624.0   424.4612941532083
625.0   439.47171515938055
626.0   460.52842952068943
627.0   471.7576136525201
628.0   487.5778355172195
629.0   500.666577228501
630.0   516.7397663804506
631.0   535.7141828365452
632.0   545.6456038682867
633.0   556.6778584097204
634.0   573.498868101412
635.0   588.815714521033
636.0   604.3145767997065
637.0   612.0761454844398
638.0   608.2846244954508
639.0   631.4634519865294
640.0   636.383194320845
641.0   642.0142916442703
642.0   642.9213612939059
643.0   635.0408931718298
644.0   635.0679944975911
645.0   636.3668701853117
646.0   647.3824922323552
647.0   639.796514892108
648.0   630.3898823829122
649.0   627.4628696854639
650.0   622.983648677628
651.0   617.5422495328644
652.0   610.1670070442312
653.0   606.7761941163985
654.0   605.4393314573491
655.0   594.8227383350538
656.0   598.3165447828022
657.0   604.7410895990051
658.0   591.3481855128932
659.0   595.6783979245806
660.0   596.750376123428
661.0   587.6756542782296
662.0   597.1756927228441
663.0   598.9348081794576
664.0   605.6070477999242
665.0   624.5705401335699
666.0   613.2846616572515
667.0   617.507983048374
668.0   606.3895664099679
669.0   620.4527859826301
670.0   644.1492691511605
671.0   654.428276087641
672.0   668.2626168334967
673.0   656.5578919200107
674.0   662.9645859007288
675.0   691.7517340109531
676.0   691.0959577195767
677.0   712.730363111915
678.0   725.3082467030937
679.0   737.3848400966772
680.0   757.3036481342713
681.0   777.7501299983641
682.0   795.5869356252065
683.0   812.1860527613305
684.0   830.7060240511632
685.0   847.2470166085385
686.0   860.9779911524836
687.0   886.8395633207008
688.0   891.796499704901
689.0   919.5429731406896
690.0   937.4860825823272
691.0   949.5525214517073
692.0   987.8438757418951
693.0   1009.0291244629169
694.0   1007.3633022414515
695.0   1027.8586864266535
696.0   1021.864192579542
697.0   1014.1082142479769
698.0   1064.2604596694332
699.0   1071.066004787631
700.0   1061.3070859410793
701.0   1044.7825472766692
702.0   1067.3529150267336
703.0   1053.683928665019
704.0   1060.1339107395288
705.0   1065.1740276777196
706.0   1066.305050968359
707.0   1052.7416975151123
708.0   1048.677839024669
709.0   1035.9349745685686
710.0   1022.4451248268289
711.0   1015.4189479132482
712.0   999.2214760036096
713.0   1000.2095067205616
714.0   990.0101460111356
715.0   967.1677555730514
716.0   966.9987650846182
717.0   980.9792698566714
718.0   943.5360844400532
719.0   961.7355265659753
720.0   935.849171003499
721.0   926.771586698727
722.0   935.8068674988566
723.0   925.522205920873
724.0   927.2025081677893
725.0   903.0906869838967
726.0   899.2543789795935
727.0   898.100621859398
728.0   890.8544300726406
729.0   899.8691041690436
730.0   854.0132848945208
731.0   868.8063176054186
732.0   902.3643826204669
733.0   896.2865398470276
734.0   888.8139846810116
735.0   883.1870923631145
736.0   846.5336282210095
737.0   854.2815176947979
738.0   869.2127790125987
739.0   853.4621963848986
740.0   890.497175875101
741.0   865.6751802109591
742.0   880.4787468844825
743.0   858.5151219408206
744.0   861.0753576718497
745.0   842.5800119385547
746.0   839.298997373385
747.0   847.583672272467
748.0   838.3942341211159
749.0   856.0588546263982
750.0   878.7709744552119
751.0   886.8916449939621
752.0   917.1323568427038
753.0   960.4103507441841
754.0   995.6924487856686
755.0   1042.467990035212
756.0   1084.0101604697568
757.0   1125.9010738441725
758.0   1183.3089572868462
759.0   1204.801949372667
760.0   1255.8094982070486
761.0   1311.4717207374854
762.0   1351.6718755786342
763.0   1405.6617928458156
764.0   1426.8956811273458
765.0   1461.5569536014889
766.0   1488.7504464879353
767.0   1500.8294876655616
768.0   1565.8965487028242
769.0   1547.1640898094952
770.0   1570.705726577326
771.0   1569.5815779390894
772.0   1573.594457886663
773.0   1541.2758481213964
774.0   1559.9752063664166
775.0   1528.535355351412
776.0   1528.9769401407752
777.0   1536.0315267551377
778.0   1534.142483912982
779.0   1488.3521148611917
780.0   1491.421720461878
781.0   1451.893835963583
782.0   1430.832990962424
783.0   1407.7913221602914
784.0   1374.5071264671433
785.0   1344.2388369409427
786.0   1324.308796696008
787.0   1287.1205947319477
788.0   1264.5771505015146
789.0   1250.8907776423716
790.0   1227.4646265216168
791.0   1183.7990804192946
792.0   1172.3943263825838
793.0   1128.9258624591043
794.0   1099.8477843230644
795.0   1075.8824990521775
796.0   1053.3736611531062
797.0   1067.6517127611305
798.0   1008.1593938001527
799.0   961.4018283056689
800.0   954.3232441193726
