500.0   161.6891933760842
501.0   162.06315051474513
502.0   160.3034245489721
503.0   163.92007327168037
504.0   162.94873679346887
505.0   153.4150866014585
506.0   152.8403326827607
507.0   151.16891617897397
508.0   145.82590866057626
509.0   141.47995255335172
510.0   138.22032015763665
511.0   136.798737221682
512.0   135.98273339419947
513.0   135.98795515259476
514.0   127.87611129383492
515.0   130.89647354947573
516.0   134.63364344876703
517.0   136.69137890724522
518.0   132.6189260934887
519.0   136.3524799354427
520.0   132.57182662638277
521.0   138.54609757304274
522.0   138.5641037314147
523.0   139.527134107755
524.0   139.9494297405692
525.0   153.8224704681007
526.0   149.87259451691915
527.0   162.62574042068795
528.0   166.11045542620735
529.0   175.13672669850752
530.0   180.8623434617865
531.0   188.84221545946852
532.0   194.80409214934886
533.0   203.48984725308117
534.0   205.94017535381653
535.0   215.95119197345133
536.0   226.82926572385784
537.0   232.1189339132655
538.0   239.47368187383148
539.0   246.13515383281822
540.0   245.63614905516846
541.0   249.13381113920235
542.0   248.97340165125246
543.0   256.45188178627194
544.0   245.09169181741095
545.0   242.69534488653693
546.0   239.63344412970721
547.0   234.87683303083583
548.0   224.8529083002316
549.0   223.0929266843363
550.0   217.60206684834466
551.0   206.54640799383233
552.0   216.292325907445
553.0   198.67726189159103
554.0   200.89674976286645
555.0   196.80375242803464
556.0   194.44848028958924
557.0   189.96184354564636
558.0   194.74094480260368
559.0   190.07921476140876
560.0   189.88446646489749
561.0   188.27028105787315
562.0   181.5324933692932
563.0   183.6135899595995
564.0   195.66817065032146
565.0   191.50146215541292
566.0   203.01004000097004
567.0   203.66061485286656
568.0   199.4977649046477
569.0   213.74489516871662
570.0   219.0792193643924
571.0   224.29800562625076
572.0   218.05792557271326
573.0   229.55411842535366
574.0   237.99891384269694
575.0   250.02661006118387
576.0   248.25554809335037
577.0   259.1467677615683
578.0   268.30069606875827
579.0   279.6279929813566
580.0   286.51513548993773
581.0   294.79811656255947
582.0   299.2852533284812
583.0   309.47135985384716
584.0   315.18618456723414
585.0   329.34850766148224
586.0   332.2513414927963
587.0   329.7467908094101
588.0   334.74552161607323
589.0   339.65542327533933
590.0   337.2428207189654
591.0   338.8885172716162
592.0   326.72215672462676
593.0   333.52703861180015
594.0   328.4205393450575
595.0   321.64572800337345
596.0   316.1387358697823
597.0   310.39576643737206
598.0   304.302785368306
599.0   304.1900564202807
600.0   294.7372557299731
601.0   290.9113526577093
602.0   283.8302985500658
603.0   294.36722922369165
604.0   281.9379330706033
605.0   281.0022464726916
606.0   288.4413586756145
607.0   283.0259414647115
608.0   287.76158380367605
609.0   268.85363595749845
610.0   273.79145458740516
611.0   272.96582824889384
612.0   280.41027176196883
613.0   270.69443442654904
614.0   266.0885734742171
615.0   268.79334440335094
616.0   276.0402604555905
617.0   283.94416274732646
618.0   276.83126030957885
619.0   280.85458330048317
620.0   284.8136804390834
621.0   301.0352648699547
622.0   300.213700186641
623.0   314.43253335028515
624.0   322.2735845793727
625.0   336.5373546718022
626.0   347.06084732968316
627.0   356.40068205249014
628.0   372.55504774933064
629.0   382.83269695066286
630.0   390.6328988500949
631.0   408.1559131534127
632.0   413.7241587653182
633.0   426.8082693342027
634.0   437.3918181136171
635.0   449.90707747504536
636.0   456.1644698970922
637.0   467.0580102516079
638.0   465.2467383143971
639.0   481.33200344004393
640.0   482.07137897418704
641.0   489.71013823427353
642.0   492.325579009803
643.0   485.2276878363216
644.0   483.4253465910546
645.0   484.45975190570965
646.0   490.09145604087576
647.0   480.8888595857375
648.0   479.6108231130637
649.0   468.9434917250685
650.0   468.19687478023394
651.0   477.02158961073155
652.0   469.6472540107133
653.0   463.11799163303806
654.0   461.0965017816744
655.0   459.2872445450126
656.0   454.68038397566363
657.0   457.0866618649405
658.0   451.4047175784881
659.0   452.18496976938127
660.0   455.34420427044654
661.0   448.84584684332003
662.0   451.5618059229504
663.0   455.3134350182626
664.0   467.4928947426968
665.0   477.2621824127418
666.0   468.54761773042713
667.0   470.334600171038
668.0   468.29731218442134
669.0   472.98799351637234
670.0   494.0455343050134
671.0   506.1173031214395
672.0   510.41841663506386
673.0   505.5254721663407
674.0   513.0975969667251
675.0   531.3471615479116
676.0   529.6896219263103
677.0   547.8477264679896
678.0   558.2063751437577
679.0   568.3082822172873
680.0   588.2052781152842
681.0   599.4764012128204
682.0   613.3830926739672
683.0   622.7216623469433
684.0   639.8090412754441
685.0   655.8166976835986
686.0   670.5265453301988
687.0   682.5077063588695
688.0   687.2173936467825
689.0   711.3670508836872
690.0   729.086836639417
691.0   730.3722217369913
692.0   758.1308272044657
693.0   775.3058742556074
694.0   773.547144593137
695.0   793.2672115980088
696.0   793.1147323908708
697.0   784.0398805472296
698.0   821.344468617834
699.0   826.0899745534706
700.0   816.8878373883467
701.0   800.5906055117297
702.0   816.8655926637186
703.0   810.4986488577165
704.0   821.1097255290563
705.0   819.1114021978514
706.0   818.1539384302318
707.0   811.7733466695598
708.0   811.7813021843756
709.0   805.7738928554811
710.0   793.7374922451951
711.0   780.8747820624951
712.0   775.6458516899609
713.0   765.983656517611
714.0   765.3637733417262
715.0   755.4304658591848
716.0   747.7446591033
717.0   751.4686403817243
718.0   729.6943684396285
719.0   738.4366012938153
720.0   725.4717947659859
721.0   717.629197303255
722.0   726.1345752237877
723.0   715.3812695953854
724.0   723.0872941757509
725.0   706.7308824973053
726.0   695.8949351010891
727.0   698.7013025343581
728.0   685.5006928366276
729.0   698.573794315444
730.0   663.0698960031525
731.0   680.1071189223044
732.0   701.1491088551957
733.0   698.1982580911047
734.0   690.4090578683163
735.0   684.3055806216489
736.0   663.1225690159991
737.0   665.718372343908
738.0   676.6266009572307
739.0   665.3912842306606
740.0   694.6279842602137
741.0   675.6755039480181
742.0   693.2722113486659
743.0   669.7105819714182
744.0   673.8110316603412
745.0   661.4035461383569
746.0   663.9739981185817
747.0   669.3939310343072
748.0   664.8579450122827
749.0   668.3386375411314
750.0   684.1210557639379
751.0   694.8977934005205
752.0   718.1553528194559
753.0   747.3143254251947
754.0   769.541482123542
755.0   808.1016312380539
756.0   845.1910931627672
757.0   869.0005395487858
758.0   922.6563489591559
759.0   932.1733322230815
760.0   979.6552297564558
761.0   1012.9714491648763
762.0   1051.0689279230992
763.0   1092.521717943642
764.0   1110.2201409927904
765.0   1140.715365004689
766.0   1164.5245353685834
767.0   1177.4934074113337
768.0   1227.275012144312
769.0   1204.818416404814
770.0   1230.5453434035544
771.0   1232.7317241560352
772.0   1237.2918630975294
773.0   1209.6172743789566
774.0   1221.903226961898
775.0   1202.1232979555646
776.0   1200.1958813567471
777.0   1207.7305077635901
778.0   1206.384118757663
779.0   1161.526944697845
780.0   1166.9308928182597
781.0   1145.8063832107207
782.0   1123.6545399622785
783.0   1101.5688006029764
784.0   1079.2099176182996
785.0   1062.1273638792384
786.0   1042.9489542359818
787.0   1012.5192743962559
788.0   994.3784299772974
789.0   981.6760579394911
790.0   962.1893883582571
791.0   932.0952123201903
792.0   918.4310671268286
793.0   888.1007537692167
794.0   869.1509530199263
795.0   844.6354116272495
796.0   828.560335085408
797.0   838.8698409799574
798.0   794.9407200260234
799.0   760.3045454904541
800.0   749.8637203171819
