500.0   111.20883007913201
501.0   110.14346881539285
502.0   110.19417311266557
503.0   110.45082391746408
504.0   108.70244877532622
505.0   109.89866487761023
506.0   103.67287998318162
507.0   102.04949405744162
508.0   98.19338196565417
509.0   99.27868474407666
510.0   94.73809134742919
511.0   94.21483282541985
512.0   94.62857449333504
513.0   97.12252252869766
514.0   88.15559960369563
515.0   89.59201577684416
516.0   94.68379516953615
517.0   94.94454142694451
518.0   92.15307487476042
519.0   97.2941631270784
520.0   90.77289386968656
521.0   96.14278270104728
522.0   99.4952497736567
523.0   98.25149340555703
524.0   98.35494846715943
525.0   107.99029771531647
526.0   106.22641830710631
527.0   113.9241998367228
528.0   115.11829692335209
529.0   122.40282065698625
530.0   125.78791197099457
531.0   132.02406833294268
532.0   137.45413702466058
533.0   143.94996237464443
534.0   145.0393220392001
535.0   149.05925380398656
536.0   159.1091457261942
537.0   162.28593500663663
538.0   168.90658604164156
539.0   175.30192192026908
540.0   176.75157434486027
541.0   175.52730563572197
542.0   173.8120876956496
543.0   176.70956185420988
544.0   172.3150014857829
545.0   170.9551445292284
546.0   166.15634389795107
547.0   162.60877223217238
548.0   160.97894542809553
549.0   154.50754552157127
550.0   157.49784442604775
551.0   145.53879653907214
552.0   149.4750079369818
553.0   141.58238127224283
554.0   139.09975200148986
555.0   137.665286480501
556.0   135.1202159138546
557.0   134.06934216725833
558.0   134.2936206906686
559.0   131.47762765809694
560.0   132.69511266324852
561.0   134.8104224284907
562.0   128.44129549257354
563.0   132.1897040963442
564.0   138.72137632403533
565.0   136.23628469467508
566.0   145.47387107312085
567.0   146.73653905175627
568.0   141.99739036374982
569.0   149.59803826453387
570.0   157.63269114316395
571.0   158.36381067340733
572.0   156.03080817908608
573.0   164.19120210998196
574.0   168.72321501392884
575.0   178.61051714471154
576.0   181.24892858883433
577.0   181.4984613641841
578.0   189.40889736910145
579.0   200.34306796396612
580.0   206.81069594713804
581.0   211.40261155821082
582.0   217.93142466552777
583.0   221.820927502821
584.0   223.79738010884148
585.0   232.96650323251836
586.0   239.08429119568197
587.0   231.9894920086513
588.0   237.22076829377076
589.0   241.63749233833087
590.0   240.13099546463167
591.0   242.51329990642336
592.0   236.31640490661866
593.0   237.0053457712529
594.0   234.31501176525933
595.0   231.0005771362852
596.0   226.09533494077482
597.0   222.36625535354005
598.0   223.01664619947448
599.0   218.25737172474322
600.0   212.6761145762501
601.0   212.14777367039358
602.0   202.0681994893452
603.0   212.90122612918518
604.0   205.47526083692514
605.0   203.29722585509094
606.0   207.9516514300824
607.0   203.18670119373905
608.0   206.6998861197892
609.0   192.57481035594074
610.0   202.46579325620354
611.0   197.94343835154967
612.0   200.5452825044906
613.0   194.46147519451424
614.0   192.1879929393794
615.0   193.93387744332802
616.0   199.31140616537783
617.0   205.68297061812927
618.0   197.83574733535661
619.0   203.40092340941442
620.0   207.75912038909848
621.0   218.9351971129471
622.0   220.22759402988095
623.0   231.66153829475064
624.0   239.86666603403745
625.0   246.33767971060877
626.0   255.64095753726335
627.0   261.78105856831
628.0   272.0227271699114
629.0   279.83893364415076
630.0   284.0721597161066
631.0   298.18608594085526
632.0   301.68684454214315
633.0   308.3632399330412
634.0   318.78713300898994
635.0   324.82628582605065
636.0   333.8771657566854
637.0   336.1466049032674
638.0   338.8860152042666
639.0   349.439589267753
640.0   351.62369204239246
641.0   354.4445414800986
642.0   358.93789616510816
643.0   355.70192567357526
644.0   355.03054318308403
645.0   355.8937081665711
646.0   361.2089814331009
647.0   355.98427382523965
648.0   345.9432017451213
649.0   345.7947921291791
650.0   345.18194864450805
651.0   346.65883892710815
652.0   343.7408396126821
653.0   336.27593578683434
654.0   338.26575791785785
655.0   338.8441375433271
656.0   336.00224308180213
657.0   334.4485552893513
658.0   330.5966089964729
659.0   331.3873669985767
660.0   330.47348171632063
661.0   333.4713363526422
662.0   336.49677389762996
663.0   334.04950957540194
664.0   339.9764631234679
665.0   349.9138688736698
666.0   344.9532280837836
667.0   345.12839406178205
668.0   342.36449048925726
669.0   346.97403616910077
670.0   363.6776113888523
671.0   372.82467402005466
672.0   377.5226448467304
673.0   375.66069562953885
674.0   379.49029643836616
675.0   394.6366739148215
676.0   392.3051091402211
677.0   404.909985498884
678.0   409.4308888016699
679.0   419.50191634960896
680.0   434.58667485277647
681.0   443.53181799645085
682.0   453.41384694997845
683.0   458.08063769679256
684.0   470.3098737762356
685.0   479.1606678220728
686.0   495.412196434382
687.0   505.85742240317086
688.0   512.01452175645
689.0   526.2270663422221
690.0   537.3125326858797
691.0   542.9030968700516
692.0   561.5874142732246
693.0   575.0291940547223
694.0   573.7336841960762
695.0   583.801335539293
696.0   585.5065076731969
697.0   576.1183117786221
698.0   605.4507368613437
699.0   608.5075599862706
700.0   606.7197298889171
701.0   594.3983660092238
702.0   608.8679034167296
703.0   600.5230497145985
704.0   601.8292975575894
705.0   609.603117606034
706.0   604.8028360123064
707.0   599.9268645213673
708.0   592.6319297110274
709.0   597.0303275567142
710.0   585.7435081940838
711.0   582.8187746518022
712.0   569.9973415983375
713.0   569.0879423687188
714.0   563.7594279829821
715.0   556.9192928331461
716.0   558.7046301232252
717.0   566.9918658785003
718.0   542.1122237394118
719.0   550.6424382755786
720.0   542.8368737611833
721.0   535.224769212281
722.0   535.7776444451989
723.0   538.9383641954116
724.0   534.1446940340038
725.0   517.2075591679236
726.0   517.596545955647
727.0   521.69939327466
728.0   514.2594517950703
729.0   519.4734381081118
730.0   496.73633316077394
731.0   502.1399153049308
732.0   523.0656968949662
733.0   520.3016519368474
734.0   513.9278898563736
735.0   510.9281893802597
736.0   491.1136895208248
737.0   498.8158204777198
738.0   501.8554121982063
739.0   494.5145737585453
740.0   520.4971502109133
741.0   503.85651116022683
742.0   518.1987846165505
743.0   502.68639182666635
744.0   505.3602467703164
745.0   499.4266887191306
746.0   498.3984756997855
747.0   503.537244669287
748.0   498.2814763772169
749.0   502.23402774953314
750.0   508.40066859173766
751.0   522.738351517815
752.0   530.3914166250456
753.0   556.3976087943438
754.0   576.7534293700317
755.0   597.7797319858811
756.0   625.5848867923905
757.0   645.00316717093
758.0   681.6172132929588
759.0   694.091356418378
760.0   723.0941498777561
761.0   750.1255564652097
762.0   777.097975097229
763.0   810.6528919874704
764.0   829.4404360025637
765.0   849.3432659463751
766.0   868.1167584256239
767.0   875.9968721969152
768.0   917.0391654318676
769.0   895.9700239227509
770.0   915.3389154213156
771.0   918.0408795379254
772.0   922.4620322778093
773.0   902.6406789865496
774.0   913.8723633528916
775.0   899.9407173326932
776.0   896.6155912210819
777.0   900.4620172254695
778.0   898.9586649796418
779.0   872.1326308428428
780.0   869.2948325225204
781.0   854.5173401740619
782.0   839.5624186935825
783.0   822.733266200537
784.0   804.5915496244864
785.0   791.2910708504635
786.0   775.9112316681264
787.0   756.9028267698603
788.0   740.287479415739
789.0   730.2005220436168
790.0   719.987873061427
791.0   694.2068762567199
792.0   688.8740457750897
793.0   664.8238119355321
794.0   645.6714588088597
795.0   634.1194340359139
796.0   622.0122465566205
797.0   625.4407930483408
798.0   593.9765980459179
799.0   569.4327198170431
800.0   565.2674658288946
