500.0   71.93216024424814
501.0   69.26649650318092
502.0   69.53152402958801
503.0   74.11723059356726
504.0   73.13689730375177
505.0   69.4328436795806
506.0   68.72468438836748
507.0   70.29236396696098
508.0   63.24380779368366
509.0   64.20366334962185
510.0   62.237006592386166
511.0   64.46375418678377
512.0   61.94618841973855
513.0   59.24863911486662
514.0   62.01470166864169
515.0   59.4830040259304
516.0   60.75403155221565
517.0   62.46435935620866
518.0   60.673861494678846
519.0   63.50267627836183
520.0   62.600250371107705
521.0   64.68256715439324
522.0   65.0297622845845
523.0   62.45123734963727
524.0   63.55489067594564
525.0   70.313238247572
526.0   71.81725546678268
527.0   76.2372409797147
528.0   78.16243999602688
529.0   81.95952303488474
530.0   86.61949800812829
531.0   86.39229723362311
532.0   90.13029647195148
533.0   97.24639828585606
534.0   96.22873583966555
535.0   101.94151148101605
536.0   108.01873541990662
537.0   108.56745991676809
538.0   113.4150392248905
539.0   115.96392382907084
540.0   118.02191404552133
541.0   115.81862279623721
542.0   118.3344547714621
543.0   119.46073952786168
544.0   112.36379238889583
545.0   117.19248955299423
546.0   112.018337053502
547.0   107.80322483158653
548.0   107.42893320412566
549.0   105.8629390832823
550.0   103.67417277673749
551.0   100.20533064187717
552.0   102.59174363465632
553.0   94.67030552533666
554.0   91.58171024919451
555.0   91.30765680357885
556.0   91.77153088218253
557.0   93.47712962135833
558.0   90.67496100047242
559.0   90.17734389221255
560.0   91.80662417704931
561.0   89.12134988630623
562.0   88.03142479539059
563.0   90.42358694951804
564.0   94.05457094787644
565.0   91.84832032684875
566.0   99.41648221163729
567.0   97.26357640034428
568.0   96.30083307175246
569.0   100.00920870257139
570.0   106.00523801714891
571.0   108.50176134053561
572.0   106.526778279447
573.0   111.73404218605154
574.0   116.75412998949645
575.0   120.8536921862389
576.0   122.07767322323454
577.0   126.7367362271196
578.0   130.78116091020712
579.0   135.81181427596482
580.0   143.07542451597934
581.0   142.966916921443
582.0   148.21298135117834
583.0   155.52521483461658
584.0   157.6209276929132
585.0   163.11062905193748
586.0   164.39146347119853
587.0   161.81228460755344
588.0   164.8630440332017
589.0   166.616496208639
590.0   164.030245229897
591.0   165.97945211759242
592.0   161.64957275236205
593.0   161.66011189057423
594.0   159.83793654726213
595.0   157.97071240032847
596.0   155.13877152719994
597.0   152.45570219826595
598.0   150.3676075465149
599.0   150.94961863278627
600.0   144.25565079550273
601.0   146.46741020560802
602.0   141.03689404276582
603.0   143.47048378997968
604.0   141.96863650307046
605.0   141.2066941582868
606.0   143.80323508155362
607.0   139.9442639083431
608.0   143.71978504438704
609.0   133.71248635506097
610.0   137.45081672698547
611.0   136.2998820570927
612.0   140.64484721498118
613.0   135.23137666479525
614.0   133.10485511455187
615.0   135.9694500079978
616.0   138.1552278606157
617.0   143.94225634844548
618.0   141.00994330242693
619.0   144.73138595569304
620.0   144.15414171987157
621.0   152.6649588827284
622.0   152.1353119691732
623.0   161.41596948639454
624.0   164.6193891689303
625.0   170.09882512593623
626.0   178.4898202480313
627.0   184.98783027786965
628.0   191.86610588558472
629.0   195.40498024380236
630.0   200.98214686696363
631.0   208.08076035790043
632.0   214.2122473560249
633.0   217.5468408345308
634.0   224.13330278657824
635.0   228.93043564991052
636.0   231.47385569797967
637.0   237.40389632792062
638.0   236.01077381013755
639.0   243.4168685154686
640.0   245.5274592794486
641.0   250.0572567206941
642.0   250.38423325358025
643.0   246.45982474155232
644.0   247.30026175006776
645.0   249.42514538661135
646.0   250.73154443150693
647.0   247.53788597235734
648.0   242.44824270274347
649.0   242.05393326020842
650.0   243.70812381047148
651.0   240.8646033730735
652.0   239.6565271112974
653.0   235.02204338758608
654.0   236.43929791473423
655.0   235.43145176155627
656.0   232.72538247292434
657.0   236.89594657233135
658.0   233.42081532264245
659.0   232.76490491240915
660.0   235.19132562954056
661.0   232.77019220624044
662.0   233.22541516461072
663.0   237.78360852710023
664.0   242.85286410022087
665.0   248.48211754773124
666.0   241.61927781896748
667.0   243.69233186829584
668.0   244.1813079566376
669.0   245.59583921224987
670.0   253.71162189555093
671.0   261.4823892561219
672.0   268.5929527318641
673.0   263.91183194288624
674.0   266.5224386390154
675.0   275.24751438630415
676.0   277.5196855624683
677.0   285.01060770707653
678.0   292.6878788765149
679.0   297.8092556264981
680.0   304.28459317105194
681.0   314.1595852196649
682.0   321.4147479734716
683.0   326.7552656289696
684.0   332.0029939831354
685.0   343.6825486598541
686.0   347.2154356177361
687.0   357.7129273198666
688.0   361.5094802654054
689.0   369.29286668404757
690.0   383.1145947810229
691.0   382.14273165174643
692.0   400.40733794935187
693.0   406.3104007408076
694.0   407.48637628962547
695.0   414.6531627481421
696.0   413.27241326172555
697.0   407.3117561809954
698.0   428.82333932893266
699.0   432.7132066734374
700.0   429.7650346006315
701.0   422.0723477481175
702.0   428.9329220920592
703.0   426.69382556653267
704.0   430.2258205882463
705.0   430.43431447534863
706.0   430.6388028352782
707.0   428.5754961297248
708.0   425.7322124962206
709.0   425.54950770845124
710.0   418.845596689217
711.0   412.5679946321151
712.0   407.18019722216184
713.0   404.0680623838449
714.0   401.4594747004346
715.0   397.11844639377347
716.0   394.9201585500341
717.0   400.4330397044274
718.0   388.10116056459293
719.0   394.87219432875446
720.0   384.5494459874984
721.0   378.45839141514045
722.0   382.7777174193001
723.0   384.9376557542232
724.0   383.5815737121829
725.0   374.56368087287706
726.0   371.7787009836386
727.0   371.20973178643084
728.0   368.80485642785027
729.0   370.65649661517085
730.0   352.7418415083738
731.0   362.16695690556617
732.0   375.19310437477804
733.0   372.23726970319865
734.0   368.3521502356415
735.0   368.1762587801661
736.0   352.44317731247804
737.0   356.66777261466206
738.0   362.4242173933976
739.0   355.0585886606429
740.0   372.96125379118774
741.0   363.5261946516551
742.0   371.45972165145423
743.0   361.43544873402533
744.0   366.06216142345295
745.0   355.4443358117241
746.0   356.084633371659
747.0   366.5837206445218
748.0   359.9059388117562
749.0   362.94368483047657
750.0   365.6985861858096
751.0   373.47054547015466
752.0   380.0887147867525
753.0   396.84846502280544
754.0   408.99272398527336
755.0   425.8498559256558
756.0   446.81769300862635
757.0   459.9503690801691
758.0   483.75922425562044
759.0   491.51109512289815
760.0   510.04866929956677
761.0   534.8421748728636
762.0   552.3517273319832
763.0   578.5269269659863
764.0   592.0370420458971
765.0   605.4526098801044
766.0   620.4565050311148
767.0   622.6442184298472
768.0   651.4417272980072
769.0   638.1995069624522
770.0   655.6905785569971
771.0   657.1881437701774
772.0   656.0077673560614
773.0   643.9415293383806
774.0   651.659997434748
775.0   636.6273459003493
776.0   641.3487627297667
777.0   641.1127135890399
778.0   644.8235851949339
779.0   617.3000441918892
780.0   622.3817447162144
781.0   612.1628288553718
782.0   598.0669062728252
783.0   591.3851725099453
784.0   575.570002554274
785.0   570.0234416583069
786.0   556.903866841855
787.0   540.135957765642
788.0   530.9494200715674
789.0   519.0609469587489
790.0   517.8786768215867
791.0   494.8582171098099
792.0   494.379666451136
793.0   473.11859752303366
794.0   465.37700050491947
795.0   453.90934351190845
796.0   442.2511931771877
797.0   454.1583802199608
798.0   425.84756229803605
799.0   409.3889557854895
800.0   404.07526189789485
