500.0   43.290848631012636
501.0   44.7967658428129
502.0   44.678411495162266
503.0   44.589261086421146
504.0   46.105895366575226
505.0   42.937530448921024
506.0   42.35554984552948
507.0   43.04887705378073
508.0   40.40342155266603
509.0   39.41406668870144
510.0   39.6909845175193
511.0   40.13174038965255
512.0   41.067174426092464
513.0   40.124800338156916
514.0   36.948934015393604
515.0   36.672538585875856
516.0   38.96992970937967
517.0   38.36968794086209
518.0   37.97767375850444
519.0   39.57780499264268
520.0   38.336581454602566
521.0   39.98292572375476
522.0   40.86432351557701
523.0   39.54619567094193
524.0   40.192548874004814
525.0   45.312049479892835
526.0   45.46762822283273
527.0   46.40697253757665
528.0   46.78580921085893
529.0   50.3847362912303
530.0   52.78432196124021
531.0   54.571542673775326
532.0   56.45086746058763
533.0   60.73132461745843
534.0   59.052397286864704
535.0   64.21722628296257
536.0   66.79404213067986
537.0   66.38221193837853
538.0   69.99127459756511
539.0   71.70105306164038
540.0   72.11055439933983
541.0   71.65090049871003
542.0   70.87725991173028
543.0   74.61838601771399
544.0   70.19433850674
545.0   71.30578475175548
546.0   68.1925537930629
547.0   66.70180696847103
548.0   66.2458517838912
549.0   62.923991626659245
550.0   64.08718827144742
551.0   58.442698539080595
552.0   61.17145056535887
553.0   57.58133175312537
554.0   56.60442735253602
555.0   56.85430343004472
556.0   55.7954216725397
557.0   57.130859914079906
558.0   55.243562462913644
559.0   56.52818604857538
560.0   55.84813272998497
561.0   56.54924340985511
562.0   56.03762724013461
563.0   56.51157305262569
564.0   59.28586734670333
565.0   56.15829116081528
566.0   61.509418695653096
567.0   62.93454388558632
568.0   59.399140295538956
569.0   65.08497961363648
570.0   67.68048553633943
571.0   64.83201837688364
572.0   65.85080086902974
573.0   69.45979812907112
574.0   72.34132697907938
575.0   74.12301460369855
576.0   76.97716151632548
577.0   80.33887427661676
578.0   83.54748137366187
579.0   86.67900510037276
580.0   87.96371334016962
581.0   90.01364698064629
582.0   94.16899335291058
583.0   95.82956337091059
584.0   96.72446437113462
585.0   100.46125825409158
586.0   99.82601691519633
587.0   99.3035046658454
588.0   105.20294421042249
589.0   101.96079756950539
590.0   103.57689784875055
591.0   104.16066370581382
592.0   98.1236812471573
593.0   101.53746903852453
594.0   102.65837657656715
595.0   101.6248089538982
596.0   97.66394237469314
597.0   95.37706981557079
598.0   94.31491975200234
599.0   94.09690386618081
600.0   91.97937138053254
601.0   93.57337919758191
602.0   87.43480745800963
603.0   92.85605549030166
604.0   88.57499310587599
605.0   88.51145167801567
606.0   92.34079061943424
607.0   85.34657709281794
608.0   89.40427687825218
609.0   85.23948210294915
610.0   84.8298182541833
611.0   85.18337191229517
612.0   91.20021461170742
613.0   86.19208291203077
614.0   81.84138079912543
615.0   86.5613128397207
616.0   89.25599401598271
617.0   89.66082334378768
618.0   88.31252967810744
619.0   90.16259850614478
620.0   96.01043195291305
621.0   97.63099880038737
622.0   96.63033441844124
623.0   104.0266991034901
624.0   105.23997714693041
625.0   110.71953113153097
626.0   113.13833632305582
627.0   119.39078233931752
628.0   119.75347324009005
629.0   123.06610932122834
630.0   125.04698409638402
631.0   129.97869570404322
632.0   136.26629435185563
633.0   140.27966450564352
634.0   139.02988455994742
635.0   145.6627553749468
636.0   147.12537610070405
637.0   151.7625016384751
638.0   150.98610073670318
639.0   156.14911684903268
640.0   157.45335311037397
641.0   158.92824008278507
642.0   158.35776433359973
643.0   159.41870129932636
644.0   159.2119177586619
645.0   160.94640905904885
646.0   161.91032136321948
647.0   157.1286857814036
648.0   154.90795543857007
649.0   156.91327789514222
650.0   156.02647449162396
651.0   152.88256773361567
652.0   153.8422174845192
653.0   152.6684258523512
654.0   152.51938034643578
655.0   150.570835709444
656.0   152.21787497364087
657.0   150.91254168965298
658.0   150.82654759479078
659.0   149.81086481282583
660.0   150.29016869324104
661.0   147.16430371724567
662.0   152.54877170480196
663.0   150.69771979971858
664.0   154.44101400193836
665.0   161.43584517788932
666.0   156.8290344143764
667.0   154.4217070902445
668.0   155.6956643639152
669.0   157.20871584527077
670.0   164.32965935914558
671.0   169.29204726787995
672.0   171.78925610963788
673.0   167.46075346183275
674.0   172.07621161140824
675.0   178.23675749100448
676.0   178.85606871712145
677.0   182.7121272633335
678.0   189.2307003952682
679.0   190.97832526162574
680.0   198.15818495334773
681.0   206.0317766558258
682.0   210.2050472519452
683.0   209.76815395028157
684.0   215.20172686543157
685.0   224.1265682777552
686.0   225.615129073972
687.0   231.40066618329826
688.0   237.113929340981
689.0   243.43603521989
690.0   248.65498488905826
691.0   250.84929526427666
692.0   259.97098653591684
693.0   263.07748176869154
694.0   266.09647849052135
695.0   269.0584460814147
696.0   266.07504616900746
697.0   264.3777259292432
698.0   278.7159322329637
699.0   278.2469323798805
700.0   280.61560841916395
701.0   271.95740038084375
702.0   276.83404921747353
703.0   276.6471323821186
704.0   279.93737620733623
705.0   283.94108627635455
706.0   279.90624712343146
707.0   281.61479396815207
708.0   279.008578574104
709.0   272.33384223680565
710.0   272.5867332909737
711.0   271.69770875523864
712.0   265.7389821673298
713.0   264.3659642613492
714.0   262.3841692394831
715.0   259.8677673104937
716.0   257.7610942758329
717.0   261.36915569331006
718.0   249.8579391679354
719.0   257.0278461706736
720.0   251.90604041534422
721.0   249.93708155731136
722.0   248.91539686126816
723.0   251.59133485676827
724.0   252.31391310533445
725.0   245.2055390553169
726.0   244.45468763627414
727.0   244.5051612955246
728.0   239.07601926724442
729.0   245.70975673757465
730.0   234.0968466441839
731.0   234.2289639224082
732.0   244.7533236435036
733.0   243.91179616086927
734.0   242.1135305305181
735.0   241.94694398147706
736.0   231.13175252718096
737.0   233.71702122518724
738.0   236.88854808334654
739.0   232.13213366447366
740.0   243.64067830002563
741.0   239.43933714896406
742.0   244.6187551082707
743.0   242.089204251267
744.0   243.58950073825955
745.0   236.51525596794033
746.0   233.78037679485686
747.0   242.8132437015399
748.0   238.51129597287138
749.0   240.27592951872685
750.0   242.59744549813246
751.0   242.5796315752194
752.0   250.5540800076164
753.0   258.56470757008714
754.0   266.2431668836576
755.0   276.30269782092535
756.0   291.2768369807656
757.0   299.57626197392216
758.0   314.2084791232661
759.0   317.9929633412882
760.0   333.6688943634189
761.0   343.78189636386014
762.0   357.5541321740558
763.0   372.9755240080898
764.0   385.7916639368827
765.0   392.8936063104152
766.0   404.01574027538817
767.0   403.145536608249
768.0   423.1988451058099
769.0   416.2877819838223
770.0   424.92497518583355
771.0   427.13453430730544
772.0   425.38728004891357
773.0   417.60746344259707
774.0   421.6513915573515
775.0   418.704127919876
776.0   417.2458181324738
777.0   418.4091022299297
778.0   419.0435710341963
779.0   405.6152592725007
780.0   402.2196947357791
781.0   398.09472741014235
782.0   391.8743586841749
783.0   384.56379637119636
784.0   377.9755142115371
785.0   370.35629801935085
786.0   363.65863295464993
787.0   358.36729589942195
788.0   348.5762201826347
789.0   343.6392858050832
790.0   340.8790375386976
791.0   326.49082309268323
792.0   322.3296253921334
793.0   313.5203317234871
794.0   303.815679666596
795.0   298.7465289000344
796.0   290.474766906283
797.0   296.09118138367944
798.0   278.66065175985915
799.0   267.5055529396359
800.0   263.5589219832127
