500.0   28.844587227677522
501.0   29.52989942030257
502.0   28.70102889260386
503.0   31.046464405107855
504.0   30.40831251801751
505.0   29.35482959994127
506.0   28.474892402004684
507.0   28.945790945010373
508.0   26.30524723665434
509.0   27.84892814557091
510.0   26.486057653339515
511.0   27.456060368908567
512.0   24.450785837459023
513.0   26.113093492622653
514.0   25.336712986955945
515.0   26.290889892947035
516.0   23.813491771909213
517.0   25.04352191901404
518.0   25.326771058489896
519.0   25.59395143361894
520.0   26.055841952732123
521.0   27.430941985675048
522.0   26.450405833760755
523.0   25.554685378562795
524.0   26.13831881277335
525.0   31.007928928612472
526.0   26.100279955077752
527.0   29.9356871453341
528.0   30.3970940483984
529.0   33.5940502243443
530.0   32.795966944072006
531.0   33.3008243242663
532.0   37.128664009356356
533.0   39.67211856957053
534.0   38.73335851864363
535.0   36.79063329184589
536.0   41.170248325889276
537.0   39.47524226855279
538.0   43.813775167015706
539.0   43.46828465478961
540.0   45.59214123280617
541.0   44.77986640418385
542.0   43.584641098893115
543.0   46.24106035179622
544.0   42.996646978466316
545.0   43.91743820020008
546.0   43.32206827063516
547.0   41.486400130195534
548.0   41.098987683371774
549.0   39.43310549955538
550.0   42.0776903563208
551.0   36.917490916186324
552.0   36.68663449429374
553.0   33.02943562145333
554.0   34.68256388547377
555.0   33.5131300223637
556.0   34.210522512796985
557.0   36.49761241829472
558.0   36.74193099387159
559.0   34.511216859157486
560.0   35.68681311121338
561.0   36.06007875653489
562.0   34.16735022326549
563.0   35.32189226453798
564.0   33.9184383368044
565.0   33.906649402060395
566.0   38.600036244348274
567.0   38.01443597993841
568.0   37.201335356243845
569.0   39.58929596825578
570.0   42.66042720550462
571.0   40.87383939167606
572.0   39.58684575581796
573.0   43.84627823142358
574.0   45.297343984802296
575.0   46.57786840407539
576.0   47.36940926973884
577.0   48.16591254271822
578.0   50.15981648098244
579.0   51.41399579335592
580.0   52.424828361352695
581.0   55.64661537739872
582.0   55.5029385409984
583.0   57.583960948351006
584.0   56.25795743774029
585.0   61.09759885858426
586.0   63.606948846697236
587.0   59.84718127252606
588.0   62.32437163697088
589.0   63.64847424042284
590.0   61.449529415132986
591.0   61.56568953652575
592.0   58.24485567787016
593.0   63.285242852564835
594.0   62.53683915579569
595.0   62.18047407912712
596.0   58.74693064459342
597.0   58.29348019628887
598.0   57.31795573880166
599.0   59.32560134463148
600.0   54.48345034890633
601.0   54.75763239772502
602.0   52.17864193771007
603.0   56.94193009784229
604.0   52.57266150055119
605.0   52.306978867833266
606.0   57.217501882575334
607.0   53.01172313648124
608.0   56.597202967489466
609.0   50.69017658071064
610.0   50.43558175353928
611.0   50.52100668262855
612.0   53.24518781535036
613.0   53.504503934829614
614.0   52.61445532786692
615.0   51.67912790811164
616.0   53.52870878117986
617.0   54.69147067524386
618.0   54.1960459292693
619.0   57.35408082627677
620.0   55.9642253469253
621.0   58.91461358248608
622.0   57.073658403508716
623.0   66.00907691665716
624.0   66.14018500136473
625.0   67.69762228099944
626.0   68.96490714885684
627.0   70.92866174005866
628.0   74.68846543346757
629.0   74.56638912199952
630.0   75.42271093175648
631.0   79.58709145715994
632.0   81.71227199721247
633.0   83.09949807711311
634.0   83.8617774179709
635.0   88.21880202681871
636.0   89.28414411474165
637.0   90.2787827545963
638.0   90.43331205806481
639.0   93.26353860228181
640.0   92.5160934572971
641.0   95.58437764986354
642.0   92.94645414989856
643.0   97.09445614976045
644.0   95.85435085128455
645.0   94.70779500545933
646.0   95.91567298467967
647.0   95.36716220314929
648.0   94.36328037243686
649.0   93.00713477031272
650.0   93.51284218669906
651.0   94.98513977049751
652.0   91.13879118374939
653.0   89.9084976529767
654.0   94.13899024397872
655.0   91.02684910321653
656.0   91.87360765948003
657.0   92.55799655623622
658.0   91.45256295304091
659.0   89.01607309396408
660.0   92.18840753935521
661.0   88.92855570549489
662.0   90.40848974581277
663.0   90.95342574046981
664.0   92.81334703374188
665.0   95.81215902146695
666.0   96.14411147175662
667.0   95.00403094498134
668.0   94.91033578803771
669.0   94.65626041848094
670.0   98.32193847506721
671.0   100.46600781827007
672.0   101.0643952707716
673.0   102.22404312007447
674.0   105.2099284101499
675.0   107.67430510484331
676.0   109.34762890154974
677.0   112.30902359409544
678.0   113.83182712240486
679.0   114.06214680018246
680.0   119.30800007485507
681.0   124.34927878022222
682.0   125.60520982360805
683.0   127.73390547276412
684.0   131.50410997568463
685.0   134.23608823259138
686.0   138.50435284302324
687.0   140.79843071118648
688.0   143.0217507652437
689.0   147.35222437379187
690.0   151.02273247251617
691.0   153.94495424155983
692.0   156.59505910211544
693.0   161.69847344145754
694.0   160.0146880460675
695.0   164.42957915518164
696.0   162.05306717859597
697.0   163.8333089542486
698.0   169.9600687387854
699.0   171.1987457522744
700.0   169.85018417984514
701.0   167.41518244858744
702.0   170.24776027090462
703.0   168.31390171227287
704.0   167.84818288883653
705.0   172.8289585306695
706.0   170.4777151331234
707.0   170.02933348838837
708.0   168.25684482704224
709.0   165.24138666570508
710.0   165.37102715842778
711.0   163.32992783938673
712.0   160.3857030938939
713.0   160.6001267125516
714.0   159.89535906455265
715.0   159.73730969835896
716.0   156.37375121583673
717.0   157.57378870637368
718.0   151.63552507683312
719.0   156.9908252591208
720.0   153.66527749044897
721.0   155.08694668138511
722.0   152.34628350582443
723.0   151.42504482424854
724.0   151.6776027014668
725.0   149.30041978164215
726.0   150.16385829191208
727.0   148.501014353019
728.0   146.69965336309542
729.0   150.35966747650605
730.0   144.39141337508838
731.0   145.05288972977624
732.0   150.29145754741123
733.0   150.23190546095313
734.0   146.9939318339573
735.0   151.21491682137153
736.0   143.53065087843711
737.0   143.04157456206718
738.0   145.78291718909927
739.0   144.6337743438953
740.0   149.29236816474594
741.0   146.16642713798677
742.0   151.56709474982813
743.0   145.39717163101778
744.0   144.96921651103773
745.0   144.64791740893673
746.0   148.9645501745511
747.0   150.07111314785098
748.0   146.92456187820346
749.0   148.82025113103163
750.0   151.70872184136044
751.0   149.13132632089483
752.0   154.37453908641493
753.0   157.54813891702736
754.0   164.68991996290293
755.0   171.9585375897398
756.0   177.50909815400883
757.0   182.46344726745184
758.0   187.967210155804
759.0   195.96227308195853
760.0   203.08487607365328
761.0   211.43948242885205
762.0   217.43230033716526
763.0   226.5600388531278
764.0   236.91039098197274
765.0   239.6836421906107
766.0   246.52263892217985
767.0   245.9373786697682
768.0   260.3340311501078
769.0   253.69134714426502
770.0   262.57105560753416
771.0   258.9934703229934
772.0   261.015781628896
773.0   255.0996396441074
774.0   258.2732042689899
775.0   256.7428252734717
776.0   258.17654341979045
777.0   256.19306846297405
778.0   254.7364307952825
779.0   247.07708345358046
780.0   248.4434195790992
781.0   243.04261343362268
782.0   236.8604122002203
783.0   233.6512413346838
784.0   232.22715097584336
785.0   229.86583071434558
786.0   221.29351859840818
787.0   218.29730100061408
788.0   213.71465399521566
789.0   208.35980222726977
790.0   206.88879361822003
791.0   198.46933937654194
792.0   195.67415898779055
793.0   191.44139361169334
794.0   184.67224072153564
795.0   181.53922085547987
796.0   181.86924645678468
797.0   182.7825303633408
798.0   168.76006804269497
799.0   161.50872003720633
800.0   160.3005229478575
