500.0   25.41792518538648
501.0   26.773150055530948
502.0   25.12030971383831
503.0   27.521302371313027
504.0   27.112493618395774
505.0   26.210570173924395
506.0   21.76881603132216
507.0   23.10055843279389
508.0   23.283531680594024
509.0   22.65961252892228
510.0   21.383824974543273
511.0   21.659772186913102
512.0   21.702275281992513
513.0   21.69761312504653
514.0   19.655612188017244
515.0   21.1105976605495
516.0   19.725234563672103
517.0   18.10118352496079
518.0   19.261692257384226
519.0   19.8877359698121
520.0   19.651957578886766
521.0   20.520234843535718
522.0   21.407952487073516
523.0   20.584575592209717
524.0   20.030668989698654
525.0   22.16226317723269
526.0   20.126708181281003
527.0   23.426523504476023
528.0   22.64584669773791
529.0   24.279711638610593
530.0   24.347503435565244
531.0   25.28745691102904
532.0   24.640589344023425
533.0   28.655843673134314
534.0   25.857959214869567
535.0   27.906586721649973
536.0   29.27220027673212
537.0   29.751025317128722
538.0   31.13538968002024
539.0   31.170032621977214
540.0   29.141802346486884
541.0   30.98790234064441
542.0   31.76883562387303
543.0   31.249259414912473
544.0   28.210177348324464
545.0   29.819354063444877
546.0   28.383165719531092
547.0   29.74309867068459
548.0   28.984528738239874
549.0   26.849092127265607
550.0   28.003746291150065
551.0   24.915916969218756
552.0   24.458202035762497
553.0   21.810052979911774
554.0   24.083114359326174
555.0   23.166171760741747
556.0   23.168771285600627
557.0   25.830586487806215
558.0   24.27189745997032
559.0   22.17672710998653
560.0   21.601826708211973
561.0   24.489170653021176
562.0   20.255098971601342
563.0   20.475220183057274
564.0   22.266933967621952
565.0   21.805101483327007
566.0   24.04843576709061
567.0   24.027019727631767
568.0   23.80027104773137
569.0   25.001047882989184
570.0   25.38587960149451
571.0   24.669669642725466
572.0   24.725227160865586
573.0   26.034352371447852
574.0   28.419126351702403
575.0   29.627191857342382
576.0   29.118047433041
577.0   30.46114509970357
578.0   29.651986738616216
579.0   31.741719063435852
580.0   34.74721971619084
581.0   33.24553869744838
582.0   32.77818384216326
583.0   35.77308071891551
584.0   37.21823544158528
585.0   38.92783388739295
586.0   37.57911962400348
587.0   34.365149416427016
588.0   36.21319189133831
589.0   37.61082463358173
590.0   38.54553235941458
591.0   36.62527534618033
592.0   34.19084275082005
593.0   37.38464992872227
594.0   36.50743510052388
595.0   35.048256446414285
596.0   36.22339080188888
597.0   35.479889886819166
598.0   32.71558244598532
599.0   33.93101151050044
600.0   32.32026002469854
601.0   31.75850186560433
602.0   29.67201435723848
603.0   33.43121056211146
604.0   30.77245713138967
605.0   31.094531792191816
606.0   32.63239499103881
607.0   28.927814883083272
608.0   33.04153402201857
609.0   30.14585778910279
610.0   29.625276233474466
611.0   29.76548727118282
612.0   29.76113452756084
613.0   30.769965880188295
614.0   30.513029103359884
615.0   28.877327408474088
616.0   31.341180176252493
617.0   32.75721555037933
618.0   32.428267605228484
619.0   32.61855570578294
620.0   32.621861269064595
621.0   33.502191209602756
622.0   33.383692001570324
623.0   36.38043563383104
624.0   38.31817201275058
625.0   38.11522875889375
626.0   37.445637213605636
627.0   39.78035420716893
628.0   40.56236524946013
629.0   41.56393589266594
630.0   41.99750744224917
631.0   41.9715804267731
632.0   45.2427123774163
633.0   46.57737966221461
634.0   46.901789411707824
635.0   49.87346027961527
636.0   49.38260473389181
637.0   51.21277582432256
638.0   51.24209508544982
639.0   50.37886081967892
640.0   52.48123894065452
641.0   52.577012124587924
642.0   52.93893983757869
643.0   52.3265001624863
644.0   52.17111822479657
645.0   54.141115779681144
646.0   53.46725918109959
647.0   51.57695898128304
648.0   50.71377250162931
649.0   51.14007403750364
650.0   46.751965157029844
651.0   51.71439285319792
652.0   49.596411191195045
653.0   48.321598446682344
654.0   49.42700571921651
655.0   49.75733228384732
656.0   48.13672324105218
657.0   50.688600891274405
658.0   49.76723059052978
659.0   49.23065585784039
660.0   48.20514451341484
661.0   48.98074898505047
662.0   48.74805124277262
663.0   51.94843292174863
664.0   50.09694071907836
665.0   52.803775881180286
666.0   51.70187901028305
667.0   49.82737533998724
668.0   51.7255398762714
669.0   52.35742752518394
670.0   53.83616589250764
671.0   53.306077934599784
672.0   57.591834046910805
673.0   54.6071056542942
674.0   57.234221989079884
675.0   60.096191272670126
676.0   58.95476073286716
677.0   59.38567577875372
678.0   61.87400994943741
679.0   59.80912174985531
680.0   63.36778005826281
681.0   67.73438399718356
682.0   66.71665647415477
683.0   66.95583414044879
684.0   71.5985209419486
685.0   70.12699634928794
686.0   71.7638826575618
687.0   75.00864452161943
688.0   77.85550767816184
689.0   79.03824105094483
690.0   83.32953293378893
691.0   82.85211242422272
692.0   81.984094275855
693.0   85.4130893569234
694.0   88.32535743716684
695.0   86.71182812965182
696.0   87.11597612771274
697.0   85.10993095165009
698.0   91.02842550922125
699.0   91.31525410738155
700.0   92.90637896878593
701.0   91.84972328773748
702.0   90.20526406798575
703.0   91.01775692745167
704.0   87.21420848062152
705.0   90.0015125700294
706.0   91.23765137801104
707.0   90.60277444717138
708.0   88.9788807681212
709.0   89.35610543404374
710.0   87.42496566284618
711.0   86.7678369438768
712.0   84.84505711037772
713.0   85.8678827795525
714.0   86.83863250078255
715.0   85.38201261020589
716.0   83.78699441570112
717.0   86.40930146057954
718.0   82.21894894957609
719.0   84.02333696900536
720.0   84.06381668998054
721.0   82.41500246959103
722.0   80.28887468444395
723.0   81.30962200285254
724.0   81.90741773749141
725.0   78.68713615507292
726.0   79.37310499344264
727.0   80.50423709107753
728.0   79.32887979507541
729.0   78.89077635690006
730.0   76.75883345851415
731.0   75.3276841931955
732.0   80.11782119953122
733.0   80.8990635669874
734.0   80.02834364500174
735.0   80.72108848583898
736.0   77.18751898572768
737.0   77.35994532901873
738.0   80.7387866594947
739.0   78.36692182687301
740.0   81.06691129582049
741.0   78.60178978870124
742.0   80.71215963073263
743.0   79.97366995438614
744.0   79.30176293479943
745.0   78.0384771260047
746.0   79.2218585680667
747.0   83.16156665413817
748.0   80.52871767347312
749.0   82.46925375703438
750.0   82.03573330193984
751.0   81.73457142966313
752.0   80.53817261852157
753.0   81.78063408864813
754.0   88.54150608726127
755.0   91.24590987140093
756.0   93.20606508396588
757.0   96.77006370682108
758.0   101.42816632594858
759.0   102.38930070873039
760.0   106.24326029564014
761.0   109.83937267285705
762.0   112.49621816949048
763.0   119.54054931236655
764.0   120.46594987905547
765.0   122.74485247836972
766.0   126.13721106917973
767.0   128.3070433849072
768.0   135.08660412331318
769.0   132.36813951293135
770.0   136.49804929778963
771.0   134.609857946245
772.0   135.5112112364645
773.0   131.8530562079374
774.0   134.4143395860434
775.0   135.86741960219044
776.0   133.11096783968918
777.0   133.59252772204366
778.0   133.68849300143535
779.0   128.93998805393832
780.0   129.94000722541995
781.0   127.6418431304584
782.0   125.08708843855118
783.0   119.68702512040215
784.0   119.4222883407524
785.0   117.90832138502935
786.0   115.4147959028025
787.0   113.60107494740919
788.0   108.90324957965566
789.0   108.81571778323388
790.0   108.2503952454006
791.0   102.52428877838861
792.0   103.91049669564379
793.0   98.0953124877928
794.0   95.42246757216188
795.0   90.54084726766536
796.0   90.42456078276021
797.0   91.99749826666181
798.0   87.96039863267026
799.0   82.64081808926812
800.0   83.35291123526562
