500.0   33.83330851192429
501.0   32.18466511783288
502.0   33.76757556941308
503.0   35.24935416506278
504.0   32.611422110845126
505.0   30.806976061145434
506.0   28.852011880918752
507.0   29.63442874779406
508.0   27.17535054105278
509.0   27.225301606341304
510.0   27.32867039375384
511.0   25.36640917797706
512.0   26.601992623855523
513.0   24.931279746800755
514.0   23.07272807851507
515.0   25.973361287348098
516.0   24.178948875950027
517.0   23.8468171114811
518.0   24.541724607035206
519.0   22.4178024151893
520.0   22.705655674022665
521.0   23.657892002009532
522.0   22.998209957917965
523.0   20.928651811761597
524.0   23.138565827676047
525.0   25.739620386294263
526.0   25.195971639296943
527.0   25.428194388649274
528.0   23.009522370218917
529.0   26.890507157814113
530.0   27.128117177319893
531.0   27.151386786478668
532.0   26.116149615671958
533.0   31.95156626026767
534.0   27.63900667380028
535.0   29.34778950115438
536.0   29.839556957269593
537.0   31.014830036128615
538.0   32.54258189151312
539.0   32.63564275162534
540.0   32.83931733670207
541.0   31.069695214841943
542.0   31.01849071475567
543.0   33.305668576531275
544.0   31.55974412692825
545.0   29.117565811184676
546.0   30.63901235684179
547.0   28.653430378800238
548.0   27.82527232796042
549.0   27.244670466123438
550.0   26.48598048045389
551.0   25.32408830468418
552.0   25.50038767079303
553.0   21.958405837542443
554.0   22.148019855334468
555.0   22.11791428137809
556.0   21.782292110237705
557.0   23.099396145627964
558.0   21.97227942394062
559.0   22.752760333110416
560.0   19.597239514563285
561.0   20.929958335164997
562.0   20.15981740693084
563.0   21.07820981780202
564.0   21.263206128143906
565.0   21.307851224439162
566.0   22.042468847517654
567.0   21.39707544547906
568.0   21.699067905772665
569.0   21.72967702657914
570.0   22.44221128033567
571.0   22.12709611414141
572.0   20.241589456753218
573.0   22.795506808621667
574.0   23.343194136348444
575.0   24.770637287240334
576.0   25.387299386446415
577.0   23.223478511687972
578.0   27.707024945125795
579.0   28.36475820595686
580.0   29.186752490955342
581.0   28.044994308712205
582.0   29.641694364673953
583.0   29.53225741368982
584.0   27.720054589942976
585.0   33.36811461688566
586.0   31.32893644256373
587.0   28.4566203639655
588.0   28.805883056535293
589.0   31.073595642377967
590.0   29.61923951010948
591.0   29.791258928334116
592.0   28.443298885333434
593.0   28.863408502295073
594.0   28.98957754026611
595.0   29.303753739367494
596.0   27.734828813433182
597.0   25.96145021190381
598.0   25.151587153611928
599.0   25.37573579963879
600.0   23.953566104384578
601.0   26.554423351644317
602.0   23.889675748881075
603.0   26.426676309855424
604.0   24.07864822775292
605.0   24.301790141755276
606.0   25.64387403420335
607.0   20.030459162531884
608.0   23.97350196080717
609.0   21.89651330817435
610.0   22.44244765587092
611.0   23.025063424827977
612.0   22.66364935244667
613.0   21.93934616410749
614.0   22.653522981846777
615.0   22.992608496729588
616.0   23.297748834960544
617.0   22.41364708243728
618.0   24.828557308842846
619.0   22.583654038143948
620.0   23.31788153938257
621.0   22.34088429682174
622.0   24.624425582319873
623.0   27.825113085879252
624.0   28.208689907160135
625.0   30.59598078190271
626.0   27.915323077539824
627.0   27.17489961252204
628.0   27.842666639339456
629.0   30.35452877891521
630.0   28.624361131765966
631.0   30.493137945615132
632.0   31.54827447207802
633.0   32.91732573190447
634.0   32.897648315911624
635.0   33.6151501579364
636.0   35.150590885987356
637.0   34.03634941662469
638.0   31.437337191780784
639.0   33.6115302198875
640.0   34.49812522178908
641.0   36.4559232668191
642.0   33.06994868595663
643.0   34.94413316265195
644.0   34.84233187868719
645.0   34.92701573600428
646.0   35.98695817086522
647.0   33.50383871195379
648.0   30.79405553416052
649.0   32.872847413307255
650.0   32.8729551436727
651.0   33.413224141499484
652.0   32.76292474692221
653.0   31.227110378512435
654.0   33.18020868097548
655.0   31.400273754589705
656.0   32.44154032201817
657.0   31.262678766843777
658.0   32.406106205863864
659.0   29.780115744572754
660.0   29.024366071503124
661.0   29.431561452202857
662.0   30.74701053239562
663.0   31.88343410782653
664.0   33.578345520481975
665.0   32.7507863185123
666.0   32.869020079773094
667.0   31.879134101559373
668.0   30.727478437637245
669.0   31.54697761741454
670.0   32.97360616485514
671.0   33.441809263376314
672.0   32.81345048528519
673.0   33.183627925987736
674.0   33.88906140066004
675.0   34.95771076308745
676.0   35.947745688642954
677.0   37.737196109223504
678.0   36.28556482582513
679.0   39.319583896495686
680.0   37.60902950596997
681.0   41.70035466672641
682.0   41.23708776241165
683.0   40.0081506887812
684.0   39.402098026010265
685.0   41.26358159017724
686.0   42.399257376538316
687.0   46.282650395082925
688.0   45.947224879062674
689.0   46.02954901307342
690.0   47.85940308495498
691.0   46.83372657826098
692.0   48.11000373429724
693.0   48.014285052500014
694.0   52.479498643208245
695.0   48.407471377333906
696.0   49.60977985541976
697.0   49.10527617004635
698.0   52.970709073633174
699.0   54.1128596290705
700.0   51.800277906120584
701.0   49.434376719698946
702.0   52.85030823135651
703.0   52.80199888303463
704.0   50.76209594311638
705.0   52.932909859376366
706.0   51.066274583609015
707.0   50.49616461239464
708.0   53.5046252839017
709.0   51.19364327129992
710.0   50.86413392941995
711.0   50.301401831006615
712.0   46.71239099541799
713.0   48.97555132273362
714.0   48.85392013491514
715.0   48.614159010649985
716.0   49.63191803397703
717.0   47.751101909590886
718.0   45.052950969351116
719.0   47.31071870199628
720.0   48.87072830579646
721.0   46.87584960260273
722.0   43.52993565129279
723.0   46.24586281824881
724.0   43.537211663626664
725.0   46.06554616059492
726.0   46.52474473317224
727.0   44.59377711067239
728.0   42.82958361024123
729.0   45.41777727498027
730.0   42.384228884407946
731.0   43.13251170122487
732.0   44.747786352579396
733.0   45.331696488994766
734.0   41.667688135174984
735.0   46.537671780261206
736.0   40.508979001025665
737.0   43.06103776024895
738.0   42.53435548164228
739.0   42.18861788410129
740.0   46.04648820430384
741.0   44.30387025740302
742.0   44.0216648834504
743.0   44.40890002835238
744.0   45.407631336066515
745.0   42.84068519066955
746.0   44.9304720865629
747.0   45.689915246960794
748.0   45.171474307270046
749.0   45.22519621637559
750.0   46.33752522548514
751.0   44.36375804228143
752.0   46.08343319644703
753.0   45.35776322237541
754.0   48.85299381073696
755.0   49.26539927397417
756.0   50.492555679882486
757.0   51.988154537649535
758.0   51.393852672673944
759.0   52.62380469975881
760.0   55.00014368845709
761.0   57.22512806127514
762.0   59.45111188718113
763.0   60.067791163671274
764.0   62.61547534448289
765.0   64.1347492840031
766.0   65.5603423829917
767.0   62.39402276808505
768.0   66.57773023873409
769.0   65.13139600272314
770.0   68.87064327857422
771.0   68.09404278864142
772.0   69.12600567251448
773.0   63.953506338077545
774.0   64.88117365955401
775.0   65.59871236525217
776.0   67.14213814557115
777.0   66.6063017245404
778.0   69.52019181611013
779.0   63.749937769207946
780.0   59.939637073289816
781.0   62.014521406885905
782.0   61.440501652044304
783.0   61.793159943150556
784.0   57.28532387354261
785.0   57.996897748872186
786.0   54.419293689488654
787.0   53.44327710172578
788.0   51.73153131453944
789.0   53.7167663458541
790.0   54.184990666830515
791.0   51.61708172746745
792.0   53.07966000638382
793.0   46.81850576657774
794.0   45.2707828509576
795.0   43.169613709042295
796.0   43.60897119880656
797.0   45.38617316285627
798.0   39.38692249974315
799.0   39.92929176224129
800.0   40.76716956641616
