500.0   50.94129444638307
501.0   50.16144695019406
502.0   50.83716237696942
503.0   51.8765171189946
504.0   49.534403105705366
505.0   47.188946388696735
506.0   44.366653154484226
507.0   46.89311288924941
508.0   41.81380981474254
509.0   39.01954003638329
510.0   37.531385990117286
511.0   38.83315764922875
512.0   38.40813209605588
513.0   36.75005408402001
514.0   33.50141197717062
515.0   34.84808739164231
516.0   34.819456876418485
517.0   35.02528775682677
518.0   33.71691480724493
519.0   34.6350534109265
520.0   34.753644956985625
521.0   35.39416519452902
522.0   33.14595122444149
523.0   31.72816986015752
524.0   33.35867205794986
525.0   38.701988887530035
526.0   34.851817187865066
527.0   37.705092186218565
528.0   35.00142692413013
529.0   38.392466818106556
530.0   37.32758573479549
531.0   40.065494552018606
532.0   41.89859405927686
533.0   44.190289989150614
534.0   43.88207161208925
535.0   44.36731846355417
536.0   44.76601701537686
537.0   44.69302983910973
538.0   47.70785808508356
539.0   46.906996678373844
540.0   48.189777058094364
541.0   47.19976741855166
542.0   44.67129221966039
543.0   47.725471252948864
544.0   45.653386288534534
545.0   44.453948229048876
546.0   42.66923296906285
547.0   40.64717361714099
548.0   40.40579476570696
549.0   39.54383374797925
550.0   39.39925686775891
551.0   35.8658608836665
552.0   34.64320798251583
553.0   32.875347449250484
554.0   31.988993096959405
555.0   31.511536939106605
556.0   31.913721479895827
557.0   32.91690484913582
558.0   30.411109335682056
559.0   29.57823584243991
560.0   30.328586738280308
561.0   29.71311317810799
562.0   28.38824520952963
563.0   29.761876922541376
564.0   29.751273743138768
565.0   28.20242969582327
566.0   31.97790104019674
567.0   29.06816279360811
568.0   29.300199284071397
569.0   30.039920921405923
570.0   31.125768559471766
571.0   32.81443096212905
572.0   28.86674058819392
573.0   32.13610729856049
574.0   33.42898606574619
575.0   33.1063817401907
576.0   33.64752709133458
577.0   34.68699925068324
578.0   34.461802164846745
579.0   35.94385750691225
580.0   40.64606493992929
581.0   36.02328234499316
582.0   37.10717237005014
583.0   38.42351353207653
584.0   40.7747873184704
585.0   42.940366478956975
586.0   41.98638706169808
587.0   38.18263439727693
588.0   40.71951010941822
589.0   40.772948722582186
590.0   40.48186946658899
591.0   39.816040016874354
592.0   36.85343535110778
593.0   39.293255917365514
594.0   39.34021889283059
595.0   37.362703561356454
596.0   36.64838158090947
597.0   35.637747599075
598.0   31.182669043028454
599.0   32.86847403900171
600.0   32.77687989587932
601.0   32.89966901467233
602.0   31.43322769233842
603.0   33.253001898043635
604.0   31.07070021369617
605.0   29.395764839862693
606.0   34.22128773667197
607.0   25.948382516239462
608.0   30.774594944971085
609.0   28.234448702307674
610.0   27.692370413694903
611.0   27.163642578617356
612.0   27.790384483935384
613.0   27.90417944621754
614.0   28.41097948538186
615.0   26.176764062291795
616.0   29.06372901227303
617.0   29.538717154498727
618.0   30.375129885802465
619.0   28.10335802450379
620.0   26.377802176864407
621.0   28.626355360391074
622.0   28.624744577059346
623.0   29.248527689551082
624.0   31.740646948935648
625.0   32.2852435893565
626.0   32.36025828125776
627.0   32.62324131114019
628.0   36.35422020210527
629.0   34.71071493030698
630.0   34.928407412604884
631.0   33.81425816337196
632.0   36.203110275250225
633.0   36.66356107519559
634.0   35.22617378707821
635.0   40.87308776333245
636.0   38.7395130863585
637.0   38.85751302598962
638.0   37.47543272116661
639.0   38.984884583928306
640.0   37.364721365559774
641.0   41.48351295821081
642.0   39.56416130417708
643.0   38.20328478626175
644.0   38.41222333268135
645.0   40.464499723579024
646.0   40.15698103676067
647.0   37.39181659297412
648.0   37.5737121745118
649.0   36.10030201858143
650.0   36.43065642847952
651.0   36.3109801602391
652.0   34.78144890484867
653.0   34.31604989497481
654.0   33.37335222270437
655.0   34.981229103618745
656.0   32.48872477077444
657.0   35.020818898389365
658.0   34.42252042819828
659.0   31.282733710467227
660.0   32.580509726754684
661.0   33.7301143438205
662.0   33.599352975075476
663.0   35.3037456510518
664.0   34.430726122420396
665.0   35.36564603548851
666.0   33.54257164464693
667.0   31.253054113996512
668.0   33.563602386320014
669.0   33.25975863628332
670.0   32.5217353551391
671.0   33.59514886789427
672.0   35.0483241510735
673.0   34.682299674957335
674.0   33.43236505014161
675.0   37.56864072344439
676.0   35.247815915926594
677.0   37.6393342450003
678.0   37.26261768185327
679.0   37.263041000811796
680.0   37.88062081638827
681.0   39.70372688228264
682.0   41.9582294689435
683.0   42.30854602932328
684.0   39.302498908357705
685.0   40.843958858844076
686.0   40.38590052645566
687.0   41.786357233744354
688.0   43.69397694820108
689.0   47.03771588062668
690.0   45.20255915493064
691.0   45.22294449003954
692.0   47.89529823965938
693.0   47.32124322626578
694.0   49.08868436986705
695.0   47.20319800793206
696.0   46.51533642208051
697.0   47.75274596045682
698.0   49.637373159355406
699.0   48.49052058696452
700.0   52.70997423490326
701.0   47.28812155853214
702.0   48.53315041969307
703.0   48.40678370275239
704.0   48.91071026319361
705.0   49.49978270479903
706.0   49.06075503496584
707.0   49.20044323638001
708.0   47.8209714619187
709.0   46.766916874064634
710.0   46.42713649728907
711.0   47.381329667449705
712.0   41.06245350242034
713.0   44.134330641195106
714.0   44.049427113309235
715.0   43.6428065766616
716.0   41.00934413881299
717.0   43.08286434542637
718.0   39.16373906954456
719.0   44.55868133073534
720.0   44.807265052564674
721.0   40.03724476551133
722.0   39.24059152321473
723.0   41.88255930434954
724.0   38.010921589922106
725.0   40.20181601052954
726.0   41.34392160495963
727.0   38.39987499966887
728.0   40.13774930382158
729.0   39.390586982889516
730.0   36.47354283167715
731.0   35.76403214596226
732.0   40.60230305578963
733.0   40.0229253088863
734.0   35.05952064884414
735.0   39.78610218279013
736.0   35.581258111369465
737.0   36.62604109858387
738.0   35.781965383992485
739.0   36.13344819974543
740.0   37.53314824677352
741.0   36.27483009577051
742.0   37.802603084216116
743.0   36.02871879141594
744.0   37.566944682762795
745.0   33.97057745042929
746.0   36.77301498815848
747.0   37.515249251745274
748.0   37.98106108663464
749.0   37.07705044722596
750.0   37.38500892290372
751.0   37.6680491927566
752.0   37.958458810951925
753.0   39.211458118630816
754.0   40.683670884988146
755.0   41.96316693581477
756.0   40.9247923907823
757.0   43.944472075021196
758.0   44.255334945679095
759.0   41.4692959676712
760.0   47.34999277122293
761.0   46.33602971868385
762.0   47.432767705951676
763.0   48.46236179266273
764.0   49.17744681586237
765.0   49.890175960209774
766.0   50.41306054531387
767.0   50.112043104940255
768.0   49.04085943417732
769.0   48.718330966334236
770.0   50.79467940402358
771.0   51.14807866064979
772.0   52.43888174572203
773.0   47.13438638952084
774.0   48.47902275752239
775.0   50.13892862114599
776.0   49.000883248809515
777.0   48.44983597658805
778.0   49.232877962335635
779.0   44.546566703391846
780.0   45.05664980109529
781.0   45.58806185495894
782.0   43.3763120876209
783.0   42.50979035334785
784.0   45.27244945021059
785.0   40.92763370869079
786.0   40.699682479034635
787.0   40.54486060505832
788.0   37.458828333881456
789.0   38.08073050944918
790.0   38.87129480397206
791.0   36.97325581670435
792.0   36.7360802778895
793.0   34.074662121495976
794.0   34.63068308846434
795.0   31.0128260305832
796.0   31.538833669287868
797.0   32.721590195361074
798.0   30.1216433144032
799.0   27.258350096005586
800.0   27.215630246291312
