500.0   82.28768079506895
501.0   81.30839267201088
502.0   80.51866721109053
503.0   80.65293512671738
504.0   78.89254413084171
505.0   73.41930247538718
506.0   70.69562597902026
507.0   70.02858160636231
508.0   68.87313959013142
509.0   64.79755303208384
510.0   62.7147242341822
511.0   63.62726207162851
512.0   63.3617971967075
513.0   57.89669227964205
514.0   55.82064946516496
515.0   56.77333750814273
516.0   57.301233886532685
517.0   57.9292594706495
518.0   56.18021117147532
519.0   55.49976144386099
520.0   51.62584575212432
521.0   54.555831182186694
522.0   52.89955764560068
523.0   52.60387535038433
524.0   52.60362127988407
525.0   58.90814455261895
526.0   58.15111009355081
527.0   61.12145458717967
528.0   58.02514463929762
529.0   62.72856848397592
530.0   64.54752456353654
531.0   64.60298266919062
532.0   68.86739876529529
533.0   71.20973147828983
534.0   68.46501790915858
535.0   72.17413179637839
536.0   74.74476694285963
537.0   75.75384855217249
538.0   76.27564731719633
539.0   78.41743643031901
540.0   80.57113155414635
541.0   76.84195628018989
542.0   77.0218732136795
543.0   78.4707159031874
544.0   73.7577821078761
545.0   73.09483203446916
546.0   71.56504972590145
547.0   67.2839095519476
548.0   66.84772116128858
549.0   64.34012859146836
550.0   60.70179527761201
551.0   59.30309905949926
552.0   58.29673591198849
553.0   53.66331103781599
554.0   53.92938571973505
555.0   52.0794340603604
556.0   50.69816517613407
557.0   51.50198265728534
558.0   52.0213745215857
559.0   50.25775102333512
560.0   48.0097121104219
561.0   49.51640011261085
562.0   46.47810217979293
563.0   47.848857307096694
564.0   49.44893840425351
565.0   47.73000872077279
566.0   52.83163199417032
567.0   48.91953250271402
568.0   45.90012551721921
569.0   49.15132115264262
570.0   51.261646899232744
571.0   52.56910344582275
572.0   49.01058748027475
573.0   54.900030347310434
574.0   54.684274964932
575.0   55.51028668286037
576.0   55.04749293385652
577.0   56.249538428902156
578.0   61.92730843080952
579.0   61.965229751114606
580.0   60.93424752623321
581.0   61.66069563715439
582.0   65.69925965223425
583.0   65.60070503484025
584.0   66.35576325098845
585.0   69.29488439968318
586.0   69.9060503610701
587.0   64.76518245514089
588.0   67.59837434442082
589.0   69.94702849310491
590.0   66.8124008083305
591.0   65.87079248300574
592.0   64.15521400211733
593.0   63.48587642750397
594.0   62.69057700774246
595.0   61.12561181198535
596.0   56.86529424349072
597.0   59.0927529722924
598.0   56.83901928299551
599.0   58.04774103490024
600.0   53.928241991301746
601.0   55.67695702845583
602.0   51.86147816195327
603.0   52.445793735531225
604.0   51.61098991756464
605.0   48.0941477516856
606.0   53.247353653669734
607.0   46.79742098210136
608.0   51.52086914248508
609.0   46.31047879050081
610.0   48.42016856134788
611.0   45.58626724436394
612.0   45.63904895544559
613.0   45.39658646133236
614.0   45.88977835691688
615.0   44.90878410863911
616.0   45.36537108010634
617.0   47.63026166064793
618.0   46.99009354083219
619.0   46.927897788193604
620.0   46.66527914153167
621.0   47.418238196866895
622.0   47.92887245458488
623.0   50.90889218671532
624.0   53.18334949137275
625.0   53.49356399005444
626.0   52.41690662870411
627.0   52.77777027831689
628.0   55.65007831691679
629.0   58.88463887454327
630.0   58.32838442241729
631.0   59.4036867246175
632.0   62.10657520594515
633.0   60.90682526544319
634.0   61.59115876981542
635.0   61.981169161539725
636.0   64.47829487287737
637.0   65.4855955831244
638.0   63.35420490255163
639.0   64.78049875593035
640.0   66.24508829459094
641.0   67.49254529872587
642.0   66.22303768604905
643.0   64.61809773362128
644.0   65.33853561997935
645.0   65.99829653664304
646.0   65.17422438309163
647.0   63.57081925462296
648.0   62.337014783751044
649.0   60.549526499394375
650.0   60.61127330360512
651.0   61.4598804116178
652.0   59.32122259365633
653.0   58.13782341081449
654.0   59.137971931202685
655.0   58.20641115949945
656.0   57.41648469038492
657.0   57.66600856693117
658.0   57.693510509038646
659.0   53.7630635577398
660.0   55.30123532323273
661.0   53.23515500796475
662.0   55.24631618709506
663.0   52.525756367684636
664.0   56.26975560508299
665.0   56.38875531928963
666.0   56.27916038290195
667.0   54.84755371228155
668.0   53.991911454048505
669.0   54.75488568071623
670.0   56.62288677701474
671.0   56.068220164392216
672.0   58.51158078966196
673.0   57.72922759491382
674.0   58.598324775895634
675.0   58.47689519524067
676.0   59.42939200726525
677.0   59.091396515684494
678.0   62.119716173622464
679.0   62.2485161379233
680.0   61.63306625037458
681.0   62.828067285009126
682.0   64.81114289009864
683.0   66.07584983171412
684.0   66.10103289994379
685.0   68.64555376617466
686.0   66.11570206928104
687.0   67.84655466030296
688.0   72.64776573840427
689.0   74.31441649505135
690.0   74.80298348605129
691.0   76.0956551733091
692.0   76.08797950851289
693.0   76.53808649804367
694.0   79.0727752638546
695.0   78.3561227073495
696.0   78.88799455185912
697.0   77.1676305368735
698.0   80.64305812379095
699.0   80.25338929099772
700.0   81.23723325774574
701.0   78.80393644831534
702.0   77.8292060020741
703.0   76.81250741310635
704.0   79.4701793827829
705.0   77.36450362247186
706.0   77.63742691040073
707.0   75.74359084441454
708.0   77.82019271751892
709.0   73.5380602729254
710.0   75.25420081509955
711.0   73.2823457975185
712.0   70.06042873939558
713.0   72.30234126134607
714.0   71.33915764993961
715.0   67.28383814614392
716.0   67.44392603834413
717.0   69.88566779786728
718.0   64.2232736646196
719.0   66.2114336946176
720.0   65.32154180445181
721.0   65.45615117317615
722.0   64.19350865214508
723.0   63.992295964681006
724.0   60.507622987935974
725.0   60.985203007461536
726.0   61.81741548969876
727.0   61.195908644073626
728.0   58.96757923916354
729.0   60.215862216325974
730.0   57.461591459684854
731.0   57.73254229548667
732.0   60.71804664659368
733.0   59.92193982022158
734.0   55.761700943351855
735.0   59.8291154299028
736.0   59.92307872927654
737.0   56.57284986532716
738.0   56.25855857744034
739.0   56.419736322886735
740.0   59.544685902160154
741.0   55.093208068278415
742.0   57.72743738211784
743.0   57.18457917008996
744.0   56.20014634810232
745.0   56.09139829082267
746.0   54.54903407700351
747.0   56.20792382964629
748.0   54.24652926101166
749.0   57.55041604716692
750.0   56.140141858308425
751.0   57.64985832211579
752.0   55.303024548184
753.0   58.15772960613572
754.0   61.58764919482019
755.0   65.32229409854946
756.0   64.68106864604965
757.0   67.6261800925264
758.0   65.84505425075625
759.0   68.09949945332244
760.0   70.6484484871836
761.0   71.15699189918234
762.0   73.02096282527526
763.0   75.83706054397229
764.0   79.8620381974751
765.0   77.31767276947457
766.0   80.13359855327548
767.0   78.87760695038602
768.0   83.75030890553023
769.0   77.93807054355341
770.0   81.31011828796676
771.0   84.00668176581948
772.0   80.25426063092132
773.0   79.31544590826837
774.0   76.44886259901824
775.0   79.41576552272912
776.0   75.93151266923678
777.0   75.96784041058271
778.0   75.22762826277676
779.0   73.4692126322856
780.0   73.54464319400728
781.0   71.01480117882355
782.0   68.05650802811107
783.0   67.74526650075273
784.0   68.43768553500536
785.0   67.11600071591573
786.0   64.26283574565915
787.0   61.85345177846733
788.0   60.85841094295034
789.0   59.54555712164557
790.0   60.94660913052567
791.0   58.81969115814414
792.0   54.078488646068934
793.0   52.984263575789186
794.0   52.933540636640885
795.0   48.302215220967696
796.0   49.78831909888763
797.0   50.62173233113768
798.0   48.126676723289165
799.0   44.995148982244245
800.0   44.97039297232382
