500.0   121.13521826217172
501.0   120.52853251697985
502.0   118.74132630186301
503.0   117.10083382703093
504.0   116.47925066863917
505.0   108.58227102795186
506.0   104.19133393095129
507.0   103.37878098485254
508.0   98.43466659335684
509.0   96.57826901300444
510.0   91.81096118768357
511.0   91.10027134471895
512.0   89.12735607311154
513.0   86.79497692932281
514.0   82.69102851455432
515.0   85.07697938728057
516.0   82.7820339614986
517.0   83.57614687907756
518.0   80.90934010057441
519.0   82.94245417529734
520.0   77.27716382357053
521.0   82.26246498354772
522.0   80.66718129760542
523.0   78.41421227801584
524.0   79.15078382659016
525.0   88.63115663412495
526.0   88.08143864336847
527.0   90.4434328544663
528.0   91.81316180797768
529.0   96.08596455276427
530.0   100.73806231139503
531.0   100.82062129685002
532.0   100.94680804624491
533.0   107.92744113150314
534.0   108.20278590531564
535.0   110.78023986434425
536.0   114.97618381965296
537.0   114.04186550364255
538.0   117.65751431442862
539.0   120.42665328491893
540.0   122.00000936556188
541.0   120.6038856586556
542.0   118.46801004658192
543.0   119.87007028096878
544.0   113.02539478673953
545.0   114.36716293025114
546.0   110.37299690831432
547.0   104.82210203630558
548.0   101.45508825115377
549.0   101.61784349583019
550.0   96.52033103366571
551.0   92.26132860890417
552.0   90.43935348201416
553.0   87.00898545386846
554.0   84.02735257737098
555.0   81.47331973935295
556.0   80.57323229591523
557.0   80.98250869624795
558.0   81.01142952174655
559.0   74.27433619627425
560.0   78.49968328046523
561.0   78.4421990606823
562.0   71.8001870321907
563.0   73.73216775755202
564.0   76.91815717307944
565.0   73.94352102888212
566.0   80.54209823116736
567.0   78.9501663159441
568.0   76.6981883671933
569.0   81.7317068004713
570.0   81.8988738620312
571.0   83.1834683129776
572.0   78.32175257372239
573.0   83.26343866228419
574.0   87.01528472583391
575.0   89.22093383023127
576.0   90.73743564219123
577.0   93.3853885393844
578.0   94.4317482694567
579.0   97.73758405068497
580.0   97.93223352116277
581.0   100.87709180124915
582.0   102.5085401483266
583.0   103.17479770308523
584.0   103.03478028091376
585.0   109.50998474537406
586.0   110.9095985720343
587.0   106.74187859694482
588.0   109.28045928255781
589.0   110.16788173005207
590.0   105.30753298645652
591.0   105.07371018936374
592.0   100.94222393015642
593.0   102.62025001922336
594.0   101.6670325999886
595.0   102.81560674608761
596.0   96.31330783877581
597.0   93.12140745292851
598.0   92.18617352399386
599.0   90.00400727430934
600.0   87.00093166026932
601.0   87.64907904573187
602.0   84.68432452989816
603.0   86.51917589944699
604.0   81.79173584956663
605.0   80.28032055445803
606.0   84.48299037563356
607.0   78.4394752235126
608.0   81.00891661090276
609.0   75.65160118866535
610.0   76.7066604535309
611.0   77.39965779357613
612.0   77.51964925197134
613.0   76.00998256710866
614.0   72.65390583665453
615.0   72.67800094113096
616.0   74.65098665566751
617.0   76.99877341536046
618.0   75.20160054575754
619.0   76.62860857769397
620.0   76.34973631034512
621.0   79.90516992352786
622.0   76.8065859266452
623.0   85.55695402224677
624.0   85.68370528258822
625.0   86.20613609579777
626.0   88.90876031828756
627.0   93.76285585033293
628.0   95.32090819673834
629.0   97.24304942868827
630.0   96.98540236157388
631.0   99.6946703910412
632.0   103.05844880416302
633.0   103.77222167674901
634.0   104.85078082910493
635.0   105.80967307109034
636.0   108.1798082735067
637.0   110.36506429312959
638.0   107.11013587615986
639.0   111.58107012203044
640.0   110.53589861574258
641.0   113.65043404630592
642.0   109.85955675249687
643.0   112.0732167185489
644.0   111.1696763717577
645.0   108.41406185915258
646.0   110.27793984818626
647.0   107.96294185264259
648.0   104.06184735171269
649.0   105.93004905609607
650.0   102.71287917529975
651.0   101.66062011222388
652.0   99.5583277506974
653.0   98.1418249529361
654.0   100.25213622134945
655.0   97.32956946397314
656.0   96.28175328794654
657.0   96.93532334151462
658.0   94.40206544993379
659.0   94.44753508128164
660.0   93.69629324908036
661.0   92.2433026245053
662.0   93.48918198484589
663.0   92.87772282070938
664.0   93.86347707088476
665.0   98.18538210290998
666.0   95.39668177914575
667.0   93.88222977888384
668.0   94.95734174168459
669.0   94.37437123762732
670.0   93.8368368347883
671.0   99.14877355915254
672.0   100.14944168407303
673.0   95.97672024390934
674.0   100.85194825052045
675.0   102.97903263946449
676.0   103.13771881886504
677.0   103.1147671228573
678.0   105.45114342726973
679.0   107.11620784385349
680.0   111.23438218852024
681.0   111.80635939277067
682.0   113.29037718414799
683.0   115.89699241669578
684.0   116.2014880494454
685.0   118.93295322583845
686.0   118.65135025813032
687.0   121.60154459574568
688.0   125.07182474933151
689.0   127.56920712816301
690.0   129.96566928229703
691.0   129.6165002337602
692.0   133.1893758236609
693.0   139.55461594584912
694.0   138.56425528737972
695.0   138.30993075136254
696.0   136.84763861521677
697.0   134.964197184405
698.0   141.81173270250835
699.0   140.79356851991818
700.0   140.7094030293785
701.0   135.7215599819643
702.0   139.5837050325294
703.0   137.40387250395315
704.0   137.02001000527193
705.0   138.67230920357284
706.0   139.21923381513813
707.0   134.43795328879628
708.0   132.79156576755435
709.0   132.30089898657303
710.0   130.74636084359148
711.0   128.60762791929946
712.0   123.37175407777417
713.0   126.9861555444318
714.0   125.0880102971519
715.0   118.31328622389987
716.0   122.79328931650534
717.0   121.16626198405399
718.0   114.1118382385601
719.0   117.8881977554679
720.0   114.99358093710944
721.0   114.67479433724728
722.0   109.94487023070724
723.0   113.07038750298469
724.0   113.7915100458294
725.0   109.10558474105565
726.0   110.32895817659565
727.0   106.69919162578958
728.0   105.35627188136164
729.0   107.81497606576585
730.0   102.39525262776132
731.0   101.95525232476237
732.0   106.79357178505407
733.0   105.26820538074392
734.0   102.87406173073569
735.0   104.22057860223046
736.0   97.33998725948479
737.0   102.70850227167881
738.0   100.16130143755291
739.0   98.24707880200577
740.0   102.1675892216087
741.0   99.30250742372465
742.0   100.83578817378282
743.0   101.25384859771384
744.0   101.65191535080535
745.0   96.90328269982064
746.0   98.19546629548864
747.0   98.05047828900561
748.0   98.24051596190122
749.0   95.6720651541134
750.0   98.9644166137175
751.0   100.55073681224079
752.0   101.26502418073176
753.0   105.95472877867206
754.0   107.25806810049204
755.0   112.88507841028311
756.0   114.12080390256858
757.0   117.7410208807326
758.0   121.38377880557974
759.0   123.24891882678799
760.0   129.4557991074608
761.0   132.06658527781417
762.0   136.87456121602258
763.0   138.61806235466574
764.0   145.94443277565563
765.0   142.79594334285102
766.0   145.84353240682907
767.0   148.8930690011379
768.0   152.150411036579
769.0   151.05967791855653
770.0   153.54685451295603
771.0   151.8881608387509
772.0   150.52830805388587
773.0   146.72008173708394
774.0   148.98167871847687
775.0   146.23970765188895
776.0   146.47662187912192
777.0   145.53967445932028
778.0   143.91568616768353
779.0   137.24266687715826
780.0   136.67863000997528
781.0   136.76940092176469
782.0   129.79312696202385
783.0   126.92863916119853
784.0   126.3228203620933
785.0   124.16368553529958
786.0   119.29161176662018
787.0   116.69985790514204
788.0   113.95336047442112
789.0   109.93325278405877
790.0   111.23752279166442
791.0   106.99629678918603
792.0   104.84261545480902
793.0   99.08128709359204
794.0   97.52865144956215
795.0   94.04751299032449
796.0   91.91161256623931
797.0   94.55551178977919
798.0   86.06461091283467
799.0   83.94953231290054
800.0   82.56907613943068
