500.0   166.64743859038677
501.0   165.89350270529724
502.0   166.26009023576347
503.0   161.9852730976315
504.0   160.5895240505816
505.0   150.59637501723287
506.0   149.5848633826964
507.0   143.8710276219141
508.0   134.78132837639203
509.0   131.70473658297584
510.0   128.32595024698338
511.0   124.24699372175004
512.0   123.25861219745363
513.0   120.93519230500746
514.0   113.60220847386296
515.0   115.94987710855418
516.0   118.0895634413771
517.0   117.37704277944806
518.0   114.14794941750222
519.0   118.42961562444012
520.0   108.15628817984432
521.0   114.36689210878956
522.0   117.2414893996154
523.0   111.95360077501374
524.0   113.51515986850967
525.0   120.99296384340207
526.0   120.20851019582437
527.0   124.53568291221572
528.0   126.17188422835807
529.0   133.64093172779587
530.0   139.76824404069754
531.0   144.80500908641565
532.0   147.21113724191892
533.0   150.82371619328916
534.0   152.44715575076583
535.0   159.51094776697533
536.0   162.86140567395896
537.0   167.6317305205593
538.0   169.5480831244168
539.0   173.22694804915125
540.0   172.65464662740112
541.0   169.60537764843235
542.0   169.0237769512675
543.0   170.99022805105142
544.0   163.97359070670933
545.0   161.94090955391852
546.0   155.28293010826607
547.0   151.84178524707187
548.0   148.35823167081895
549.0   142.28939571760657
550.0   138.17701397998385
551.0   130.05842373360585
552.0   135.31180417145026
553.0   124.45475843040637
554.0   124.18659801163571
555.0   118.81220554631417
556.0   118.59615177655033
557.0   116.95617375572962
558.0   116.91275610748835
559.0   111.91096789224616
560.0   110.35659208444903
561.0   108.20218927330978
562.0   105.0273567548179
563.0   107.07889123660175
564.0   111.43265212814217
565.0   108.8034210456093
566.0   114.80447649760458
567.0   112.74063099326241
568.0   109.50013468968316
569.0   117.79221753274791
570.0   120.57450245700684
571.0   118.83425537811831
572.0   119.2612922766757
573.0   123.5099758404219
574.0   125.45512912565442
575.0   132.67642290563373
576.0   131.8580225540231
577.0   134.24426080472637
578.0   140.77211433599115
579.0   144.66512602245552
580.0   148.0431049877969
581.0   152.517853731819
582.0   154.21344890701928
583.0   158.3135251351747
584.0   158.343054006224
585.0   165.38838452870445
586.0   162.75775614767102
587.0   159.29642132916874
588.0   159.96732448280008
589.0   163.25686841147044
590.0   162.13873017229542
591.0   158.56855871021122
592.0   155.0784324303962
593.0   153.9603998960904
594.0   153.80762336536975
595.0   150.12731922311167
596.0   144.42725059676934
597.0   142.3761097679507
598.0   141.46798749371854
599.0   137.50751060691687
600.0   130.5561691096745
601.0   126.95645703779041
602.0   124.10648263906597
603.0   131.16009656126081
604.0   123.77876541530014
605.0   121.72795075336066
606.0   124.64018605246582
607.0   120.40328703921438
608.0   120.5842831384528
609.0   114.88180370794029
610.0   114.67765697930633
611.0   117.17313745785538
612.0   116.9282343651877
613.0   111.72802519276254
614.0   108.31050595011595
615.0   109.12388166078097
616.0   113.973745922089
617.0   116.69392172283648
618.0   112.68305453455125
619.0   115.18597545288577
620.0   115.66678118441956
621.0   118.092370196692
622.0   117.94116212475569
623.0   126.10225084052638
624.0   128.09281573901552
625.0   132.18274167776167
626.0   133.70873816772658
627.0   138.06849575814653
628.0   142.92820183659387
629.0   146.23809156364365
630.0   147.370199250237
631.0   152.25867365424375
632.0   157.01918316527363
633.0   158.3907910920706
634.0   161.72258231766372
635.0   164.416719765589
636.0   165.9046630364371
637.0   168.3818775546382
638.0   167.66205809617725
639.0   173.55743926096318
640.0   173.85696092048218
641.0   177.38328174192912
642.0   173.09803892856024
643.0   171.85613672242346
644.0   170.97483244034032
645.0   171.12021487838905
646.0   170.02275240319173
647.0   167.59499779153424
648.0   163.8085209676741
649.0   165.2476507108831
650.0   161.3985652711503
651.0   162.00441254997972
652.0   157.37537793333962
653.0   154.98278439134063
654.0   153.73670835149332
655.0   152.51774124634386
656.0   150.44205675380672
657.0   151.40535690816824
658.0   148.50093123138714
659.0   148.0642032709994
660.0   147.80420800587203
661.0   144.24044585716706
662.0   146.60064256052934
663.0   147.92077755120255
664.0   148.04215828169293
665.0   153.655049678508
666.0   151.21520572160898
667.0   146.55401441376185
668.0   148.53449962242163
669.0   146.40025307562144
670.0   154.57232393230112
671.0   156.72539319630627
672.0   159.12061825037054
673.0   154.26922542409713
674.0   157.910034867564
675.0   163.05875421335253
676.0   160.68243668411122
677.0   164.34328086691062
678.0   168.41009344545117
679.0   172.84717366705098
680.0   175.59808495787715
681.0   178.42980131454732
682.0   184.37215977063966
683.0   182.26455588262874
684.0   186.50475256258767
685.0   191.59728627008622
686.0   193.85496816337042
687.0   196.23653293469602
688.0   203.73154500539417
689.0   206.62292720209157
690.0   210.16895108301924
691.0   210.63473299779756
692.0   216.92786367088365
693.0   217.46180554449742
694.0   217.68886663829514
695.0   224.68950426245956
696.0   222.4701476461398
697.0   217.7955757324932
698.0   227.0000347854457
699.0   227.57850776358296
700.0   226.5032903963958
701.0   220.05698954065647
702.0   223.98874094167314
703.0   220.01185573695057
704.0   222.3232483837772
705.0   222.07290539137486
706.0   221.53286170152984
707.0   218.91518970792862
708.0   216.60128538264308
709.0   214.09500188461317
710.0   210.9900984159913
711.0   206.48848894265356
712.0   202.5843612154404
713.0   203.25102255246392
714.0   200.424874533586
715.0   195.70581094720933
716.0   194.27951657368865
717.0   195.81735464736877
718.0   185.8549015687713
719.0   193.0218012934219
720.0   187.8331501466118
721.0   184.8670079424518
722.0   181.99867829650213
723.0   184.97080889605908
724.0   183.21238325577065
725.0   179.25503832437542
726.0   177.47083952166892
727.0   172.70144402612442
728.0   172.8231684845927
729.0   175.27073223767405
730.0   166.77905578833125
731.0   170.56255736507288
732.0   173.9637281487434
733.0   172.0651410311734
734.0   169.19585897113294
735.0   169.40474121771504
736.0   162.5067698320801
737.0   165.2046069439869
738.0   163.8565626628658
739.0   158.8753279872845
740.0   167.9440417339971
741.0   161.6628737830717
742.0   167.68922139580945
743.0   161.65612092980882
744.0   162.92414093579467
745.0   157.79480170356135
746.0   157.71974938641137
747.0   163.9469680789791
748.0   159.62934513191863
749.0   161.55135169062396
750.0   162.9070765822396
751.0   163.42009779337153
752.0   166.52209883038773
753.0   173.9113055083311
754.0   180.19246018273253
755.0   182.04676040776857
756.0   188.53429095728512
757.0   194.58240972211308
758.0   202.77644347827587
759.0   205.56936028041463
760.0   209.96886553290784
761.0   219.00252562935236
762.0   226.23565467258948
763.0   233.03245620574583
764.0   239.81542899720915
765.0   242.18214363904738
766.0   246.99736132914842
767.0   245.14086945097583
768.0   255.70856082133162
769.0   255.5186030750172
770.0   258.8492160680691
771.0   254.89797929293408
772.0   258.2888423167294
773.0   247.0561870317561
774.0   252.55073385113712
775.0   250.61647331724592
776.0   243.790268753386
777.0   244.83850825798555
778.0   245.68002450978355
779.0   236.1335119230939
780.0   234.0196302858173
781.0   228.92583614996093
782.0   222.98244089191132
783.0   220.33897316560098
784.0   215.09350784060592
785.0   208.0102862809111
786.0   202.68102325409097
787.0   200.41622643545338
788.0   192.6768090771139
789.0   189.06803293415692
790.0   187.5306266344214
791.0   175.38562406847035
792.0   174.6292388161452
793.0   169.65057099549148
794.0   167.15167661782394
795.0   160.3226514785485
796.0   155.1909091446989
797.0   160.80007583013764
798.0   147.20710568580853
799.0   141.27846001627762
800.0   140.70355540882193
