500.0   222.5262851567601
501.0   220.58402734497355
502.0   217.23232146453364
503.0   213.4676691956927
504.0   211.92057117899083
505.0   199.3044083876401
506.0   197.79609757931811
507.0   194.82009017573358
508.0   179.71603726219718
509.0   175.38410540247298
510.0   169.78779248821246
511.0   164.10689002191734
512.0   166.17376802736206
513.0   161.643099111208
514.0   152.24966214661958
515.0   152.05662462092
516.0   154.5566350352923
517.0   156.1383917141161
518.0   147.19234767036096
519.0   152.75376348121452
520.0   147.33420824202213
521.0   151.80760225571333
522.0   155.3018341379391
523.0   150.47948890562537
524.0   154.34124211638704
525.0   160.4179333962658
526.0   163.2013676254628
527.0   170.83489412377466
528.0   172.22240525866545
529.0   177.48887337439976
530.0   185.30933506964362
531.0   192.05019512194124
532.0   199.0281367943089
533.0   203.6966853739146
534.0   212.10186839379116
535.0   215.32962794181907
536.0   222.38887512935312
537.0   226.79940229281476
538.0   232.5972173601051
539.0   234.88127064955938
540.0   238.81492354994697
541.0   233.2520375470654
542.0   233.33887731634684
543.0   236.0367203717853
544.0   226.56655673913673
545.0   222.32147385660454
546.0   216.91024353863693
547.0   206.87686906346
548.0   205.42480310652468
549.0   193.79292668937939
550.0   191.30813539984175
551.0   180.15235869029996
552.0   184.72103168072226
553.0   172.82127682499285
554.0   168.3664081693656
555.0   165.13543610767013
556.0   160.97937699040963
557.0   156.20266411985844
558.0   159.55419416227642
559.0   153.91152109147947
560.0   151.7145956484625
561.0   154.3474288418862
562.0   147.47933591852654
563.0   145.67928668715882
564.0   154.1180060391633
565.0   151.90152726617498
566.0   160.8643361837095
567.0   157.2857226730585
568.0   154.09813367810133
569.0   162.06656699468576
570.0   169.59880531809145
571.0   167.09524133348407
572.0   163.74309091053516
573.0   169.5032911885423
574.0   175.04892419431252
575.0   184.5343207050634
576.0   185.95465693174927
577.0   188.6540450898505
578.0   195.99964091424874
579.0   199.79921895494618
580.0   207.64211645181368
581.0   211.5949950232033
582.0   214.81215344072027
583.0   216.60322616865994
584.0   217.16678866130422
585.0   227.59181756371643
586.0   226.43214702959924
587.0   223.60670044183158
588.0   225.76341418888123
589.0   227.65400452776427
590.0   224.76739020745987
591.0   226.52860880095415
592.0   218.2441258391179
593.0   218.66350463643977
594.0   214.265458632971
595.0   210.90053440548616
596.0   203.85842994127626
597.0   199.30514008966037
598.0   197.38567538720574
599.0   193.10977244429
600.0   185.3753541193492
601.0   186.4731490294418
602.0   174.45171868284962
603.0   184.14272794355938
604.0   173.3855174342857
605.0   172.90057566824234
606.0   177.98539054462663
607.0   171.6716929881141
608.0   173.07157574636517
609.0   159.99551176375027
610.0   165.09326431874229
611.0   160.79378043484968
612.0   164.25696216713655
613.0   159.9127961220918
614.0   155.2499101089341
615.0   152.61240663560602
616.0   161.3692619389994
617.0   165.01935123193374
618.0   163.07918476901457
619.0   163.9792087812089
620.0   164.98641654826582
621.0   172.77741952661438
622.0   171.17896645804348
623.0   179.66475775225257
624.0   185.920131685932
625.0   187.60649041262343
626.0   192.99457153885842
627.0   203.23669678171302
628.0   204.38151613755093
629.0   211.28661063247228
630.0   214.24976230415476
631.0   223.3967049423565
632.0   227.73189604132787
633.0   230.78721378959787
634.0   230.73727441036945
635.0   237.94131568192512
636.0   241.64976689843309
637.0   244.7764799122226
638.0   243.23720412802822
639.0   249.0901496854799
640.0   251.3239759623498
641.0   253.4682052271064
642.0   253.56040704689508
643.0   248.68116641688277
644.0   249.8557980317854
645.0   247.91285199250495
646.0   248.1265747671433
647.0   243.5381911789765
648.0   238.50253765868115
649.0   235.74482832637554
650.0   235.07738621741566
651.0   235.90987570682879
652.0   225.86271462892688
653.0   225.16333900012202
654.0   224.62189254367686
655.0   220.30731259455428
656.0   219.58761041263094
657.0   221.5312318876293
658.0   217.26586205655133
659.0   218.0325622595188
660.0   215.48056853201993
661.0   215.31112219751805
662.0   213.76829667635926
663.0   214.91329795584335
664.0   218.57481414313162
665.0   221.9711047535628
666.0   218.08879357879073
667.0   216.75959673350272
668.0   216.3846687674833
669.0   220.76611955052363
670.0   226.1379767594422
671.0   231.90614935090522
672.0   232.51809598019125
673.0   229.49211780723815
674.0   231.04876993467778
675.0   241.2408154341913
676.0   239.13178719872303
677.0   244.61888248318564
678.0   250.74837456469416
679.0   250.63243560095162
680.0   257.3028617311728
681.0   264.7428614275161
682.0   270.2766826338748
683.0   273.75500363059984
684.0   278.00996410209973
685.0   286.5328514337666
686.0   287.7056397384928
687.0   292.14288601715776
688.0   298.00772659339134
689.0   304.7222632730071
690.0   309.4658203394516
691.0   308.25226796759284
692.0   320.6759279660815
693.0   323.87535960252114
694.0   324.9783656385555
695.0   330.1569309345964
696.0   327.49378316133755
697.0   322.70603408191903
698.0   337.34831808330284
699.0   336.42454809950266
700.0   333.4680751298262
701.0   330.0498353980149
702.0   334.6588133136789
703.0   330.6319925918154
704.0   328.52896107917536
705.0   328.9576566345095
706.0   328.95651829250147
707.0   327.8548523036278
708.0   323.17839145547936
709.0   319.16466934048765
710.0   314.49416414250845
711.0   312.6742800942184
712.0   303.42910527341473
713.0   299.1252794533376
714.0   298.2741306694245
715.0   293.3456699017748
716.0   293.58591993665084
717.0   293.9717352588917
718.0   283.14284717672393
719.0   283.8850732925571
720.0   276.65240678917974
721.0   276.25447723703394
722.0   274.9389096722253
723.0   271.97243270897206
724.0   274.8163474856078
725.0   266.6971806101136
726.0   265.6405197881103
727.0   266.40089592110996
728.0   261.08129220362065
729.0   264.2453047712677
730.0   251.07539922595615
731.0   253.75205227789203
732.0   259.64264732636366
733.0   257.90805410333655
734.0   256.0022389471727
735.0   257.19507544512385
736.0   244.76166566769612
737.0   246.1512753024042
738.0   250.61500473033837
739.0   245.37325416504865
740.0   254.1311305723009
741.0   245.2119957849294
742.0   251.31702343528173
743.0   245.47238773922436
744.0   246.19118167543493
745.0   241.38609982868456
746.0   242.30458777093355
747.0   245.19890081325767
748.0   241.45767104316275
749.0   242.657723092362
750.0   246.20249139263046
751.0   245.27757815913404
752.0   248.41467980486436
753.0   259.9400455407045
754.0   266.2700372475311
755.0   275.04611722878235
756.0   285.2182803704482
757.0   298.41918539521515
758.0   308.63553313245734
759.0   308.2242430580934
760.0   322.21885782361744
761.0   334.25669591501253
762.0   343.5843988312588
763.0   354.34415101233014
764.0   365.1643740039462
765.0   365.64363536829626
766.0   379.20063525377526
767.0   376.74666112811803
768.0   390.15548611377466
769.0   384.7677975596676
770.0   395.21358836745594
771.0   390.3201214914328
772.0   391.92358823265886
773.0   380.29898598573146
774.0   381.06516866444105
775.0   373.7805467273091
776.0   373.94199263361304
777.0   376.29880787852545
778.0   373.25232474299406
779.0   357.9149709012321
780.0   359.63816478861924
781.0   349.44959200526455
782.0   340.53448847597406
783.0   333.31432449566734
784.0   327.8319316742494
785.0   317.35664725927546
786.0   311.9850670286555
787.0   304.10482690854445
788.0   293.79386140002345
789.0   289.93535445185785
790.0   285.1836867765454
791.0   270.69805319759456
792.0   271.1370208504254
793.0   256.2029149013395
794.0   251.87430143958076
795.0   243.60846789080745
796.0   236.6456243301677
797.0   237.5006141372632
798.0   226.2373527757855
799.0   215.81587408162176
800.0   210.84281720010685
