500.0   278.2860896937249
501.0   274.8536979939818
502.0   275.726357764158
503.0   269.02530307107793
504.0   263.2182437334663
505.0   249.40498804775953
506.0   245.7662896409402
507.0   239.4758670954397
508.0   225.18155780184975
509.0   223.11871966829244
510.0   212.64061912287696
511.0   207.98924024685098
512.0   204.36459178640436
513.0   202.30594980528858
514.0   189.02780039704982
515.0   191.37508332217277
516.0   198.7166644920698
517.0   198.52740009739637
518.0   192.056603331002
519.0   196.25771959284717
520.0   185.52047660589537
521.0   193.3649527445839
522.0   197.7652666458832
523.0   194.7024896201604
524.0   192.9276311665514
525.0   205.30791836725288
526.0   207.8752243185054
527.0   218.4661902275146
528.0   220.8389358235204
529.0   227.75536704869518
530.0   238.44412511264306
531.0   246.7955132546475
532.0   251.45581175243754
533.0   261.30586172873643
534.0   266.49972954399897
535.0   276.0701811616003
536.0   286.4875517055581
537.0   288.67512078379644
538.0   296.63855832981193
539.0   301.18616562966656
540.0   301.85291579602983
541.0   294.3003956772843
542.0   295.1113459239377
543.0   297.9908511475854
544.0   289.5301414495897
545.0   283.10842639335596
546.0   279.4222157530644
547.0   266.11302940717025
548.0   258.54657728507345
549.0   252.3973618733504
550.0   245.9263700546259
551.0   234.49717299681427
552.0   236.24203416960034
553.0   220.24327200455141
554.0   218.6182325217765
555.0   213.52033311136435
556.0   209.67439737289712
557.0   201.79499036527577
558.0   203.64431641473925
559.0   194.89173043718688
560.0   196.58972548601477
561.0   195.43926634146771
562.0   187.3915315829974
563.0   192.97943746529427
564.0   198.75698797157227
565.0   197.20173468772884
566.0   208.89155821206776
567.0   205.1781902804188
568.0   199.99664062861237
569.0   214.05104729817404
570.0   219.37177280204745
571.0   219.44773841608747
572.0   217.5428152765097
573.0   223.37653635473944
574.0   229.60862718263905
575.0   238.85422096317023
576.0   239.6212851546014
577.0   247.62741599216605
578.0   255.19004739651723
579.0   260.8400319077666
580.0   270.33736488398256
581.0   274.78730476793567
582.0   278.2294336082397
583.0   284.30370451644023
584.0   286.81459012815486
585.0   296.3339507348161
586.0   300.37540975156594
587.0   296.42399531523586
588.0   300.47298904604077
589.0   301.6431917287017
590.0   294.77504146919586
591.0   293.76542989766165
592.0   285.78148870951895
593.0   287.52411915351547
594.0   281.22419803588554
595.0   272.2271978287914
596.0   266.156595898808
597.0   262.29550443644956
598.0   258.238458834923
599.0   253.74422600546586
600.0   248.38330943629893
601.0   242.30019701923925
602.0   233.5659995631251
603.0   242.69385279613894
604.0   235.92942699074433
605.0   228.63047598350258
606.0   235.0251950703635
607.0   227.39108456192076
608.0   225.81329051791005
609.0   210.99237643764823
610.0   216.2873222027875
611.0   210.08608866215502
612.0   216.6119651238811
613.0   210.14219566437933
614.0   205.64203869093427
615.0   206.18503714808867
616.0   215.5821392665291
617.0   216.89861902521005
618.0   211.4390677786685
619.0   219.84984423001418
620.0   218.11237148058575
621.0   230.00485444640452
622.0   227.63369760116797
623.0   238.7412689041234
624.0   246.2191684705329
625.0   253.52661696965305
626.0   258.6061677457275
627.0   264.4618242305166
628.0   277.5175432020846
629.0   281.7638531901176
630.0   286.2649552977846
631.0   296.75789212328425
632.0   304.11176411251915
633.0   306.44518974760615
634.0   310.3977855205861
635.0   321.48557213072115
636.0   323.2711479223484
637.0   326.81774636055957
638.0   324.9550916473941
639.0   331.6522357417667
640.0   337.97958466697685
641.0   341.1216237419554
642.0   337.50478720584243
643.0   333.52443652942316
644.0   330.9224588309715
645.0   328.2090111658429
646.0   332.197923440923
647.0   327.79980077591864
648.0   317.8240501767406
649.0   316.66421837213557
650.0   316.07269883027806
651.0   310.5081823363806
652.0   309.3315747906474
653.0   303.63375480259003
654.0   306.4272928138108
655.0   299.26858045928276
656.0   296.4240917196556
657.0   296.79181969444306
658.0   292.47732227468214
659.0   292.89694889022553
660.0   294.48121024923387
661.0   286.1974274806257
662.0   288.83957511479787
663.0   292.5240255380634
664.0   294.9818896182238
665.0   300.8794367852822
666.0   293.1469231922436
667.0   294.9399436733578
668.0   292.43887392265754
669.0   298.19746678995676
670.0   307.5164955680368
671.0   313.84643142337654
672.0   317.03974099419804
673.0   314.4732867593101
674.0   314.72952943254506
675.0   320.89539820488454
676.0   323.0508992754703
677.0   332.63860112597513
678.0   337.2648335714431
679.0   340.7616829720976
680.0   350.1130167647342
681.0   358.7673908353106
682.0   367.0609788792946
683.0   369.5981037468516
684.0   377.8020919887979
685.0   386.18630775829683
686.0   390.27304458947145
687.0   398.81422806141575
688.0   399.75178174508073
689.0   414.58692041784764
690.0   420.3533518064371
691.0   421.16892678604836
692.0   439.35740362643077
693.0   442.69900378683997
694.0   443.72363515561005
695.0   449.41067985226823
696.0   447.5392646487227
697.0   444.62712829855684
698.0   459.32217691473136
699.0   461.19955926344176
700.0   456.9360092641862
701.0   447.85690896732683
702.0   455.47861175448423
703.0   450.61737123061806
704.0   453.34273856777077
705.0   455.4705168516273
706.0   450.9278610788385
707.0   448.5474284130032
708.0   437.4956863377276
709.0   437.23028528216213
710.0   429.4663782005539
711.0   425.67151985324665
712.0   415.55976263270134
713.0   414.33099432553536
714.0   406.66893422327814
715.0   403.09387919104046
716.0   401.8857522965194
717.0   402.00338118677746
718.0   388.4442471987829
719.0   393.927017579365
720.0   382.8319327373231
721.0   378.34278209550087
722.0   380.2749353024084
723.0   377.6250578147491
724.0   377.7563638989357
725.0   368.4260089213353
726.0   362.5345621392446
727.0   368.193996262893
728.0   361.0145718623975
729.0   364.8337657129344
730.0   344.75189812521603
731.0   348.0109609960607
732.0   361.0324199862778
733.0   358.14064598342395
734.0   353.49248375326295
735.0   350.32481757325024
736.0   337.0252028321114
737.0   338.7660917082571
738.0   343.96935498503694
739.0   335.76834112030934
740.0   347.9423390862848
741.0   343.890517952474
742.0   347.63157117068334
743.0   338.4276984421452
744.0   342.7161750290354
745.0   329.90811565534165
746.0   332.01458838921604
747.0   337.09880597539245
748.0   334.0113572611061
749.0   335.38543847132195
750.0   337.71445014372233
751.0   338.613125111788
752.0   344.4471001253966
753.0   353.5544508910496
754.0   368.4279234305771
755.0   375.1846820438325
756.0   388.9544561517417
757.0   408.1757414099739
758.0   422.10554335595987
759.0   425.64312751911496
760.0   442.2160512262559
761.0   458.43485397196355
762.0   474.71701133608667
763.0   494.9034057389165
764.0   499.8214699793652
765.0   512.6098398155859
766.0   527.2749876442381
767.0   523.5879011744463
768.0   539.3631137899856
769.0   540.047415882789
770.0   545.3236219612828
771.0   546.299478434974
772.0   544.1134503030888
773.0   526.8712606857941
774.0   532.8375995794343
775.0   517.2737713352574
776.0   520.0490813613062
777.0   520.1542804569576
778.0   515.1747225028253
779.0   496.1252477060152
780.0   494.0582007603127
781.0   486.65016233599727
782.0   475.8535142371095
783.0   460.7919773047667
784.0   453.4728600705097
785.0   441.94517888623267
786.0   427.5597373691258
787.0   420.110456696091
788.0   408.3384693338775
789.0   400.4545954977715
790.0   393.8532937160138
791.0   377.5099934418409
792.0   375.2687239677417
793.0   356.6549499906908
794.0   347.6581910958671
795.0   335.5942897530259
796.0   329.3150110833624
797.0   333.8052328020801
798.0   310.9578127517428
799.0   296.0206091887506
800.0   296.1488648204622
