500.0   339.4545203012176
501.0   333.080484355765
502.0   328.3614676536214
503.0   323.38923481166796
504.0   324.0160623351879
505.0   307.9830408210481
506.0   300.9246490537628
507.0   291.371559983697
508.0   281.1571989488899
509.0   267.9840780109413
510.0   257.9895591033738
511.0   256.73762141132795
512.0   251.21669181607743
513.0   248.4113586324638
514.0   233.36608140480087
515.0   229.97548068991188
516.0   239.35327336256063
517.0   241.55955219419883
518.0   235.55154037747985
519.0   240.52497572251
520.0   229.3690129227907
521.0   238.18666580306376
522.0   242.17879765817892
523.0   235.85301119426953
524.0   237.83937859110318
525.0   253.62111394412736
526.0   256.7159088415136
527.0   265.45699153888665
528.0   269.59866821561627
529.0   284.27315060456687
530.0   296.2058930762478
531.0   306.1382838593305
532.0   312.1895917234134
533.0   320.3415117820871
534.0   327.52795304256307
535.0   341.76487258661183
536.0   348.07002542848136
537.0   358.94630717323577
538.0   368.7801816968196
539.0   372.77659998031476
540.0   373.63549908163594
541.0   369.85860296191913
542.0   363.21162350838296
543.0   368.77098987428525
544.0   358.93261521628756
545.0   350.8023689398329
546.0   342.6590487909758
547.0   330.4673494610051
548.0   322.04661100703606
549.0   312.83980015199364
550.0   300.53599345348664
551.0   288.0536297467087
552.0   292.0925363800203
553.0   275.65371520404676
554.0   272.1379624522991
555.0   264.2262996396088
556.0   260.50150553655976
557.0   256.32490469651077
558.0   255.5938266239583
559.0   245.0477944741304
560.0   251.630405770529
561.0   246.50458454868686
562.0   234.20537580035472
563.0   243.1756155811168
564.0   248.76192849970502
565.0   241.99731119018185
566.0   261.43476245703437
567.0   256.67248961952396
568.0   252.89691437800005
569.0   268.09323330730047
570.0   273.82320687118954
571.0   277.11270044758885
572.0   269.5900246733534
573.0   278.97846655349167
574.0   290.59171706848514
575.0   306.3432643999028
576.0   302.2644231718773
577.0   312.9774756489978
578.0   319.4723304943921
579.0   327.025534240455
580.0   340.489725778006
581.0   349.7888554632597
582.0   352.0208126288002
583.0   358.2498647419771
584.0   362.4749847120674
585.0   371.3582397799464
586.0   379.50238912112434
587.0   374.1817778929519
588.0   373.86446333746494
589.0   379.46562920349425
590.0   370.89007744021853
591.0   369.56665883849445
592.0   360.32333621796954
593.0   360.1494659143586
594.0   356.0458375026036
595.0   349.99227183816265
596.0   340.58969315485257
597.0   332.67245845766064
598.0   327.57135199144375
599.0   325.0606174509961
600.0   313.65339572666284
601.0   308.31016882879874
602.0   297.10340847844515
603.0   307.149133875812
604.0   291.7578727448944
605.0   291.4818599539632
606.0   299.4133389433554
607.0   290.9740750098448
608.0   291.9511177774662
609.0   271.40741523916915
610.0   277.4506585299975
611.0   271.94002093009095
612.0   278.022568627494
613.0   266.8870392626259
614.0   261.5425457245076
615.0   263.6626898171636
616.0   273.1205904130339
617.0   276.87013828034037
618.0   271.80768497914664
619.0   276.60810105893364
620.0   278.882634562884
621.0   294.5975760425406
622.0   292.03846547505583
623.0   307.13067382207277
624.0   314.73972205987604
625.0   322.30817304141607
626.0   334.9259286880616
627.0   341.4149734446066
628.0   351.4061914635242
629.0   361.0831112135001
630.0   365.27109192345085
631.0   382.95338852410987
632.0   387.88874836023274
633.0   394.12070041927757
634.0   401.26936688659725
635.0   408.24322594375195
636.0   419.5745416289442
637.0   422.5523632191987
638.0   419.88170686388315
639.0   434.1159093256602
640.0   433.37157220446545
641.0   435.926116249165
642.0   436.75218391977086
643.0   428.76815989774207
644.0   422.832907564404
645.0   425.1580127105852
646.0   425.64169482510044
647.0   418.1312426082031
648.0   410.50342563374545
649.0   408.9381096614044
650.0   408.1765542673109
651.0   403.7504614917864
652.0   398.3638839200764
653.0   390.83450450020337
654.0   389.8004307635564
655.0   386.74231030470247
656.0   382.0498940811842
657.0   381.47320201583995
658.0   377.29740707208634
659.0   378.1356080244078
660.0   378.2918227031538
661.0   373.7186641014374
662.0   371.629604526883
663.0   374.4029961479138
664.0   382.83898300595473
665.0   390.27933094770583
666.0   379.57939987030244
667.0   383.4330246429581
668.0   379.1580255205347
669.0   381.3984560842226
670.0   398.97237272891397
671.0   407.98377608502403
672.0   411.40879387601694
673.0   405.36735288396346
674.0   408.3287187453261
675.0   420.42427260076454
676.0   423.57854218462813
677.0   429.841728611682
678.0   439.7673590140157
679.0   445.9758887823701
680.0   458.747093065278
681.0   468.5839702380106
682.0   472.26457820321065
683.0   481.7806862720423
684.0   490.5056600120224
685.0   505.01570796496253
686.0   513.3813505371113
687.0   517.1843077703975
688.0   527.1136099933055
689.0   542.4240323275926
690.0   551.8326362547219
691.0   553.0786051986935
692.0   573.9912060414458
693.0   580.9262453814209
694.0   578.9704276661079
695.0   590.5477134278937
696.0   585.5798716401011
697.0   582.7565614785203
698.0   604.2415779417503
699.0   604.7112351770015
700.0   600.9638449304684
701.0   588.6969946958337
702.0   599.9143701911546
703.0   589.8584968145833
704.0   595.3739292667675
705.0   593.6259741229471
706.0   591.1755792876804
707.0   587.0334324028094
708.0   585.0428348631247
709.0   571.9846624751585
710.0   566.2269727976739
711.0   558.0785050645404
712.0   547.6089240196362
713.0   544.6579397546075
714.0   532.3883134518782
715.0   529.6332145297424
716.0   525.627693868952
717.0   530.4740869909257
718.0   511.6954847633477
719.0   519.2091215265432
720.0   501.38954263513835
721.0   505.766638733205
722.0   500.87409414353306
723.0   497.2645815789765
724.0   495.83821559843415
725.0   485.1043675282766
726.0   480.5152183441529
727.0   476.4026246229026
728.0   469.1217945972993
729.0   474.68066508490125
730.0   452.8130521510915
731.0   461.5656542917113
732.0   474.9257322103384
733.0   470.7477771821433
734.0   467.5186543139058
735.0   462.3184726670511
736.0   439.92648451030095
737.0   446.88697623135187
738.0   450.52578154740763
739.0   444.33763543761387
740.0   465.91590738507745
741.0   443.7708654736213
742.0   461.16354996527815
743.0   447.06747345911975
744.0   443.38569501459824
745.0   439.92875815866586
746.0   436.4902741409517
747.0   444.4465966033912
748.0   440.1322869595467
749.0   441.280360468314
750.0   445.59985718896615
751.0   450.6529822535971
752.0   455.722187802866
753.0   466.850646957474
754.0   479.743949789178
755.0   497.6560417824977
756.0   517.6224590706468
757.0   532.5656139277146
758.0   556.7223807679904
759.0   562.4603910378125
760.0   588.9311860279183
761.0   604.8817042702528
762.0   624.0692208208861
763.0   650.2652041713021
764.0   665.9818276662324
765.0   681.5829014561516
766.0   694.5715842915604
767.0   692.4858689772456
768.0   720.9635336192725
769.0   709.2379825437031
770.0   724.5641605730885
771.0   719.5724436721205
772.0   719.9627852662036
773.0   700.0217153964534
774.0   708.1689171952021
775.0   687.2389509125263
776.0   690.2646528141688
777.0   688.4980820897326
778.0   687.4551820143961
779.0   657.124229553185
780.0   657.548383721035
781.0   642.7220303803638
782.0   628.5073485577586
783.0   612.7742392581663
784.0   599.203485081352
785.0   578.9331539397774
786.0   567.3616939643678
787.0   552.5878273548329
788.0   542.6949723148298
789.0   529.00448207826
790.0   518.5928953015035
791.0   500.66948163473927
792.0   491.7613877364272
793.0   471.6170255475541
794.0   457.2357831969633
795.0   445.9034326179607
796.0   432.3650008239615
797.0   434.51880463842144
798.0   410.2319904396082
799.0   392.507103683121
800.0   385.8163828623941
