500.0   399.1466803839428
501.0   391.68312668527625
502.0   389.6282202246074
503.0   383.84238164661303
504.0   380.2684808764008
505.0   363.7634991209595
506.0   359.4592993658089
507.0   347.3306212349371
508.0   327.79957851553365
509.0   316.9666004486997
510.0   307.6988158414682
511.0   304.64526594911354
512.0   300.5868622382112
513.0   295.0785058477677
514.0   278.7263879118715
515.0   277.9059220272264
516.0   288.2276130239856
517.0   286.99710824004603
518.0   275.92797563140044
519.0   290.17906146633527
520.0   271.71941662518896
521.0   279.751651265533
522.0   290.18083773224225
523.0   282.10577337202005
524.0   287.2389417657411
525.0   303.69588132515923
526.0   304.0271231757445
527.0   320.0766773778116
528.0   322.46207043967286
529.0   335.67483107442337
530.0   350.27747621525316
531.0   366.3511267424716
532.0   374.4824185196684
533.0   387.25896333990255
534.0   396.8184889216837
535.0   409.1019966619728
536.0   422.6650233497668
537.0   429.8835260623752
538.0   440.58241423926455
539.0   451.3852744578614
540.0   447.00281924286907
541.0   441.57125307215426
542.0   440.3222009074123
543.0   445.6652185515173
544.0   437.4554132195225
545.0   427.01264150362937
546.0   414.8479376784925
547.0   398.88037905054006
548.0   388.6057883265899
549.0   372.73236838562383
550.0   369.2952268085693
551.0   349.26199986669087
552.0   354.7652647862965
553.0   331.93284248249984
554.0   328.556728109745
555.0   320.17946187750636
556.0   315.03215453888913
557.0   306.49109322557456
558.0   309.53418837206664
559.0   297.7713923012075
560.0   304.00472030517767
561.0   298.58292715191146
562.0   288.2010666513999
563.0   291.9340883311304
564.0   304.5173713645588
565.0   293.17553127833685
566.0   311.82163424326785
567.0   308.2504945598505
568.0   306.8969048213287
569.0   322.4219884218502
570.0   331.4304356229119
571.0   332.9317149050399
572.0   328.78429503420745
573.0   344.13741025491447
574.0   350.9708050667352
575.0   367.8584733934828
576.0   370.9250477544616
577.0   381.0077133683904
578.0   387.99477415822133
579.0   402.72089770120084
580.0   413.5913343450768
581.0   422.8100698704862
582.0   429.7640397896113
583.0   439.33935868944053
584.0   443.4243189063117
585.0   457.17143796192624
586.0   457.9564586027243
587.0   453.1035926240271
588.0   462.444631858531
589.0   466.0088723196791
590.0   455.65261817699866
591.0   456.4959369818469
592.0   444.00362088798886
593.0   440.70703495781885
594.0   435.8758636113596
595.0   427.3156833757323
596.0   422.0773209066878
597.0   409.4586864611745
598.0   403.6512550283526
599.0   392.66812192387556
600.0   376.70106714870343
601.0   378.4798692257611
602.0   364.2189686282456
603.0   377.08664923200945
604.0   355.39846398581005
605.0   349.88841122392387
606.0   367.1281544551767
607.0   353.6786185746177
608.0   359.69802570155326
609.0   336.6488583966045
610.0   341.4753920296062
611.0   333.81525531212407
612.0   346.03725083090717
613.0   330.78207348517014
614.0   320.6355659821477
615.0   322.265672144006
616.0   334.07724525593136
617.0   343.62759122762685
618.0   334.90010968075524
619.0   341.88273860995974
620.0   342.8928585462556
621.0   362.6857700861572
622.0   360.30223026948687
623.0   377.76339195721226
624.0   384.3682876935691
625.0   398.07205342106624
626.0   408.804628438358
627.0   423.10458525737596
628.0   435.94428815659404
629.0   449.40142224461016
630.0   458.21950972368984
631.0   468.62834997701987
632.0   482.5316148028719
633.0   487.0127966796332
634.0   496.44840092026516
635.0   505.6632161103253
636.0   517.6501022147409
637.0   520.5128182149612
638.0   516.4685075045909
639.0   533.4698677277204
640.0   530.683105735009
641.0   536.8647077318637
642.0   539.2651568085553
643.0   531.1435720027062
644.0   528.090530956903
645.0   527.8885058912542
646.0   530.9784331841861
647.0   521.564787654467
648.0   517.3100403763794
649.0   508.41402295159526
650.0   505.1648998874959
651.0   501.52830606474447
652.0   499.1226988046537
653.0   486.1378245960701
654.0   488.5736948348217
655.0   479.0174366063067
656.0   477.85715140340005
657.0   480.30104642203304
658.0   469.98246868632236
659.0   474.5758629734912
660.0   469.2877066067292
661.0   461.43706375898296
662.0   469.7653987797313
663.0   465.7288138679592
664.0   475.1448425697818
665.0   486.76042520614897
666.0   477.10066634445246
667.0   471.7393726834973
668.0   473.56131594323347
669.0   476.30125081081866
670.0   498.4559596627652
671.0   505.3755415582739
672.0   510.7866389193158
673.0   507.3099417721445
674.0   509.27436435174695
675.0   529.5076279661389
676.0   527.0097914395772
677.0   543.8048289602916
678.0   546.2755486333712
679.0   560.0306709172062
680.0   573.7630383808612
681.0   585.4220207970214
682.0   593.8767038925735
683.0   604.0018220616255
684.0   619.9107393485949
685.0   635.3951277296832
686.0   641.6943416362874
687.0   656.0583243810479
688.0   659.8993510639405
689.0   675.3914157737995
690.0   689.9916649526684
691.0   697.6448047977469
692.0   715.8486759192133
693.0   727.2151298882524
694.0   727.4892501452775
695.0   742.4159100702826
696.0   735.948114231488
697.0   726.9920658213554
698.0   756.6921827250538
699.0   762.3813072730694
700.0   754.1634094201877
701.0   738.3895049345244
702.0   754.547408743606
703.0   738.970498367014
704.0   747.5753474589785
705.0   749.7365586797745
706.0   744.992028590262
707.0   740.9465805602003
708.0   731.7793972011291
709.0   726.5836313023524
710.0   712.2492757231594
711.0   702.9069986681166
712.0   689.9392121151337
713.0   684.8620036950381
714.0   677.8690822459131
715.0   667.7177862993633
716.0   662.2743947668072
717.0   664.3500774956136
718.0   640.9546561353513
719.0   651.9464495434495
720.0   636.9912416271575
721.0   629.4765622282273
722.0   635.4541383763751
723.0   621.7387368473245
724.0   623.9437181113587
725.0   610.6583384415617
726.0   604.0427489078608
727.0   609.6111150702725
728.0   598.7852733334829
729.0   605.0399621148711
730.0   576.2516160313893
731.0   580.6049682612618
732.0   602.7198464973346
733.0   595.523340159546
734.0   588.799079521049
735.0   585.8552168945755
736.0   562.047326539671
737.0   571.4745066484641
738.0   572.7621978605459
739.0   563.8432767160884
740.0   591.2257039916201
741.0   569.1164622568429
742.0   582.2604326462185
743.0   565.5139811977369
744.0   562.0536524919278
745.0   554.132281923112
746.0   551.8427715430118
747.0   557.1409501761826
748.0   555.2647198334405
749.0   560.6954224067103
750.0   565.3119315373235
751.0   566.9042531161599
752.0   573.8943073901833
753.0   592.2395426530536
754.0   611.950858262868
755.0   628.8778233571246
756.0   655.840594091386
757.0   674.9777966776844
758.0   704.7084434307609
759.0   707.2844754227266
760.0   737.2650642828842
761.0   766.2903607423387
762.0   792.3681763413985
763.0   824.3304579717576
764.0   838.4140032967287
765.0   855.2182822520358
766.0   877.9470133686882
767.0   876.4387191388274
768.0   913.9285823398618
769.0   898.4932498336914
770.0   920.6021956460576
771.0   913.0633457224818
772.0   909.5457342308547
773.0   887.3339407481485
774.0   892.5421600289856
775.0   877.5078244705309
776.0   869.9757407371991
777.0   875.236704431466
778.0   865.4149302165172
779.0   836.9225279271083
780.0   825.0188980667103
781.0   812.6760720782115
782.0   793.3022604955745
783.0   776.7275201847237
784.0   758.1447803017494
785.0   737.4273590300297
786.0   719.9744335722287
787.0   701.3958476238124
788.0   685.766795725978
789.0   667.3145624988659
790.0   650.7456219304066
791.0   627.5763117991776
792.0   619.0655373405756
793.0   596.7871635715251
794.0   573.2378030188538
795.0   558.4549817398278
796.0   549.7745704862576
797.0   553.0870966599648
798.0   519.9050634621383
799.0   497.1743458457681
800.0   485.60592072065253
