500.0   462.0822211769648
501.0   458.0140755814809
502.0   452.7076840536703
503.0   443.1164786338609
504.0   440.18210998517833
505.0   420.3760704199748
506.0   409.48569219635124
507.0   400.03597206946006
508.0   379.4102963786148
509.0   375.2682730543891
510.0   356.8863244164872
511.0   351.796834247619
512.0   349.7345366102537
513.0   342.98699729452335
514.0   323.4799560505457
515.0   323.8084059870684
516.0   326.4037000028928
517.0   332.67171497393645
518.0   323.72871317287763
519.0   331.92413871096517
520.0   317.04583371069236
521.0   324.8203990834245
522.0   341.2211022529742
523.0   331.86348767549833
524.0   332.1034854682885
525.0   353.74387653354984
526.0   354.10969550259426
527.0   371.4790645633939
528.0   379.4726720229247
529.0   392.4218449710053
530.0   406.18279744614824
531.0   427.56856818166466
532.0   438.3840350900674
533.0   450.94637197930246
534.0   463.7033577339401
535.0   476.83303917204984
536.0   496.52489225763065
537.0   501.80217758195573
538.0   515.9256908446364
539.0   529.7352529372445
540.0   528.3223140520518
541.0   525.3224090483648
542.0   523.2295890831599
543.0   523.2694300800056
544.0   507.5602912067187
545.0   498.58428305889385
546.0   485.47445778583835
547.0   470.50616064193747
548.0   455.7274561169474
549.0   443.6182265337646
550.0   429.62169142860944
551.0   411.25597119498707
552.0   416.60270487714524
553.0   393.42038170557487
554.0   387.0975175781823
555.0   377.50757271639225
556.0   369.79446102958707
557.0   363.0454883808177
558.0   368.20459179326167
559.0   350.96021510079123
560.0   353.84081924211455
561.0   355.4609286628887
562.0   341.26861844595857
563.0   343.90822972346314
564.0   362.07521348423813
565.0   345.6568437117339
566.0   371.4114234816395
567.0   367.00423451272707
568.0   359.09527751683424
569.0   382.73468347791857
570.0   396.5385315311254
571.0   398.98047913741897
572.0   393.1034847323271
573.0   408.3190180280807
574.0   416.29503993171926
575.0   435.09996031873897
576.0   440.446266067564
577.0   450.00229584774655
578.0   466.9077383707369
579.0   476.62062946609575
580.0   491.33264187077305
581.0   502.1670053550228
582.0   513.7636836935534
583.0   522.3591913396538
584.0   525.5029179120709
585.0   545.8935672901079
586.0   551.46445321721
587.0   542.4340976452343
588.0   547.4689462042944
589.0   558.1687851845202
590.0   544.8082690599455
591.0   543.6651761506207
592.0   530.7524427114847
593.0   529.8289505024968
594.0   519.099383189214
595.0   506.7368844305274
596.0   499.5289311070098
597.0   483.36856672692926
598.0   477.62878178495794
599.0   469.0483880902975
600.0   452.8089655402692
601.0   451.2378566025497
602.0   438.17622663547587
603.0   450.4981464933338
604.0   427.82399529349084
605.0   422.38944732539676
606.0   431.2114019358225
607.0   425.23522541701135
608.0   427.3139348127186
609.0   403.65839998074307
610.0   407.0420520910587
611.0   399.4698008554689
612.0   408.70309958664996
613.0   397.3552217213934
614.0   384.51397711378166
615.0   387.32290098523345
616.0   400.3997435740193
617.0   412.12958208610763
618.0   402.12094333510413
619.0   411.7296501461306
620.0   412.3710437452541
621.0   438.36650582028045
622.0   435.43717219570266
623.0   459.6780382796315
624.0   467.2203248162343
625.0   476.16602967254676
626.0   495.458825346037
627.0   506.5775781020846
628.0   527.7431294780081
629.0   541.3736617202662
630.0   550.1399442895289
631.0   563.9771144061833
632.0   575.8734366569547
633.0   585.2796395237796
634.0   599.0532366465206
635.0   612.4355918388949
636.0   625.1719924736445
637.0   628.6092220768711
638.0   628.8016603694989
639.0   651.6262317729531
640.0   650.4048519930191
641.0   654.8872782030646
642.0   649.8530586888621
643.0   646.4955287974494
644.0   639.1795896471142
645.0   641.5977984537226
646.0   640.4094879913921
647.0   630.8746691902766
648.0   620.9622655746341
649.0   618.0021363519824
650.0   606.1693201407834
651.0   608.4264501679193
652.0   599.5906614161786
653.0   590.0162153034142
654.0   588.6193915994933
655.0   583.3617891513675
656.0   581.6006389737687
657.0   578.7497439609767
658.0   567.1968667426293
659.0   569.5548886610604
660.0   572.8174781386433
661.0   565.0058287256074
662.0   568.2054601736895
663.0   568.3264905419146
664.0   579.3662971403403
665.0   590.8606352055085
666.0   574.5733583169829
667.0   576.087213545256
668.0   570.5977829555143
669.0   577.7448401592055
670.0   605.1612115406258
671.0   612.2278687900243
672.0   621.2391055685805
673.0   614.3122432109375
674.0   620.4743869564019
675.0   640.6297339200758
676.0   634.7332144161901
677.0   655.7776661783948
678.0   666.4120050286364
679.0   682.5668717060103
680.0   701.0786685605448
681.0   714.5232314292786
682.0   724.64823210698
683.0   739.8469000325213
684.0   752.3023395935959
685.0   770.4909235892568
686.0   786.2836554305823
687.0   802.0993699133902
688.0   806.1617285371991
689.0   831.3934657283681
690.0   847.7177041318959
691.0   850.1534496745998
692.0   878.8758973035342
693.0   894.1308345848703
694.0   893.3298358033471
695.0   905.3823214322331
696.0   903.723601325141
697.0   891.4476563530119
698.0   926.6840474159309
699.0   932.1837118355648
700.0   922.2878066778953
701.0   904.4444511809147
702.0   923.9352112134313
703.0   912.473715937951
704.0   913.3067123540197
705.0   917.5268371312175
706.0   912.2846427709735
707.0   902.9331143569078
708.0   889.906028855723
709.0   883.3325299760788
710.0   869.3548191170984
711.0   864.0320365098752
712.0   844.5853123002715
713.0   842.4933613995954
714.0   833.8195756853369
715.0   814.2948651308391
716.0   814.3852595909408
717.0   820.6600253548233
718.0   791.2378786830627
719.0   804.9006920826901
720.0   775.9654344726459
721.0   770.9579954861568
722.0   772.7619433248616
723.0   767.9839672059535
724.0   766.8073890914379
725.0   747.5058791018741
726.0   746.4026987331875
727.0   743.5029116982555
728.0   729.8061579954085
729.0   746.444509093938
730.0   701.9262509627109
731.0   715.4975270941471
732.0   734.3621090993262
733.0   728.7816758337522
734.0   722.5697867910275
735.0   720.3366743829271
736.0   689.5933513421174
737.0   692.0969126450377
738.0   700.6852968443909
739.0   688.9845006156659
740.0   724.6307489710277
741.0   702.30909085186
742.0   713.5742191860209
743.0   687.9899850367444
744.0   697.0097658168289
745.0   680.400050714516
746.0   682.8658537569238
747.0   689.0785236092476
748.0   682.3988636595998
749.0   683.5121184594336
750.0   694.1957299702506
751.0   690.6910143632417
752.0   701.3584638921407
753.0   725.1765604314896
754.0   741.9315387162576
755.0   774.3130073250942
756.0   798.6002380671873
757.0   819.6649732341305
758.0   865.8193142850363
759.0   874.4893305112058
760.0   906.5110437053329
761.0   936.4907412506002
762.0   971.4491060714764
763.0   1014.5363365595781
764.0   1030.921490982218
765.0   1054.2254618064549
766.0   1076.894696814394
767.0   1075.4044877481197
768.0   1118.3720454579866
769.0   1098.4968332672863
770.0   1116.861178936771
771.0   1113.4217135870929
772.0   1119.1136290930742
773.0   1088.3920583893923
774.0   1100.5103154210449
775.0   1077.1449669483163
776.0   1073.3563882340604
777.0   1072.8732155392534
778.0   1064.5074746682658
779.0   1024.538730525952
780.0   1021.0228419210789
781.0   998.1524509317132
782.0   974.376085679269
783.0   952.207838536646
784.0   928.6438741024803
785.0   909.6043512187318
786.0   886.5923703011288
787.0   856.9233187447737
788.0   838.1530152632774
789.0   822.4258087156977
790.0   800.568956494699
791.0   772.3637076862526
792.0   755.17360546248
793.0   731.2434050874217
794.0   705.0051134602121
795.0   686.327304107859
796.0   673.3225547806669
797.0   675.9554131004115
798.0   632.3154586502694
799.0   603.5250162522475
800.0   592.2285667222154
