500.0   525.5542620822088
501.0   521.9499648388694
502.0   512.8675549737359
503.0   502.4040696957029
504.0   502.5774389286551
505.0   479.96178553339973
506.0   467.7205956256503
507.0   459.8309615461849
508.0   435.44311816254356
509.0   423.3414778548578
510.0   404.21736127707055
511.0   400.00082804800763
512.0   397.46391749280394
513.0   387.43802810700186
514.0   367.2749874798354
515.0   367.7909260554915
516.0   376.79839782579455
517.0   380.6280957628935
518.0   366.0802035963475
519.0   379.51939721126064
520.0   355.93805878885576
521.0   374.22207344695676
522.0   384.3520921276546
523.0   376.42208142580245
524.0   381.8860278729456
525.0   400.7670349129269
526.0   409.68929815758565
527.0   429.97947345440423
528.0   431.49951395423716
529.0   453.1977134063504
530.0   471.54868596566155
531.0   484.0843706693404
532.0   499.3297140598337
533.0   515.1018214678529
534.0   529.3695449654915
535.0   545.3186537338484
536.0   570.0008549140928
537.0   580.4012684046145
538.0   594.4049048581383
539.0   607.9187227841844
540.0   610.6613459884084
541.0   599.1990411124854
542.0   594.9365406777381
543.0   598.52766961474
544.0   586.191050475638
545.0   573.7985809790687
546.0   557.4740320347717
547.0   536.6303762609052
548.0   524.7156280716044
549.0   510.02580040056347
550.0   495.15149496392667
551.0   470.63742381164445
552.0   479.2310970791839
553.0   450.18065724609585
554.0   441.81320359035885
555.0   433.09612606502606
556.0   427.0185165229402
557.0   418.40116108125244
558.0   422.7278505765902
559.0   404.026306803125
560.0   412.1233145589514
561.0   408.51232560898006
562.0   385.53271726176223
563.0   394.56293220309976
564.0   412.2374301468667
565.0   399.59816305446964
566.0   430.4907655024177
567.0   422.3037586207024
568.0   418.1949932346472
569.0   445.59937236018175
570.0   455.59609417791614
571.0   458.0355888406936
572.0   451.80469204156594
573.0   466.67274678583624
574.0   479.4187844573574
575.0   507.17777001738745
576.0   509.2817999040702
577.0   523.1405837775333
578.0   539.233698761944
579.0   552.2272113612273
580.0   569.0221617151292
581.0   583.9033845456108
582.0   592.9947287297996
583.0   610.1018271104069
584.0   608.9000889625929
585.0   625.1357280620983
586.0   643.7160528530493
587.0   632.0261353389357
588.0   638.764490377328
589.0   646.0928299088112
590.0   632.1394769052633
591.0   633.2152204145918
592.0   616.959426540035
593.0   616.0426401915934
594.0   599.3245018033008
595.0   592.0876069503612
596.0   579.8915180556585
597.0   561.5806994651871
598.0   561.5868257133142
599.0   546.1356569750363
600.0   529.9018419824513
601.0   522.9368862296756
602.0   503.67159302984436
603.0   526.3464008635292
604.0   494.61614945920735
605.0   496.783734531136
606.0   500.7681809826211
607.0   498.97599058088605
608.0   493.9189386363003
609.0   469.47896461546406
610.0   474.98745158667947
611.0   464.50838048180236
612.0   476.5277248006248
613.0   459.19173181667713
614.0   447.0463204024308
615.0   450.4575361097624
616.0   465.65545040769933
617.0   475.1560556377354
618.0   468.1085088173438
619.0   477.74804827282657
620.0   482.31597464299654
621.0   504.12164112046054
622.0   507.0013893539445
623.0   534.9338943837749
624.0   539.376304045991
625.0   557.4712685769256
626.0   575.0818263459806
627.0   597.1589597151474
628.0   611.618248663593
629.0   630.4986974702501
630.0   648.4165179572454
631.0   665.2119953909992
632.0   672.3545253595848
633.0   692.01904749633
634.0   707.3100485993862
635.0   717.1019314494315
636.0   727.8742401548766
637.0   740.3708884152791
638.0   738.1094330491967
639.0   759.6195974252237
640.0   758.233496524431
641.0   768.2650112407532
642.0   762.4341583288453
643.0   753.2810660747725
644.0   754.0555593603988
645.0   751.0153293508695
646.0   753.6903794288439
647.0   736.0644894225495
648.0   732.7892037753987
649.0   728.5384211742227
650.0   717.8587591470159
651.0   713.5498199458748
652.0   708.6875624449976
653.0   699.4319026259013
654.0   688.7160184141791
655.0   678.1468279460212
656.0   682.5089318130176
657.0   679.1343055848683
658.0   667.6595382613267
659.0   671.0101400090756
660.0   665.7648342845229
661.0   662.7733432034236
662.0   666.898983153817
663.0   664.993750439234
664.0   678.9793427747993
665.0   698.7310510807563
666.0   680.713003628606
667.0   682.4417066046939
668.0   670.4746267980274
669.0   683.395461067199
670.0   706.9650016309679
671.0   728.7364887285935
672.0   733.7275415811785
673.0   723.9580893738997
674.0   735.2333902577416
675.0   757.8593543969821
676.0   754.6923037657327
677.0   772.786510547462
678.0   789.0000409925959
679.0   804.3922218417583
680.0   826.5725405213863
681.0   840.0749690727861
682.0   856.0020349247654
683.0   872.1166332611049
684.0   890.3219865099541
685.0   914.7657302900453
686.0   928.311390752029
687.0   944.6461818585274
688.0   950.4117626653954
689.0   979.3325923548666
690.0   1001.0818640652593
691.0   1004.1289446455402
692.0   1041.3657641868792
693.0   1060.131530818677
694.0   1057.599745868871
695.0   1075.6389881802415
696.0   1069.2824060531561
697.0   1054.7495344849708
698.0   1102.2777088291718
699.0   1101.71969772595
700.0   1095.2276484598233
701.0   1066.5581016670217
702.0   1091.6767951080697
703.0   1076.2959903822418
704.0   1083.2478579615874
705.0   1088.662459750872
706.0   1080.7695178371343
707.0   1073.9269011908477
708.0   1058.5529617845086
709.0   1056.0334202419815
710.0   1030.4216683568125
711.0   1020.376634147298
712.0   1003.6468527583937
713.0   1000.2002489055526
714.0   980.5834481467144
715.0   967.3343776848806
716.0   962.0846903760904
717.0   973.2948409235212
718.0   941.5237119945873
719.0   952.6762956752996
720.0   922.3973478228016
721.0   916.9509741095234
722.0   919.046115486275
723.0   912.7356579915371
724.0   918.0889824407398
725.0   888.1269530880612
726.0   885.7067484653365
727.0   883.9998323643231
728.0   872.2784833760778
729.0   880.2717682663367
730.0   834.9013663507639
731.0   848.022653062035
732.0   877.2665391687768
733.0   869.6715677362301
734.0   866.5532597256586
735.0   859.9720785410407
736.0   821.1172502844094
737.0   828.215023061435
738.0   830.5793189727987
739.0   821.052294191546
740.0   856.5761185193069
741.0   831.811925647936
742.0   844.0607102175288
743.0   823.3185756651355
744.0   830.5828492250022
745.0   813.2944302229464
746.0   809.4656262516608
747.0   816.589891485812
748.0   809.4720972158341
749.0   814.704980684121
750.0   823.2160766479801
751.0   825.4561270995987
752.0   838.7983237739381
753.0   857.4299139627315
754.0   885.4415104432946
755.0   916.3476452942981
756.0   952.2753601921604
757.0   975.8561042094989
758.0   1029.4023460606716
759.0   1038.1055495579162
760.0   1074.2183106939212
761.0   1117.6605636560162
762.0   1155.2947161608313
763.0   1198.566612381323
764.0   1217.5701414625353
765.0   1243.857241744437
766.0   1278.4921565133993
767.0   1281.4553798285294
768.0   1334.4243235589574
769.0   1309.0401719211866
770.0   1334.2853383899032
771.0   1333.5528073661435
772.0   1328.8663032509444
773.0   1294.6089716130866
774.0   1305.971952452359
775.0   1277.5591163512388
776.0   1270.5234612229
777.0   1278.4804214534024
778.0   1266.7093745010718
779.0   1213.5001965206668
780.0   1208.405693659436
781.0   1181.7641913475825
782.0   1158.8412316242975
783.0   1127.034922318717
784.0   1104.8070543458798
785.0   1076.0613844127224
786.0   1048.5574608286302
787.0   1022.0414866530834
788.0   999.1205118788241
789.0   978.9065262675485
790.0   957.9041468970782
791.0   917.171661748951
792.0   901.8420995086087
793.0   872.1995180021461
794.0   841.4388410464927
795.0   816.6033490759035
796.0   798.0449716110551
797.0   802.5973766651102
798.0   752.5207784667286
799.0   718.9887286496723
800.0   707.354027444422
