500.0   585.9717740092274
501.0   578.4482494880699
502.0   576.1198928286346
503.0   560.8057834735996
504.0   558.703197600531
505.0   534.8238637937498
506.0   520.5186184291557
507.0   511.8212435621199
508.0   482.33669819422573
509.0   472.3390729825979
510.0   448.60494247885623
511.0   445.107137493433
512.0   441.40030901750106
513.0   436.49554243677926
514.0   411.5963841413662
515.0   412.0897955529725
516.0   423.2064572864014
517.0   426.64465550289174
518.0   410.0257276208008
519.0   425.0513069705463
520.0   401.94713735928167
521.0   419.7014641069899
522.0   427.7271242904287
523.0   422.9344852220832
524.0   427.1651461014881
525.0   449.2280548863455
526.0   456.43032597016975
527.0   476.27315585048837
528.0   488.6682034003403
529.0   499.9356593736507
530.0   527.0020945700819
531.0   549.9627331186344
532.0   559.203028016027
533.0   583.7410448806322
534.0   592.9772784184815
535.0   612.1215814037173
536.0   646.4194022384227
537.0   655.3383675589268
538.0   671.3315199883425
539.0   687.0492375872282
540.0   685.6521602253742
541.0   676.9654069013574
542.0   672.8576566534102
543.0   677.500241318867
544.0   658.9330796892956
545.0   645.5134954990767
546.0   624.6381649345084
547.0   609.0042338021583
548.0   583.2531460318737
549.0   575.0092029061877
550.0   561.5671058490759
551.0   532.3557770453633
552.0   544.6378933070723
553.0   511.8527951041068
554.0   504.4149252123226
555.0   495.2057751616609
556.0   482.57811982110763
557.0   470.5820826023105
558.0   476.780741113157
559.0   460.33602304296636
560.0   461.8571939265656
561.0   461.98489450532804
562.0   439.57493204479607
563.0   449.0007508415051
564.0   471.6902648675973
565.0   455.0952439715338
566.0   483.11540345141594
567.0   479.95493692098285
568.0   476.0923509033573
569.0   501.01823690326194
570.0   514.6011806787105
571.0   519.5419300231381
572.0   516.5160007187883
573.0   530.0877939412462
574.0   541.5317891712916
575.0   569.0514016868951
576.0   575.9667244013408
577.0   593.6445326214816
578.0   608.6429744217899
579.0   628.0334453691323
580.0   645.2372473922072
581.0   661.3557869624788
582.0   673.5003940472998
583.0   692.7190868036062
584.0   691.9168179891253
585.0   714.4843777970397
586.0   722.9340935397689
587.0   716.0523843280391
588.0   722.1339082248251
589.0   735.3689671331636
590.0   710.595693644267
591.0   721.0948274065752
592.0   699.5623076494144
593.0   701.0395544917317
594.0   687.6652282249944
595.0   676.7008818851631
596.0   661.3351448722219
597.0   639.7530513000268
598.0   636.3298580041667
599.0   623.0477911547059
600.0   602.286362512644
601.0   593.4584152545076
602.0   572.401440354645
603.0   594.6456372757475
604.0   569.3869360951966
605.0   563.9854925262231
606.0   576.5440814642075
607.0   566.6096870674942
608.0   563.6476393813368
609.0   530.5904788575274
610.0   541.8350801084425
611.0   529.1930111464762
612.0   543.4603594175701
613.0   523.896477161375
614.0   511.7534502687669
615.0   513.847334093089
616.0   532.5781300127969
617.0   544.0920517819429
618.0   535.2367473439509
619.0   548.1479230346131
620.0   550.617410738083
621.0   579.2115267079364
622.0   577.2923216066324
623.0   607.1124825327222
624.0   621.4592001562631
625.0   637.4125663263541
626.0   662.6631280790203
627.0   679.7903019771875
628.0   704.6540848311611
629.0   725.3155049200047
630.0   738.2326446197436
631.0   759.5691648206441
632.0   776.1369490745976
633.0   790.3468669953501
634.0   809.1608395174702
635.0   825.4950604364928
636.0   842.9617315749254
637.0   850.3130268051124
638.0   843.4211816673694
639.0   867.386012453268
640.0   871.1427591926944
641.0   881.4636913823604
642.0   878.4659640184818
643.0   859.3424347890796
644.0   861.0371591776977
645.0   856.7536210519447
646.0   863.7861301001119
647.0   853.9835495117775
648.0   840.4948785876544
649.0   827.3731861570085
650.0   821.8186457048234
651.0   817.8144683958409
652.0   803.2732802724618
653.0   798.8231035199381
654.0   796.999514418296
655.0   784.0461390115474
656.0   782.353784628457
657.0   782.8628422548982
658.0   766.6873965221947
659.0   770.5010719408768
660.0   772.5020524079837
661.0   768.5660639312524
662.0   768.5662878609996
663.0   770.0465046446834
664.0   787.8626602100283
665.0   800.5724469547606
666.0   784.5070190255174
667.0   785.4988675704537
668.0   784.1051969156208
669.0   788.0564567418976
670.0   817.8347036498396
671.0   837.6574670210193
672.0   851.8299709549993
673.0   840.7162948033526
674.0   843.6541519279087
675.0   878.0610121255385
676.0   873.7036681047789
677.0   892.3416643817385
678.0   914.3864884954329
679.0   936.9613305530147
680.0   951.2295474417839
681.0   968.3225724603343
682.0   998.7553831948344
683.0   1014.7596875601123
684.0   1029.2218203751854
685.0   1062.483015975245
686.0   1076.292829527816
687.0   1098.2765960838249
688.0   1104.9572763696003
689.0   1133.1123660118592
690.0   1158.8078799627842
691.0   1160.1120814593564
692.0   1206.997337796234
693.0   1221.4071472050848
694.0   1220.6749571036291
695.0   1244.0948261049077
696.0   1231.8575335465757
697.0   1226.31829362712
698.0   1280.552237804274
699.0   1282.1505616480033
700.0   1263.7897020913178
701.0   1238.2474086000489
702.0   1268.7660447100059
703.0   1243.1016627958984
704.0   1253.7862367093007
705.0   1258.1215826033208
706.0   1244.5849213784836
707.0   1244.8258549779453
708.0   1226.3317174159197
709.0   1217.2700128170638
710.0   1201.9706420474997
711.0   1178.336286979696
712.0   1165.1974862995248
713.0   1144.236390111276
714.0   1141.1120421909536
715.0   1124.4141368229605
716.0   1122.4937313958144
717.0   1124.5283539491136
718.0   1089.374507623024
719.0   1103.370892917606
720.0   1069.4551318592758
721.0   1071.6261166510662
722.0   1071.5410250809846
723.0   1055.879949746736
724.0   1060.1813650977908
725.0   1034.6347668768929
726.0   1029.3866314795932
727.0   1024.499710678658
728.0   1012.11881849553
729.0   1027.3824411006522
730.0   963.7651386774513
731.0   987.4238562902667
732.0   1018.0757802239235
733.0   1011.4999567637922
734.0   999.6946985231589
735.0   994.1802186135603
736.0   957.03064970518
737.0   958.1400198274671
738.0   976.6228336849058
739.0   951.057136337143
740.0   999.9739454949736
741.0   964.4060336028904
742.0   987.9672709018234
743.0   958.5000548516061
744.0   964.4279781079634
745.0   942.014531179274
746.0   940.2080500420682
747.0   958.9944720958518
748.0   946.7801129343593
749.0   942.2086735403436
750.0   950.2975741633384
751.0   948.9112009032877
752.0   974.427151229618
753.0   1000.9403717363177
754.0   1024.524658121387
755.0   1060.9738081206767
756.0   1107.462080887712
757.0   1137.0684870045277
758.0   1184.156070943752
759.0   1201.0029266610527
760.0   1247.215375995264
761.0   1300.633267240399
762.0   1334.2732109507747
763.0   1395.0829210525799
764.0   1417.5875675306982
765.0   1445.483779231539
766.0   1478.5437524483953
767.0   1487.2249334343915
768.0   1554.9935926632063
769.0   1524.236679115359
770.0   1547.1947773856127
771.0   1538.7076299124935
772.0   1542.3137415105875
773.0   1501.2234083229318
774.0   1514.8435355465963
775.0   1481.9075546423667
776.0   1473.1754992347614
777.0   1487.4059556819084
778.0   1468.5146666101368
779.0   1413.3812688151513
780.0   1401.45499198152
781.0   1370.6200780974202
782.0   1345.8600109334361
783.0   1316.468991662319
784.0   1282.2027100568312
785.0   1247.5126790537831
786.0   1224.195969196448
787.0   1185.2159738467315
788.0   1157.195183237986
789.0   1133.3088337965617
790.0   1107.5200260740278
791.0   1061.964335200916
792.0   1043.4855107194244
793.0   1009.6859315242257
794.0   980.0326070147838
795.0   948.6529043372562
796.0   930.8976042931998
797.0   934.5214958639199
798.0   876.1413669176673
799.0   828.04600444022
800.0   819.1033404040224
