500.0   647.3393545095662
501.0   642.473955145447
502.0   637.456718537653
503.0   622.9608548649619
504.0   615.9685384049205
505.0   591.2821947367466
506.0   577.8669439782485
507.0   562.0551200589455
508.0   532.8825598572126
509.0   525.5622795369225
510.0   504.96961508247824
511.0   494.1211939408115
512.0   484.84540524905026
513.0   484.4990566247559
514.0   454.02793017784523
515.0   458.1397487681125
516.0   468.832110115346
517.0   470.7658721147766
518.0   455.7447437452671
519.0   469.1890640531475
520.0   446.3604561893868
521.0   460.98429170134307
522.0   476.42651776577463
523.0   473.48474965896656
524.0   473.5698472041111
525.0   499.20341463082605
526.0   506.6958030968458
527.0   529.6655434727575
528.0   537.5526815265947
529.0   560.0296944689928
530.0   592.1384759350827
531.0   615.9229128907604
532.0   624.5867511517971
533.0   648.2215168914231
534.0   669.4567665442098
535.0   688.0003178114996
536.0   716.2428691996278
537.0   725.3710978148299
538.0   743.772228097811
539.0   760.8792889109793
540.0   756.5680014617176
541.0   752.0065465127514
542.0   751.7900490357074
543.0   755.578974121777
544.0   738.5118041458942
545.0   724.5042971684879
546.0   704.8457906335703
547.0   682.1394473773403
548.0   661.2959156061436
549.0   641.7514907870052
550.0   624.3934124150628
551.0   593.1827507278898
552.0   606.4969496024207
553.0   567.0082343997186
554.0   561.829963554442
555.0   546.8482149203973
556.0   537.9607437709711
557.0   531.2083054111936
558.0   534.0711340826008
559.0   512.9940947196803
560.0   514.7852786856655
561.0   518.890419583565
562.0   494.0670881467218
563.0   504.51516151460237
564.0   525.5854625122346
565.0   510.17466064699045
566.0   543.6076655713609
567.0   537.5718191562758
568.0   531.4933034278247
569.0   557.0016563814166
570.0   574.8646839422295
571.0   583.520273999696
572.0   573.4645154935588
573.0   595.2483246707544
574.0   610.9841803094671
575.0   642.3970667476335
576.0   639.6517142172636
577.0   663.7791709670782
578.0   680.9602479923283
579.0   703.7886596578044
580.0   734.4043181775676
581.0   743.8255798326329
582.0   759.0608584696741
583.0   780.2174891075329
584.0   783.3952414873881
585.0   799.846451325375
586.0   815.645444431629
587.0   804.2762877939947
588.0   809.1769353094725
589.0   827.208015602999
590.0   808.1295051263431
591.0   807.664613331036
592.0   790.555427924158
593.0   787.2158001698053
594.0   770.2347075119062
595.0   750.9531274798759
596.0   741.8412810053212
597.0   720.9225706253023
598.0   716.2618880580416
599.0   700.5750322086026
600.0   677.7457866400882
601.0   666.7155828425484
602.0   644.9767509315468
603.0   664.3605686220772
604.0   636.6555296695915
605.0   635.1876886341901
606.0   649.8758187725975
607.0   637.819467531735
608.0   639.7615499425026
609.0   602.4806437331999
610.0   606.3167403834223
611.0   600.5471537678734
612.0   611.7682097828981
613.0   592.4579869344482
614.0   575.4759669605082
615.0   581.3102806804122
616.0   597.9415671517863
617.0   613.629880988615
618.0   602.7067468256203
619.0   616.1434075831776
620.0   621.9734033971338
621.0   657.1538726819783
622.0   653.0743413639839
623.0   681.6285328070983
624.0   698.6360255465127
625.0   717.9489252761887
626.0   749.1142422129157
627.0   771.3976475417007
628.0   796.8434574227376
629.0   819.4383163322955
630.0   836.5228277113384
631.0   854.792865091759
632.0   879.9031230693415
633.0   897.2914267627624
634.0   908.291164562951
635.0   931.0707730988875
636.0   950.5504579173862
637.0   958.6195340679186
638.0   950.5570666689025
639.0   981.4099740641066
640.0   981.8176843673108
641.0   994.377431789113
642.0   990.4766832699161
643.0   982.0032025784656
644.0   972.4548563139961
645.0   981.7199075468072
646.0   976.0534786133128
647.0   958.5984970141485
648.0   951.4752714937002
649.0   943.9654586500179
650.0   928.6334104882662
651.0   932.6688669909581
652.0   915.1787403053247
653.0   906.0143364655728
654.0   901.127605875124
655.0   887.2273024799447
656.0   888.5028534551928
657.0   888.248817279243
658.0   873.139672680589
659.0   875.9701076799049
660.0   881.3649383271287
661.0   868.8474286045914
662.0   871.5779381994059
663.0   865.3288747727204
664.0   888.9045379362474
665.0   909.2737587260024
666.0   890.5690677725174
667.0   892.4975589972357
668.0   883.3178725959424
669.0   893.6426925450819
670.0   924.0565703791738
671.0   948.1402064138545
672.0   963.9240518485661
673.0   949.7437861258727
674.0   956.3349029991857
675.0   994.7680745582367
676.0   987.8099161592288
677.0   1017.3574909141611
678.0   1035.1595951670015
679.0   1052.047717653127
680.0   1084.3479068617971
681.0   1105.6576001590352
682.0   1128.7853894618474
683.0   1148.7105360392154
684.0   1173.5193403475268
685.0   1199.0933046196933
686.0   1221.1570996517926
687.0   1241.9977208399064
688.0   1255.158962780703
689.0   1283.6484043927728
690.0   1309.4364153384486
691.0   1324.24921824262
692.0   1367.328181115491
693.0   1388.7570999143393
694.0   1390.266020125573
695.0   1417.42329180682
696.0   1409.4874263626657
697.0   1394.05314376553
698.0   1449.514637319116
699.0   1462.5471472848606
700.0   1439.4225402753827
701.0   1408.5796879921895
702.0   1439.1930472633774
703.0   1420.233818496042
704.0   1420.2028583931979
705.0   1430.0848600492764
706.0   1418.4036087684397
707.0   1410.2240562839079
708.0   1399.5055970444444
709.0   1386.7546984647895
710.0   1362.4006667454119
711.0   1341.35926009104
712.0   1325.7458868666845
713.0   1308.1955751948324
714.0   1301.5118442560756
715.0   1284.515308520037
716.0   1277.537220306113
717.0   1282.021845033835
718.0   1245.9486306391095
719.0   1255.5948390162102
720.0   1221.3421879540094
721.0   1218.7759949132046
722.0   1226.0790972184132
723.0   1206.2635212323548
724.0   1212.6867638833824
725.0   1176.2463330173657
726.0   1165.7028022802888
727.0   1169.002006146729
728.0   1154.8193958073134
729.0   1167.7935892953249
730.0   1110.9660117193985
731.0   1122.2138794228065
732.0   1163.9010128963148
733.0   1154.2425095298959
734.0   1143.7135307606507
735.0   1138.1117827111977
736.0   1084.7916102016068
737.0   1094.755191127778
738.0   1104.8817812539496
739.0   1088.672378193673
740.0   1129.1151135212624
741.0   1108.1099873194014
742.0   1128.116471611907
743.0   1095.4302721608203
744.0   1097.7850509616358
745.0   1075.7393856408582
746.0   1078.718000155711
747.0   1084.2545466814008
748.0   1080.6718238659032
749.0   1080.645572439116
750.0   1087.8919969647209
751.0   1097.9495020802906
752.0   1106.672467380136
753.0   1138.1499631314568
754.0   1168.0911155599001
755.0   1213.2756730130711
756.0   1256.52176498898
757.0   1291.9691419055325
758.0   1357.5708608513823
759.0   1366.8064795403284
760.0   1419.095005406715
761.0   1481.240375094191
762.0   1525.1304955062242
763.0   1591.258496728221
764.0   1613.1343318233983
765.0   1648.3639240134862
766.0   1686.688590013181
767.0   1689.0964151428502
768.0   1767.8450898040608
769.0   1730.6922136453802
770.0   1757.1095671278608
771.0   1755.3708921923844
772.0   1761.3062891886836
773.0   1713.0377329646599
774.0   1721.912752763485
775.0   1684.583271879712
776.0   1687.2579122643715
777.0   1679.5383799430815
778.0   1674.124783686261
779.0   1609.085016681285
780.0   1597.7058052772188
781.0   1566.6070525829898
782.0   1533.5758061053164
783.0   1495.936169461843
784.0   1461.3361148991162
785.0   1428.0149443252726
786.0   1391.846114647273
787.0   1350.8348374174702
788.0   1323.3793429642744
789.0   1296.0199858630099
790.0   1261.2636570435654
791.0   1214.0730821970062
792.0   1202.1986231430753
793.0   1149.1443746652026
794.0   1115.5827303291655
795.0   1088.4465737930386
796.0   1063.7647292741115
797.0   1068.645239925608
798.0   993.3705633128918
799.0   953.6993900967773
800.0   938.466800250321
