500.0   718.1123895534915
501.0   708.9080360281287
502.0   701.1146758599973
503.0   685.4221524990851
504.0   680.1836745024727
505.0   652.9013658915155
506.0   633.3796375305734
507.0   622.5359819593323
508.0   587.5123454829036
509.0   577.0833826159121
510.0   554.424709371149
511.0   547.1856929494447
512.0   537.2379130040192
513.0   530.9587695335
514.0   501.306988757149
515.0   504.98682749677636
516.0   517.912915746334
517.0   522.7541442467419
518.0   506.4143155603324
519.0   522.2203255727022
520.0   496.2517995146985
521.0   511.49749135778814
522.0   525.1652275285763
523.0   520.1046563466023
524.0   524.5573249307106
525.0   551.3464517162973
526.0   562.9661291791657
527.0   586.7892710213682
528.0   598.9906394819437
529.0   624.0929193715808
530.0   651.3531569854973
531.0   678.3672127887224
532.0   694.2865847174986
533.0   713.0879555077147
534.0   737.1216121795544
535.0   760.5705982818981
536.0   791.9913466336245
537.0   806.4305888251513
538.0   830.0630326316134
539.0   849.0531645543142
540.0   847.5602612304249
541.0   837.0988037921454
542.0   834.4185753571173
543.0   839.8383649153973
544.0   819.5379059272894
545.0   803.4082261376595
546.0   780.7308575625532
547.0   751.0943572579552
548.0   732.0358939936712
549.0   709.0559399809622
550.0   695.8176065701417
551.0   659.8510456708846
552.0   673.1504891731231
553.0   629.7765397118854
554.0   625.2228292334263
555.0   611.1007615362818
556.0   598.9897452725805
557.0   586.3237137151225
558.0   592.5213229139858
559.0   570.8532833439183
560.0   574.8286161901498
561.0   575.2125013850249
562.0   548.7810122125479
563.0   556.5673506314654
564.0   579.7451711766139
565.0   564.0156046801665
566.0   606.7078026881654
567.0   599.5144519574307
568.0   595.0911996111474
569.0   622.4964051575745
570.0   643.7081157299705
571.0   649.996795466968
572.0   639.5181116282874
573.0   664.1831794492244
574.0   681.0912216319464
575.0   719.6952393155825
576.0   717.1672144789146
577.0   745.095397717459
578.0   762.2075218597624
579.0   786.5486364957903
580.0   807.2741127861487
581.0   828.9850445039488
582.0   848.3448795064359
583.0   866.2401879753306
584.0   872.7304619462132
585.0   897.8613060160945
586.0   911.6971417406913
587.0   900.478952111936
588.0   902.1393893997495
589.0   914.8997798065684
590.0   899.2629141687421
591.0   901.9736456088283
592.0   880.2418074287119
593.0   879.6804855443418
594.0   858.2077903890647
595.0   841.7098919678131
596.0   828.9908960234768
597.0   807.3496562193909
598.0   798.3608238674464
599.0   780.3502974818705
600.0   754.0634712375397
601.0   747.923034245729
602.0   720.2322312049653
603.0   744.6007872504293
604.0   711.8909523509823
605.0   709.8349812690466
606.0   724.7409241983773
607.0   709.2293307006946
608.0   711.7650647012958
609.0   668.5759566439938
610.0   681.76658871011
611.0   671.682042509198
612.0   687.9040190445277
613.0   659.6946713564943
614.0   643.3540839324803
615.0   653.4092904915842
616.0   668.5522398152375
617.0   684.2656398077345
618.0   672.1107478129938
619.0   695.6132440186504
620.0   693.6139909909043
621.0   734.1050958040296
622.0   731.0786697964215
623.0   762.4469318403233
624.0   782.6498495726312
625.0   806.4907888084006
626.0   835.3854231934553
627.0   864.1550085402439
628.0   888.854396691286
629.0   916.3555440212078
630.0   934.6650195118513
631.0   962.9892216224434
632.0   983.6736908334597
633.0   1003.9353188774945
634.0   1022.5606622688506
635.0   1047.8348168656269
636.0   1068.262047051227
637.0   1073.3022723875924
638.0   1067.809221315737
639.0   1103.2980404926855
640.0   1109.164057356826
641.0   1117.3679553422091
642.0   1111.342153634971
643.0   1101.3243429958943
644.0   1098.3911696630985
645.0   1095.5832724065044
646.0   1099.3700213547543
647.0   1082.4577844740115
648.0   1069.3505356983278
649.0   1058.8681864394434
650.0   1048.8079563760216
651.0   1043.3210452374828
652.0   1036.1703256864605
653.0   1022.2334376933361
654.0   1011.2627814240233
655.0   994.420616126444
656.0   993.3679029241895
657.0   995.8362449221013
658.0   976.5305617020838
659.0   982.2994036804503
660.0   985.6122859565174
661.0   972.373917617303
662.0   973.8437231268592
663.0   978.9869365367799
664.0   995.4832259701952
665.0   1028.1042704708386
666.0   994.6556476018461
667.0   997.6545585439844
668.0   995.3033529245627
669.0   1007.6307639663205
670.0   1050.1871320839732
671.0   1068.464009247337
672.0   1084.939496609981
673.0   1070.7570569118986
674.0   1082.4923831906092
675.0   1122.8204333139524
676.0   1110.4806493618335
677.0   1145.2033434011232
678.0   1165.079411484377
679.0   1191.1931717983596
680.0   1228.0972441431968
681.0   1240.7128398363493
682.0   1272.010011054913
683.0   1287.6294611712874
684.0   1322.8102328226855
685.0   1352.0327220602821
686.0   1375.0737349441213
687.0   1394.4715919322105
688.0   1411.2988971317689
689.0   1447.407402795691
690.0   1473.8218196785629
691.0   1483.5410033618814
692.0   1535.8819680433419
693.0   1572.0637236956995
694.0   1554.2902896550759
695.0   1587.172290859685
696.0   1581.1265329158796
697.0   1566.9007510399042
698.0   1629.2800992676769
699.0   1637.5111865911874
700.0   1626.527846561799
701.0   1591.74518051651
702.0   1622.5959821842766
703.0   1605.823359305715
704.0   1618.0540832248284
705.0   1616.2066474084336
706.0   1602.3375945297992
707.0   1597.5587979387888
708.0   1576.8059277224902
709.0   1567.007430268329
710.0   1535.0263682406019
711.0   1513.57358118355
712.0   1495.7716418512082
713.0   1479.6746415874584
714.0   1461.261056337295
715.0   1446.501942488216
716.0   1442.8369622207663
717.0   1450.8611816772018
718.0   1391.316318166073
719.0   1416.3215504834436
720.0   1374.6350471113237
721.0   1372.5588007239007
722.0   1381.308897895026
723.0   1362.0777822002526
724.0   1366.3362342897162
725.0   1329.9980084088677
726.0   1322.2805822866057
727.0   1322.0144296022152
728.0   1306.154038340143
729.0   1316.9991566858448
730.0   1253.8247058762513
731.0   1267.1048838127367
732.0   1310.746374935937
733.0   1301.6432686719643
734.0   1291.1595134954835
735.0   1288.7749423252053
736.0   1230.754588146236
737.0   1237.7282798051917
738.0   1254.0261201770727
739.0   1228.3808777451598
740.0   1285.110422696865
741.0   1242.0326174447082
742.0   1273.6316686107273
743.0   1232.267330677605
744.0   1236.7865107473676
745.0   1212.183811038902
746.0   1212.5211014676454
747.0   1222.460685103181
748.0   1217.232254725453
749.0   1216.1143027498363
750.0   1231.77655452386
751.0   1235.3422700706628
752.0   1254.9539982058538
753.0   1286.027743617015
754.0   1323.379008855769
755.0   1364.3217629423884
756.0   1422.1039832788856
757.0   1462.0671639699722
758.0   1531.104687262718
759.0   1547.8582501371075
760.0   1611.5151885980217
761.0   1667.0483519403965
762.0   1729.1791588487454
763.0   1796.0702737882425
764.0   1823.8010884441483
765.0   1861.8398566159224
766.0   1907.1485985763031
767.0   1906.5086375142102
768.0   1985.9444978485215
769.0   1957.9319523626175
770.0   1995.1833520733776
771.0   1981.4370040721324
772.0   1976.85284660885
773.0   1927.7873042484657
774.0   1948.98017121853
775.0   1905.7584284038846
776.0   1899.9702783075472
777.0   1912.90690689225
778.0   1895.1373640541767
779.0   1821.8552853938704
780.0   1812.0277726694892
781.0   1768.1062790903552
782.0   1726.175791120587
783.0   1691.7655999623923
784.0   1648.882793760652
785.0   1607.363937972443
786.0   1576.8886640437354
787.0   1537.1335760266504
788.0   1501.6785915173866
789.0   1468.1947972000712
790.0   1429.3152931894267
791.0   1378.1769326279764
792.0   1350.8914790254491
793.0   1300.374521674556
794.0   1263.787668526327
795.0   1227.3614261708085
796.0   1197.9894571997686
797.0   1203.3063669795351
798.0   1126.4076827757467
799.0   1076.505982188667
800.0   1063.0046966414386
