500.0   775.9898869304373
501.0   768.6204245188685
502.0   760.8497677361769
503.0   742.0227077773418
504.0   738.6980956944908
505.0   704.3197757561458
506.0   692.596611234818
507.0   668.5824693777281
508.0   641.5828396406587
509.0   624.8845459743777
510.0   597.6378697197654
511.0   588.1388821252687
512.0   584.7109492460421
513.0   578.9825304537803
514.0   540.4336739784737
515.0   545.5661755685112
516.0   560.087260468327
517.0   570.1986321394696
518.0   543.7370791960001
519.0   563.969729926716
520.0   535.591958937818
521.0   553.4863584207601
522.0   574.8670487021174
523.0   564.346085515559
524.0   566.1922794479351
525.0   598.660610767375
526.0   608.1598191671593
527.0   637.8046023124483
528.0   657.9259061984369
529.0   675.842155570213
530.0   707.2612640014582
531.0   736.1171770927787
532.0   751.673649960204
533.0   780.9211799292639
534.0   803.3765199489874
535.0   827.7790097254071
536.0   865.1342073320723
537.0   879.5896290448457
538.0   905.8968161314558
539.0   923.066713813572
540.0   920.6322529878355
541.0   910.0182926907403
542.0   906.7916904029269
543.0   908.6171334623098
544.0   887.2114260082759
545.0   874.0075798604526
546.0   848.9680093299793
547.0   821.5445608694672
548.0   800.6536453499289
549.0   776.4146300011155
550.0   754.3691114380389
551.0   721.1127300119568
552.0   735.2526404864113
553.0   687.2679983002888
554.0   682.5610716693782
555.0   662.2792609700673
556.0   651.8002388932499
557.0   637.7379677671827
558.0   647.8575197838798
559.0   618.6907317919886
560.0   629.3054523338756
561.0   627.8244176283628
562.0   597.5255410101026
563.0   608.6017101916449
564.0   632.5189702372795
565.0   617.3250336694297
566.0   658.9627984833273
567.0   657.0492722195164
568.0   644.6904759330764
569.0   679.4017542960586
570.0   701.8837585217386
571.0   709.8997543563978
572.0   700.7513791142494
573.0   721.0975186798468
574.0   741.6733392030756
575.0   781.812483792068
576.0   787.7685192629641
577.0   810.1205295279278
578.0   834.1024479906432
579.0   857.3603107760318
580.0   885.3695662526809
581.0   902.8808279424475
582.0   923.7848029160476
583.0   953.3095234189066
584.0   957.749013434327
585.0   985.0170870629607
586.0   995.471153358876
587.0   987.4419050302472
588.0   1000.1242849578159
589.0   1000.4469155582681
590.0   985.2319493311452
591.0   986.3447446794617
592.0   956.702081083847
593.0   961.9738151968372
594.0   940.5571586801575
595.0   920.7245956690633
596.0   909.5985410682663
597.0   880.0123006157785
598.0   875.7431617554363
599.0   852.395954449701
600.0   821.3905985311171
601.0   819.3561699114741
602.0   793.3135445825833
603.0   816.5608328285698
604.0   784.4751387116942
605.0   778.9464659310421
606.0   794.9661575879161
607.0   780.7803888715
608.0   784.4363270902729
609.0   734.589343273257
610.0   750.9560133217174
611.0   734.6585585290616
612.0   757.6503305091984
613.0   722.7434844527364
614.0   705.133156341006
615.0   711.703064095141
616.0   737.2653117042664
617.0   751.5668877855826
618.0   738.8236117304949
619.0   761.3709930603511
620.0   764.969190183497
621.0   799.7701642777436
622.0   802.0666619015783
623.0   838.4769310071201
624.0   865.0298499801766
625.0   878.1772189996665
626.0   925.6635343583683
627.0   949.4500780623896
628.0   979.3382524350393
629.0   1008.1660697696136
630.0   1020.8924641902391
631.0   1061.6510190329616
632.0   1081.341999146193
633.0   1099.8494518468103
634.0   1120.4686291640662
635.0   1148.9775265003545
636.0   1169.930454863454
637.0   1187.2845975382288
638.0   1178.09526341964
639.0   1214.4373394004404
640.0   1217.2307732363943
641.0   1226.3173170482326
642.0   1226.7714355892049
643.0   1211.0361350198066
644.0   1208.165970133095
645.0   1206.4810834477842
646.0   1209.1253344582947
647.0   1189.2910076704252
648.0   1180.1596827644294
649.0   1164.2752057806943
650.0   1155.914425132026
651.0   1145.2533031028017
652.0   1128.2717937068646
653.0   1120.6012774553476
654.0   1119.2983363976882
655.0   1105.2840030142336
656.0   1102.5130578743
657.0   1091.4643345403106
658.0   1081.2404480388998
659.0   1085.484067063036
660.0   1080.033938830611
661.0   1069.505354390052
662.0   1078.7320453551579
663.0   1082.312198976733
664.0   1098.745010877913
665.0   1124.12856104797
666.0   1104.5587360283723
667.0   1101.731848849303
668.0   1095.992037795821
669.0   1110.3775712588824
670.0   1149.2676565315785
671.0   1174.645109816904
672.0   1191.9666342577561
673.0   1184.1020540030863
674.0   1193.9960796561295
675.0   1232.6828920181729
676.0   1229.3117143921934
677.0   1264.7284052666469
678.0   1290.35887909338
679.0   1313.5183358999714
680.0   1350.222216885059
681.0   1379.921062430265
682.0   1397.9086253098048
683.0   1428.869205094239
684.0   1448.4140635184615
685.0   1497.1869444087833
686.0   1511.7396773226135
687.0   1540.304947932975
688.0   1562.230370699676
689.0   1599.9868295299896
690.0   1632.8018382394594
691.0   1638.057252611588
692.0   1697.888242309731
693.0   1731.9788241531148
694.0   1718.6322817123837
695.0   1753.7377206577976
696.0   1746.8419166748372
697.0   1729.105952877776
698.0   1796.6032897823002
699.0   1805.466853940688
700.0   1796.8110409306764
701.0   1746.0799434418345
702.0   1785.1613355899788
703.0   1771.002613899182
704.0   1778.1385050580939
705.0   1773.4471102267257
706.0   1769.4646814228513
707.0   1753.811516096429
708.0   1732.9991787981678
709.0   1722.4208383367888
710.0   1696.1979674446522
711.0   1666.7193499957807
712.0   1651.2553769252318
713.0   1632.9595739217418
714.0   1619.2618313697412
715.0   1597.0520975864229
716.0   1589.9453729291665
717.0   1589.8831893655542
718.0   1540.064178657258
719.0   1567.1118847614425
720.0   1517.0979570647949
721.0   1513.964954386151
722.0   1525.2415735664754
723.0   1510.2519426790407
724.0   1505.6636959154341
725.0   1466.2956759160836
726.0   1460.2331680054644
727.0   1462.0902408541176
728.0   1447.5555822682936
729.0   1460.7661437303434
730.0   1387.436135560303
731.0   1407.2257572946705
732.0   1446.2655004865358
733.0   1442.3376984336899
734.0   1430.4701386296827
735.0   1416.3425628658072
736.0   1358.348107381588
737.0   1366.6635543919954
738.0   1393.4623197477538
739.0   1358.6605993063151
740.0   1421.683200567746
741.0   1382.164022995357
742.0   1410.2572746324042
743.0   1365.070520934972
744.0   1376.5643680469775
745.0   1350.0030675264684
746.0   1343.2460687414891
747.0   1364.894909214027
748.0   1352.7917865867855
749.0   1352.4889878054842
750.0   1366.1539067802407
751.0   1366.115637505137
752.0   1376.3788331647374
753.0   1426.407916275864
754.0   1460.0059782148776
755.0   1516.548118031301
756.0   1565.2714284572878
757.0   1610.7544303056336
758.0   1692.693182652548
759.0   1719.9228678175832
760.0   1773.1701206915034
761.0   1839.2500097784748
762.0   1906.4264082772297
763.0   1979.5246382821736
764.0   2011.8434075620191
765.0   2053.8768762497325
766.0   2109.831665527989
767.0   2105.340135619669
768.0   2196.3422884475162
769.0   2158.548064831926
770.0   2193.047520232028
771.0   2195.5897617443397
772.0   2187.9911708930936
773.0   2136.0830276496968
774.0   2158.9201192340906
775.0   2114.118123273735
776.0   2098.94824383833
777.0   2102.6488068046856
778.0   2084.6943867136893
779.0   2018.3505212381344
780.0   2001.7438321690558
781.0   1956.944367673095
782.0   1913.083647117109
783.0   1873.204450514352
784.0   1830.874663981031
785.0   1782.9971804648585
786.0   1731.0926060467561
787.0   1688.0628423585629
788.0   1652.3665184588556
789.0   1625.0627033492635
790.0   1579.2773732852838
791.0   1523.0062861029814
792.0   1500.64647448734
793.0   1450.302967274108
794.0   1397.8258846141957
795.0   1363.422651123175
796.0   1324.4585465669181
797.0   1344.8365480072002
798.0   1255.0570870991867
799.0   1189.3266703786794
800.0   1176.8255099712346
