500.0   838.7944315893753
501.0   828.6068230956585
502.0   818.0267939409263
503.0   804.7792754318518
504.0   799.7030018392977
505.0   765.9302038490887
506.0   750.2968726978336
507.0   728.9436879254172
508.0   692.8447825876493
509.0   672.7919670377262
510.0   651.8044645013974
511.0   637.6891836798067
512.0   631.3348374037987
513.0   624.4059010677854
514.0   588.4473963522937
515.0   594.0483062794378
516.0   606.8931465976625
517.0   616.4962876268445
518.0   595.8747764842212
519.0   614.589333056841
520.0   584.2629271623473
521.0   600.6542240195824
522.0   621.3673506300566
523.0   615.3031132557587
524.0   613.7174389555967
525.0   651.4702218422332
526.0   662.6430242726087
527.0   695.5696723551631
528.0   708.8672785047243
529.0   733.0783837579952
530.0   764.9652113122935
531.0   795.9772411206004
532.0   814.0665991105043
533.0   843.5884117217759
534.0   870.4046613187961
535.0   901.101224718212
536.0   938.6315365609439
537.0   956.480751043548
538.0   983.6719356495464
539.0   999.77412189347
540.0   999.9881408672375
541.0   991.779723938397
542.0   987.6904671393754
543.0   991.4061055599402
544.0   968.07014269945
545.0   949.6344892233224
546.0   921.7454107792029
547.0   898.7596778896866
548.0   868.8432027744327
549.0   850.6532003040275
550.0   822.4433495671644
551.0   781.6707936476828
552.0   799.5391707444547
553.0   752.8611061087723
554.0   743.1633199988914
555.0   721.2554364972526
556.0   713.6617447822035
557.0   694.0024862723053
558.0   701.8870042326865
559.0   676.4633523592886
560.0   679.7204939312531
561.0   683.6328361808486
562.0   651.4305460624296
563.0   661.8594917321747
564.0   690.7038408274054
565.0   672.7450355052229
566.0   722.0073657187609
567.0   711.3091215722161
568.0   705.8893098489534
569.0   745.9653669195171
570.0   769.6833135738865
571.0   775.1137854989577
572.0   765.8899835419152
573.0   794.6384979572656
574.0   810.429669764568
575.0   857.2519417213823
576.0   858.0811524938819
577.0   886.6121703738011
578.0   915.1182616827105
579.0   939.3056241310501
580.0   967.2929032630684
581.0   995.1543788776771
582.0   1015.625527521326
583.0   1035.7804426797143
584.0   1040.828162679851
585.0   1070.058205209291
586.0   1089.0804604364926
587.0   1074.4065716089597
588.0   1083.8652412667238
589.0   1098.2254529552872
590.0   1075.5190447345701
591.0   1080.089922681478
592.0   1046.5518930919495
593.0   1054.770929482473
594.0   1028.1462446070816
595.0   1009.0103130398888
596.0   997.5058731607232
597.0   970.5390294522476
598.0   962.6195433684694
599.0   940.3699566636805
600.0   906.8869428935823
601.0   902.952555735138
602.0   866.2758107274453
603.0   896.8693563875045
604.0   856.2687356225325
605.0   853.1775971910002
606.0   868.475815295662
607.0   853.3257994670987
608.0   855.6496237203769
609.0   805.8649682292985
610.0   817.2679884104809
611.0   808.4455564211703
612.0   825.951349748845
613.0   797.3688765736807
614.0   774.4784573047914
615.0   776.6706304081137
616.0   813.5496943274923
617.0   828.2371640710833
618.0   809.1145032313639
619.0   830.4431861779058
620.0   828.0663546309734
621.0   881.5518936410263
622.0   879.9854822941215
623.0   923.6401620133722
624.0   943.5653290748187
625.0   967.3706989506189
626.0   1012.090354684536
627.0   1041.7220036352348
628.0   1072.8255247561178
629.0   1107.943777422084
630.0   1130.0947374960763
631.0   1159.431227779612
632.0   1188.5416305156377
633.0   1211.7583855554237
634.0   1234.3936416908787
635.0   1266.248725420397
636.0   1289.1804627735125
637.0   1292.8138195964411
638.0   1292.310802783744
639.0   1334.1638852709864
640.0   1336.4635146471282
641.0   1344.4434490127346
642.0   1342.4024839265219
643.0   1329.8526619343825
644.0   1320.8623513586756
645.0   1321.1247448234515
646.0   1333.0471721357756
647.0   1307.2061864080563
648.0   1295.4366477110589
649.0   1270.627077498897
650.0   1263.3857816918128
651.0   1256.2813812913048
652.0   1249.396790499421
653.0   1232.4429647494198
654.0   1228.962461926356
655.0   1210.1947783769117
656.0   1207.7549565840488
657.0   1205.8481857558393
658.0   1183.867147974315
659.0   1185.3308701607323
660.0   1184.627452877808
661.0   1181.042916025248
662.0   1184.8781791279573
663.0   1190.6058400353138
664.0   1213.0198805741325
665.0   1245.4204148613694
666.0   1214.7372737927296
667.0   1215.9907439615538
668.0   1205.5216322191084
669.0   1218.2544714524379
670.0   1278.0738436761242
671.0   1296.2834102513677
672.0   1321.0881378296133
673.0   1299.90151798179
674.0   1307.8075728234478
675.0   1352.6276205652784
676.0   1352.3999436932515
677.0   1397.8606873511599
678.0   1411.4412489128435
679.0   1445.7784728185827
680.0   1485.9786756311687
681.0   1509.0274961768746
682.0   1540.6491285055918
683.0   1567.559621548194
684.0   1609.2312812613009
685.0   1643.0562211812248
686.0   1661.2488080945184
687.0   1689.6927674142512
688.0   1710.3013071260625
689.0   1765.4562865665546
690.0   1796.5674077786807
691.0   1799.116052148593
692.0   1871.405840351278
693.0   1907.3412937499845
694.0   1889.162623421923
695.0   1925.5144458634463
696.0   1921.447725274284
697.0   1892.6137579799001
698.0   1972.5875228627895
699.0   1985.1633730733768
700.0   1971.4889572395227
701.0   1922.0387482507444
702.0   1968.7531594401553
703.0   1943.7522812127556
704.0   1947.89667766089
705.0   1958.9639245278904
706.0   1944.3432084851183
707.0   1928.9838952459386
708.0   1915.4309700033687
709.0   1895.934399124468
710.0   1860.287218690379
711.0   1836.981370958769
712.0   1813.9093621265692
713.0   1798.168221446177
714.0   1777.8949563870087
715.0   1760.6798338521985
716.0   1747.0754175758057
717.0   1758.5179739023827
718.0   1704.5866806339286
719.0   1727.0319070092644
720.0   1680.0575618421524
721.0   1669.0873764358635
722.0   1681.049528920431
723.0   1661.2703156141483
724.0   1664.0250964049555
725.0   1615.2627439551427
726.0   1605.1793073074393
727.0   1615.6120018374213
728.0   1584.6513253145608
729.0   1604.8970264060088
730.0   1529.7103401643149
731.0   1551.3041095522012
732.0   1595.0635967216779
733.0   1594.965521251423
734.0   1573.8419126418182
735.0   1561.9739334436213
736.0   1504.1109015588231
737.0   1514.704567255732
738.0   1535.8626413655697
739.0   1498.460418412699
740.0   1573.6855839007399
741.0   1524.0974093065136
742.0   1557.9898289471432
743.0   1520.309058052609
744.0   1509.4516221128413
745.0   1480.2047683152132
746.0   1480.3630314851184
747.0   1499.5176325912648
748.0   1484.2748895735472
749.0   1486.4015696045292
750.0   1501.8592328157122
751.0   1504.4292708262383
752.0   1527.0866526688676
753.0   1562.5368764902848
754.0   1609.827823326368
755.0   1671.8508328541434
756.0   1722.779356806348
757.0   1774.4423813485544
758.0   1856.3781526917076
759.0   1877.4329591989622
760.0   1952.0573735930632
761.0   2028.8934753248245
762.0   2093.490902791621
763.0   2172.9897530023145
764.0   2215.948524772762
765.0   2257.5205946732667
766.0   2309.7278848964747
767.0   2318.51727949184
768.0   2414.778919110786
769.0   2381.383025180335
770.0   2420.117125759568
771.0   2407.833644857493
772.0   2412.994043347781
773.0   2349.746886870553
774.0   2369.8440245473475
775.0   2315.171149426933
776.0   2315.541961580651
777.0   2309.6925868904555
778.0   2304.3553116556163
779.0   2213.3877306329427
780.0   2202.418475197181
781.0   2154.826103243388
782.0   2108.2530458665397
783.0   2065.025615418362
784.0   2017.1163576927347
785.0   1963.061525464278
786.0   1911.9408798677803
787.0   1873.110224821384
788.0   1820.86757619328
789.0   1787.786751091688
790.0   1747.958136870141
791.0   1671.95683033176
792.0   1651.041001684365
793.0   1596.9524401932526
794.0   1544.5981069301793
795.0   1499.5415233112149
796.0   1470.35725285372
797.0   1468.9829581464583
798.0   1380.9088694891618
799.0   1310.4528578799875
800.0   1297.963762156482
