500.0   898.6740475617389
501.0   886.6938542103089
502.0   881.8546699205939
503.0   865.6334963246568
504.0   858.3767866342068
505.0   820.3604867245213
506.0   801.4271143467481
507.0   780.4355211301568
508.0   741.7359159024057
509.0   722.7045195712192
510.0   695.8574584367575
511.0   683.0224162692414
512.0   679.7504915116288
513.0   670.9823350212824
514.0   630.775207811286
515.0   637.5515284567678
516.0   655.2536974718578
517.0   658.9920479689142
518.0   640.175265750257
519.0   651.2021259731213
520.0   624.5398944210272
521.0   645.2779664075601
522.0   671.7734358049105
523.0   656.8692036680939
524.0   661.4440669252886
525.0   700.132700519348
526.0   710.8088538746252
527.0   745.337556267625
528.0   765.0748651703008
529.0   790.8157085299188
530.0   830.6213878150877
531.0   861.7609353520837
532.0   880.7719181419055
533.0   915.7254921673605
534.0   931.1680023301396
535.0   966.9554702757571
536.0   1008.6023503573192
537.0   1027.5163297075942
538.0   1054.0914837576674
539.0   1075.3516061606217
540.0   1079.277803147876
541.0   1062.8039709596997
542.0   1061.321463091639
543.0   1063.351761382096
544.0   1042.694764274288
545.0   1024.100911364154
546.0   992.6583096827329
547.0   964.2040332595946
548.0   935.0052629961106
549.0   912.6109666851394
550.0   887.6312747318159
551.0   842.7376810389446
552.0   865.5242713084867
553.0   808.5248291296297
554.0   796.5171251945949
555.0   777.693949967797
556.0   769.7191560777012
557.0   745.9578002825511
558.0   756.4100490306627
559.0   726.5282796513579
560.0   732.0798647360032
561.0   737.3750356645921
562.0   702.7412434784303
563.0   715.440570808045
564.0   748.1932333354557
565.0   724.735559489573
566.0   778.4989004909335
567.0   769.3068247901678
568.0   754.7901869153634
569.0   803.0088430469199
570.0   832.3675222509586
571.0   840.3601040267577
572.0   831.5781861997932
573.0   852.4355577656121
574.0   878.828387504755
575.0   923.3416293843184
576.0   926.3634832831939
577.0   950.9917323361126
578.0   976.4629951199422
579.0   1013.7084631028636
580.0   1043.171740857968
581.0   1071.2482001558687
582.0   1088.1053990823038
583.0   1124.654564141115
584.0   1125.5480652026433
585.0   1159.536440938502
586.0   1182.3520835706572
587.0   1160.4461300336764
588.0   1170.268812096142
589.0   1182.0477555871557
590.0   1161.405594975752
591.0   1164.183493289322
592.0   1136.1764270809176
593.0   1135.2955675082248
594.0   1115.378628205952
595.0   1091.733777748703
596.0   1075.705232636834
597.0   1044.360336075087
598.0   1040.087870896607
599.0   1010.8670676072535
600.0   979.8295534556648
601.0   966.858813289557
602.0   926.629899294903
603.0   965.5943739752902
604.0   922.9836001592931
605.0   917.1284098772254
606.0   940.0466761201885
607.0   923.9032144357834
608.0   925.9484739875311
609.0   871.893712395643
610.0   883.0957932844369
611.0   871.4746697619455
612.0   899.1917658660936
613.0   857.9763671733855
614.0   838.1429943899793
615.0   844.3045124462005
616.0   866.7264901999088
617.0   891.5830555762325
618.0   875.9347812068705
619.0   895.6644934998781
620.0   910.9348300698048
621.0   955.4561917725894
622.0   955.4584046884897
623.0   1005.7891273773482
624.0   1024.193334082891
625.0   1046.9520348492374
626.0   1093.5121042606827
627.0   1136.2274940421369
628.0   1160.3375585367519
629.0   1199.2016213731126
630.0   1225.0024699346588
631.0   1255.666289292124
632.0   1285.8094179857605
633.0   1317.0551197923648
634.0   1341.3712347130897
635.0   1368.5997255994243
636.0   1397.771081760059
637.0   1406.731589033905
638.0   1392.9594759295057
639.0   1445.4000868348303
640.0   1451.4115896460225
641.0   1455.614363435567
642.0   1457.1781545915126
643.0   1438.7045576655996
644.0   1437.9011693960354
645.0   1431.3797624230838
646.0   1438.9154873389457
647.0   1407.6393612937775
648.0   1399.694360133592
649.0   1387.805753281523
650.0   1368.7046308415722
651.0   1362.229796840173
652.0   1354.0978809932258
653.0   1334.8763369844478
654.0   1330.2291598275117
655.0   1310.5340836309365
656.0   1312.1378095364144
657.0   1304.5186977135706
658.0   1285.456269066398
659.0   1288.6539623522156
660.0   1292.4058957826262
661.0   1283.8458668460785
662.0   1287.3651840739049
663.0   1288.0638359297097
664.0   1315.510805510836
665.0   1343.9981531640597
666.0   1318.7862519568546
667.0   1322.3406882714003
668.0   1316.0660475576176
669.0   1329.6250870282663
670.0   1378.951775883784
671.0   1402.1785806514745
672.0   1429.5930062402697
673.0   1412.89833029947
674.0   1426.5027821121846
675.0   1471.0537049020618
676.0   1472.739807251302
677.0   1510.669224421711
678.0   1536.1964279549009
679.0   1567.2383766483003
680.0   1607.3133479057012
681.0   1644.784212694522
682.0   1666.0040820299537
683.0   1713.0908280380884
684.0   1741.0221713100796
685.0   1783.318535304324
686.0   1804.8924640711205
687.0   1841.041019553949
688.0   1857.6323220675868
689.0   1910.9615642341948
690.0   1947.6362566755547
691.0   1957.5427090604499
692.0   2030.6429706715196
693.0   2064.695000178621
694.0   2047.765565100629
695.0   2089.7103329502384
696.0   2082.556206337189
697.0   2058.813505399052
698.0   2142.4525121521924
699.0   2151.7054154855114
700.0   2134.936205587361
701.0   2097.7342912359554
702.0   2133.934865560784
703.0   2106.8408977250638
704.0   2113.272474776971
705.0   2128.9443550663946
706.0   2107.6788675333705
707.0   2099.677207992845
708.0   2074.602617548391
709.0   2066.1535933489545
710.0   2021.8422239173312
711.0   1995.3371247205325
712.0   1980.7334369933255
713.0   1955.0961800550388
714.0   1931.9502294726767
715.0   1907.502120672531
716.0   1901.3997674440266
717.0   1911.5602044530585
718.0   1855.2719641574063
719.0   1875.8120248887315
720.0   1819.7750150449228
721.0   1823.25312180023
722.0   1828.468428499255
723.0   1803.6440757389653
724.0   1810.4283433354653
725.0   1760.3261062086967
726.0   1758.6498138095747
727.0   1753.8102597065654
728.0   1729.900639734516
729.0   1753.4631945083634
730.0   1662.6780668143326
731.0   1690.4734539615552
732.0   1737.1195062681636
733.0   1728.921029398579
734.0   1713.483647727896
735.0   1704.5755198068268
736.0   1638.8890525615716
737.0   1647.3381209164204
738.0   1665.0700321715033
739.0   1631.5937622990182
740.0   1705.7603909748045
741.0   1656.6017485790435
742.0   1694.7898956755344
743.0   1643.1864113030867
744.0   1644.9934273811455
745.0   1617.458009104942
746.0   1612.652425765471
747.0   1634.636106934202
748.0   1624.7451709142674
749.0   1619.4737491562312
750.0   1636.9998228301852
751.0   1640.567591646771
752.0   1662.0782180873423
753.0   1707.105525168832
754.0   1753.8667852318076
755.0   1816.1384692607749
756.0   1881.4578757592994
757.0   1932.7391017480231
758.0   2020.202238812608
759.0   2050.2206788231774
760.0   2124.8429938657046
761.0   2200.2052672823206
762.0   2279.2054525044327
763.0   2362.7055712392203
764.0   2403.5335874332222
765.0   2455.6297442396453
766.0   2515.945903277194
767.0   2523.487411954898
768.0   2626.181238656236
769.0   2574.8386523097834
770.0   2626.7255924399014
771.0   2620.4429191821414
772.0   2622.1344656977976
773.0   2554.8712616050307
774.0   2584.080406388941
775.0   2525.3103298684778
776.0   2517.297844681759
777.0   2514.1779798436955
778.0   2502.714126393261
779.0   2413.5717135101327
780.0   2396.0951012437217
781.0   2342.617639271576
782.0   2298.3700432650257
783.0   2236.8433076220485
784.0   2185.3857561925392
785.0   2133.792107694554
786.0   2082.6772253355584
787.0   2030.977219336495
788.0   1979.369257804575
789.0   1945.6167138628668
790.0   1891.5993248628097
791.0   1826.2909470794932
792.0   1794.0476901472891
793.0   1732.2784784174082
794.0   1680.1848737392218
795.0   1631.9285863080759
796.0   1598.8042863141927
797.0   1601.0765807791577
798.0   1511.8580043966379
799.0   1437.3028994742945
800.0   1411.8144062663812
