500.0   959.3374403539246
501.0   945.8602610660996
502.0   934.7673684024104
503.0   915.5583415552542
504.0   907.9801318503244
505.0   866.4651552798096
506.0   851.7193596264281
507.0   834.5285641049325
508.0   792.7530706340353
509.0   772.7681144156666
510.0   742.4245658938564
511.0   726.0944221680679
512.0   718.4158173508504
513.0   712.0461926602936
514.0   671.3027522884352
515.0   679.878766391515
516.0   693.388913140197
517.0   703.446952199246
518.0   676.6596936071448
519.0   701.6620341277264
520.0   664.2460096845983
521.0   683.0687681408426
522.0   712.7210642590738
523.0   705.3464952238699
524.0   703.0163870815295
525.0   746.6633974829264
526.0   759.1770648111217
527.0   793.3268870387853
528.0   813.1933706268507
529.0   847.0443167233009
530.0   877.7807109537857
531.0   918.0372236178172
532.0   942.3703273318737
533.0   966.9716852245701
534.0   998.4554347800577
535.0   1036.0888043219893
536.0   1077.7357755734652
537.0   1100.1071426354995
538.0   1130.450033243079
539.0   1150.2556428426296
540.0   1150.8115839992718
541.0   1137.7305877757096
542.0   1140.9185075607497
543.0   1139.1457379671547
544.0   1114.516746501985
545.0   1089.783294212901
546.0   1059.4123729045584
547.0   1027.9208928021433
548.0   999.1961704409962
549.0   972.6808910486118
550.0   945.1955033439986
551.0   903.7330943264872
552.0   920.510767995861
553.0   869.8842655403809
554.0   850.1239058469005
555.0   832.6382471950288
556.0   826.8238467889702
557.0   803.0335369682577
558.0   811.6448122068326
559.0   778.1328832223007
560.0   785.6762715711861
561.0   791.1173517188989
562.0   750.8714583326628
563.0   769.2801980108974
564.0   801.7041198911766
565.0   777.1728279091456
566.0   833.0911359388144
567.0   822.0835046788465
568.0   813.1891328112431
569.0   853.5759176483062
570.0   886.5390962932541
571.0   897.4746879387599
572.0   881.7775790125709
573.0   913.7848491372378
574.0   942.9337653068044
575.0   984.5920209167969
576.0   996.4712390499211
577.0   1023.9135119335572
578.0   1051.9835723744245
579.0   1077.1055693053731
580.0   1118.7641482057754
581.0   1152.444758905198
582.0   1170.8926706835177
583.0   1198.6043348480289
584.0   1203.9450402067562
585.0   1244.7235779827993
586.0   1260.9762779281796
587.0   1246.0395300977116
588.0   1259.5419111956865
589.0   1266.4639037170716
590.0   1238.6044229654203
591.0   1248.2833630142804
592.0   1220.1889623818015
593.0   1212.622642018019
594.0   1190.638754071902
595.0   1164.4651723506229
596.0   1153.2435901801427
597.0   1120.209792737447
598.0   1108.326101013243
599.0   1083.7282641234488
600.0   1047.818130444194
601.0   1041.2640406511591
602.0   996.7571593694493
603.0   1039.4969068905737
604.0   985.892928307045
605.0   984.6874332193785
606.0   1005.1519308185132
607.0   994.3504073631484
608.0   990.1966399303756
609.0   928.3324413879723
610.0   955.5879315244292
611.0   934.7200190907026
612.0   962.7647214974286
613.0   922.0478235939671
614.0   895.7649878423008
615.0   906.9283300821482
616.0   930.4222206858574
617.0   959.595573955542
618.0   939.795418179771
619.0   968.4682332423158
620.0   974.5366632223545
621.0   1030.6648162604963
622.0   1025.4446421969894
623.0   1082.3317898715027
624.0   1098.6129734614938
625.0   1132.2425451905287
626.0   1175.6743091453218
627.0   1219.8038559137415
628.0   1248.2506370206672
629.0   1292.77367934045
630.0   1308.030469940937
631.0   1350.8987538102851
632.0   1384.5275491366413
633.0   1404.2409585818498
634.0   1435.5312793077821
635.0   1469.761364949165
636.0   1498.2079282973684
637.0   1512.862533087356
638.0   1507.8709847553648
639.0   1547.564313741601
640.0   1559.9824393335164
641.0   1570.6688008091598
642.0   1566.5341768577762
643.0   1545.9354672734971
644.0   1544.717539099125
645.0   1538.782329702074
646.0   1546.2107103140195
647.0   1522.3945616893297
648.0   1508.145362189537
649.0   1489.2873214916037
650.0   1474.390069659304
651.0   1474.8187891933935
652.0   1456.3205207113187
653.0   1433.2156746244414
654.0   1430.9919075856799
655.0   1410.737009672558
656.0   1413.9674250211856
657.0   1409.6308648206698
658.0   1382.86525285692
659.0   1391.5640554538675
660.0   1387.3342056527813
661.0   1371.9757476882698
662.0   1382.8968734117354
663.0   1385.5992236189309
664.0   1407.050153714833
665.0   1450.672312502091
666.0   1416.7799106423313
667.0   1420.4373551686617
668.0   1407.4816863311423
669.0   1430.5561517300816
670.0   1481.55058669454
671.0   1513.939667341267
672.0   1535.8275490781718
673.0   1523.6818728904077
674.0   1532.4391596186363
675.0   1582.7337727198296
676.0   1582.2720876629626
677.0   1625.4462380667164
678.0   1651.1296112085226
679.0   1685.9191848534476
680.0   1729.4158942085132
681.0   1760.1754664539462
682.0   1800.7974863969066
683.0   1831.9450371388311
684.0   1864.3132645443652
685.0   1914.5982153744012
686.0   1947.48676100615
687.0   1989.2450108781497
688.0   1999.919381846819
689.0   2053.8485136153995
690.0   2094.5529815777923
691.0   2108.2186368385055
692.0   2189.3775033922248
693.0   2217.3961068279023
694.0   2210.211739318453
695.0   2257.0718354234864
696.0   2243.453090508447
697.0   2217.5276198390416
698.0   2301.0011334737756
699.0   2325.568990653778
700.0   2301.0059989546785
701.0   2250.570580805912
702.0   2303.1475618903823
703.0   2268.7833010841077
704.0   2291.41551219259
705.0   2292.845971730646
706.0   2278.271042422655
707.0   2261.6672323291023
708.0   2237.779119421453
709.0   2214.1663658806315
710.0   2176.4504756353167
711.0   2151.471562917683
712.0   2125.4116326273192
713.0   2098.4055358814053
714.0   2078.900536337002
715.0   2063.234756049064
716.0   2050.014647128508
717.0   2070.795671611931
718.0   1997.6439250621506
719.0   2018.9781497077172
720.0   1971.5664103935162
721.0   1962.5854879654921
722.0   1968.3054074109418
723.0   1946.85868983071
724.0   1956.2472199547103
725.0   1894.087969533415
726.0   1888.1560494471532
727.0   1893.820874509361
728.0   1869.1679115534967
729.0   1891.2240761789344
730.0   1800.1045602688073
731.0   1820.6142002291022
732.0   1873.4898294054713
733.0   1863.334291163945
734.0   1845.8089946327857
735.0   1838.6974037739424
736.0   1762.6700814467258
737.0   1767.843231359479
738.0   1803.3013972048548
739.0   1767.1141973470258
740.0   1845.8077038707386
741.0   1788.0763351324324
742.0   1826.94878307623
743.0   1779.3991886779927
744.0   1787.396126580161
745.0   1743.846549454546
746.0   1745.8426535802118
747.0   1763.6652490310832
748.0   1752.4254753853284
749.0   1743.7390981461854
750.0   1766.2132445133552
751.0   1769.2822999501627
752.0   1797.2754038632622
753.0   1833.2347176129203
754.0   1892.4597522512317
755.0   1957.703228923473
756.0   2024.3101914143977
757.0   2079.144382172838
758.0   2179.107799074099
759.0   2203.9708008961775
760.0   2288.8845758778216
761.0   2368.990839513027
762.0   2453.234125184211
763.0   2549.7184472460117
764.0   2589.9948910727107
765.0   2648.4399181138892
766.0   2704.314017175492
767.0   2716.495091751217
768.0   2825.8564678662583
769.0   2784.7929386484843
770.0   2821.643141740935
771.0   2827.9156669794447
772.0   2817.121453946896
773.0   2740.5127655305782
774.0   2779.7976477908096
775.0   2723.0642001331667
776.0   2711.971159602604
777.0   2703.6674831811947
778.0   2691.4054046624324
779.0   2601.28200776364
780.0   2582.607023298176
781.0   2521.6455422150357
782.0   2470.5831682786447
783.0   2407.6406154670826
784.0   2356.475486755443
785.0   2299.581532693497
786.0   2252.1625139408757
787.0   2194.3719890421107
788.0   2142.1453981796485
789.0   2096.862789080252
790.0   2048.6961403728797
791.0   1965.6313785845418
792.0   1933.4736651423243
793.0   1868.8624333351224
794.0   1807.985327283855
795.0   1761.0808937766687
796.0   1729.8014514030117
797.0   1731.2737024846992
798.0   1631.3041786591896
799.0   1546.6397993132298
800.0   1533.2319165076901
