500.0   1004.9886326044907
501.0   991.8801997616081
502.0   987.5857723071598
503.0   967.6809889353333
504.0   960.6868478217614
505.0   918.8793466347818
506.0   901.0207690846403
507.0   876.0108123288903
508.0   832.5315306709201
509.0   811.1954133325253
510.0   780.6900288339527
511.0   768.1980429027669
512.0   760.847714676764
513.0   752.1446983910213
514.0   707.2613579629322
515.0   713.6760161386119
516.0   729.0685095114204
517.0   739.6885209280541
518.0   713.6332092672054
519.0   740.8953415929752
520.0   701.1624253923684
521.0   724.6602113799731
522.0   752.249585333232
523.0   744.3029570846375
524.0   748.4287467714746
525.0   785.3422410901858
526.0   801.0785100756962
527.0   837.7292231157564
528.0   861.2454111495655
529.0   894.4018341819806
530.0   932.5298458025361
531.0   970.3616368532686
532.0   999.1935567469369
533.0   1027.3701195466792
534.0   1058.7622979407963
535.0   1093.3258277483346
536.0   1141.0667609158377
537.0   1165.6548917625832
538.0   1192.3102426949285
539.0   1224.0780821864223
540.0   1218.8504488571523
541.0   1197.3277126283922
542.0   1200.6767379097212
543.0   1212.0828977643848
544.0   1176.707706117481
545.0   1158.0411204464983
546.0   1119.9613018555194
547.0   1086.6676089058183
548.0   1058.4564948455607
549.0   1032.939067552897
550.0   1007.1671965761939
551.0   953.6402756916414
552.0   968.2471635179659
553.0   912.888448066242
554.0   899.1884043818714
555.0   882.1420126266195
556.0   871.7041795792946
557.0   846.469301644549
558.0   857.6003919122664
559.0   828.3417956009091
560.0   833.0307221487922
561.0   840.0905416428656
562.0   791.0259330184911
563.0   807.5014294909465
564.0   848.4037812780746
565.0   824.7378274630814
566.0   878.204405993275
567.0   869.8438779111774
568.0   865.987059845226
569.0   912.9536719347553
570.0   938.8371046185467
571.0   951.9029299129998
572.0   931.3605125558688
573.0   968.6967675644347
574.0   1001.5354052198218
575.0   1052.8940788829236
576.0   1060.998861169861
577.0   1084.3762850557475
578.0   1120.5860534009032
579.0   1152.8619094406447
580.0   1189.3589930687215
581.0   1220.673762208812
582.0   1248.024258314609
583.0   1272.7330519283134
584.0   1282.5996195008427
585.0   1319.7916220521336
586.0   1335.266064886867
587.0   1326.2101317929005
588.0   1333.710971945234
589.0   1343.0481796472507
590.0   1325.3012019437579
591.0   1335.1680844761054
592.0   1294.1575168119584
593.0   1290.4284146541431
594.0   1265.5648925497942
595.0   1241.6208316991936
596.0   1221.1606962252517
597.0   1187.9900904647197
598.0   1177.1222745672412
599.0   1148.717219310358
600.0   1115.033647348135
601.0   1107.853304446345
602.0   1065.7717596569028
603.0   1110.2127592650027
604.0   1052.508558729201
605.0   1046.230307865331
606.0   1074.5175993113971
607.0   1053.7471759939883
608.0   1052.4611003141817
609.0   995.792185686839
610.0   1013.846040945698
611.0   997.7812178034408
612.0   1020.995842953072
613.0   984.9097565192538
614.0   952.4802022140495
615.0   962.1401040032308
616.0   995.1360597685341
617.0   1021.0349351279215
618.0   998.0348880711639
619.0   1029.5059851186886
620.0   1037.1723938286104
621.0   1092.2480497873444
622.0   1094.2658137455117
623.0   1134.9389894298033
624.0   1173.0524495744535
625.0   1201.8717467100432
626.0   1254.3292102395683
627.0   1294.668486293861
628.0   1330.6712370344712
629.0   1365.0423065533057
630.0   1401.8759900791222
631.0   1438.436157011789
632.0   1464.134138149215
633.0   1497.009578813821
634.0   1530.2445362675237
635.0   1563.3214744151205
636.0   1586.752151809492
637.0   1613.056320753733
638.0   1597.4876047059229
639.0   1655.22343431792
640.0   1659.7095621350531
641.0   1663.2153727688299
642.0   1658.574598904882
643.0   1650.5637162959945
644.0   1642.7039968216268
645.0   1645.0857534389304
646.0   1645.0645939470091
647.0   1619.4412734037753
648.0   1597.8387078324176
649.0   1586.4935819186892
650.0   1572.7099309674304
651.0   1564.3825572305595
652.0   1552.7151072815752
653.0   1528.972005197458
654.0   1530.1685378452426
655.0   1504.5798971527308
656.0   1499.7122590189808
657.0   1498.6682989209971
658.0   1473.64591827499
659.0   1482.2526987403758
660.0   1479.5501560087364
661.0   1466.7681306083746
662.0   1477.3329213508314
663.0   1480.5414535381537
664.0   1509.1532350513203
665.0   1549.4068750296162
666.0   1510.1381563248565
667.0   1517.8136010143794
668.0   1500.987580581337
669.0   1519.0444667450672
670.0   1587.7743837865014
671.0   1611.8782438828512
672.0   1641.1631597917192
673.0   1622.2648950719974
674.0   1631.983742373702
675.0   1692.35540667627
676.0   1688.2134483571992
677.0   1740.3292370825898
678.0   1756.9404558442836
679.0   1799.604005307884
680.0   1853.5173623109958
681.0   1880.197258100327
682.0   1918.808612834709
683.0   1961.068288149693
684.0   1998.8221002040432
685.0   2050.5316572981396
686.0   2075.6220439339763
687.0   2110.8166034524756
688.0   2124.4717849356575
689.0   2190.9007539131585
690.0   2221.734006353869
691.0   2240.6831744945557
692.0   2319.4629446740673
693.0   2369.559771619423
694.0   2358.6606176759624
695.0   2394.1457334298393
696.0   2389.5642277740026
697.0   2363.007980650916
698.0   2459.200723621079
699.0   2465.8132881954707
700.0   2450.548147608877
701.0   2397.0081780840637
702.0   2454.0321694583636
703.0   2418.506937812095
704.0   2421.9144982741745
705.0   2444.9625313110914
706.0   2410.6743504226447
707.0   2407.398591499092
708.0   2381.940517071906
709.0   2372.2213805128863
710.0   2324.600694312914
711.0   2294.1737364456744
712.0   2270.3705033674833
713.0   2249.7111065070667
714.0   2221.088423078439
715.0   2193.703191551603
716.0   2193.077766210358
717.0   2206.006105311825
718.0   2133.3217567859906
719.0   2152.668425036011
720.0   2099.6281712968425
721.0   2090.431626442715
722.0   2100.9013548591006
723.0   2076.902359873725
724.0   2084.592482703031
725.0   2025.7290576040289
726.0   2027.3671584156373
727.0   2015.804504315867
728.0   1986.0734020527957
729.0   2022.1490632812283
730.0   1921.308112162203
731.0   1943.3269226611144
732.0   1998.74591739944
733.0   1991.2073864661431
734.0   1969.662907003429
735.0   1958.2376503627038
736.0   1883.6260071883169
737.0   1898.5565946384854
738.0   1922.1655652399686
739.0   1885.8859518149472
740.0   1965.6611783959384
741.0   1912.8831040204764
742.0   1952.724859679574
743.0   1892.9661147525778
744.0   1901.0624569501656
745.0   1867.587917111581
746.0   1868.1035981846592
747.0   1888.5712700629774
748.0   1868.1473350154201
749.0   1868.9195928381903
750.0   1884.6243107417035
751.0   1892.3676308435072
752.0   1917.8032559283306
753.0   1968.9364983812193
754.0   2015.8584930724887
755.0   2088.5654273667014
756.0   2154.723028703782
757.0   2211.9194037734533
758.0   2329.610179904104
759.0   2354.3813780113915
760.0   2446.5218126106784
761.0   2526.7139088338154
762.0   2609.62264848466
763.0   2713.2254427258067
764.0   2767.7560282918967
765.0   2819.855185107563
766.0   2884.5079645325623
767.0   2899.4829885266076
768.0   3016.527128049285
769.0   2957.256368306698
770.0   3011.7886596747117
771.0   3002.3597941953517
772.0   3011.014580384404
773.0   2939.4591948984057
774.0   2965.851976056503
775.0   2891.696360117979
776.0   2890.824140030157
777.0   2886.5651399360586
778.0   2877.841334359898
779.0   2767.1241440128542
780.0   2753.3262412696786
781.0   2694.507052441618
782.0   2641.293457794807
783.0   2573.501276660896
784.0   2519.6534338959987
785.0   2453.8781246736053
786.0   2398.697738778981
787.0   2333.5205198781096
788.0   2283.1731520426692
789.0   2243.476131269076
790.0   2187.6876372548095
791.0   2106.1090312714937
792.0   2071.7269660182183
793.0   2003.4567930909623
794.0   1937.8147273610396
795.0   1883.5852312849565
796.0   1845.1077163018708
797.0   1858.5667361142662
798.0   1739.9891778751344
799.0   1663.0185554642908
800.0   1629.2027318082266
