500.0   1050.3089331429728
501.0   1041.1532287614068
502.0   1030.2183100952916
503.0   1006.2684709800874
504.0   996.6596058123159
505.0   957.4402176585334
506.0   942.4582474776319
507.0   912.6872490374217
508.0   869.252292361241
509.0   845.0144894299303
510.0   811.687565491103
511.0   802.7260501005369
512.0   793.1195791753942
513.0   783.1353234799028
514.0   734.4166416355424
515.0   736.6108334579349
516.0   759.005932415454
517.0   775.5751891504393
518.0   746.0041329681239
519.0   770.4392075443724
520.0   735.174558410596
521.0   749.3608873993339
522.0   790.3458937040729
523.0   772.3299938367873
524.0   779.9832047284335
525.0   820.3372145232897
526.0   838.3409852869017
527.0   881.4863942409122
528.0   896.2517752769094
529.0   932.4349682836375
530.0   969.6982116922286
531.0   1014.6474251888438
532.0   1038.6476513367127
533.0   1081.2959340558914
534.0   1108.0092110194985
535.0   1146.8708666035398
536.0   1195.004892938641
537.0   1211.3594542673034
538.0   1246.2464150456906
539.0   1279.8901218460437
540.0   1272.6038252113087
541.0   1257.9225895323857
542.0   1260.3237032609636
543.0   1260.6899542587382
544.0   1236.499180864971
545.0   1211.5855758293421
546.0   1174.929918281053
547.0   1139.519365182738
548.0   1105.476599916661
549.0   1079.5782128527858
550.0   1049.3205629939914
551.0   1002.5102974329673
552.0   1018.5515639001301
553.0   955.1099487458092
554.0   947.9823528859606
555.0   927.5846712417962
556.0   908.7373253719892
557.0   886.7571380222385
558.0   898.2660491214605
559.0   858.8710869925901
560.0   869.1811724477093
561.0   875.7199706535365
562.0   832.8388089796676
563.0   846.2994074589824
564.0   888.7886728833166
565.0   866.8681582032534
566.0   924.9341289685403
567.0   918.6689183991067
568.0   904.7879992189046
569.0   954.4928700464515
570.0   985.1206323837413
571.0   992.5880335047491
572.0   981.4334063817107
573.0   1018.2020232241274
574.0   1046.7381245493555
575.0   1100.0620362943266
576.0   1101.9441249486943
577.0   1141.12956619398
578.0   1173.224843503851
579.0   1209.5281640668902
580.0   1245.0492163073327
581.0   1279.0348378520514
582.0   1301.5532842589928
583.0   1338.7100030980127
584.0   1346.0071727753436
585.0   1374.8555556393726
586.0   1402.6195356084113
587.0   1379.4773225564763
588.0   1393.4508835681872
589.0   1418.4173704158472
590.0   1386.8948878742617
591.0   1398.4227991170842
592.0   1354.9656804432523
593.0   1357.9198644504847
594.0   1333.1594714819573
595.0   1302.4663314821273
596.0   1284.722609975023
597.0   1245.7771014403409
598.0   1240.7905257121183
599.0   1210.0328627984973
600.0   1167.298183492347
601.0   1158.0344317867548
602.0   1119.6446300262915
603.0   1161.4994495702392
604.0   1108.3238367893323
605.0   1106.2822337576606
606.0   1132.2760263384337
607.0   1110.0511954473627
608.0   1108.4892323549604
609.0   1043.6727704159055
610.0   1060.4082356397703
611.0   1041.7322523137352
612.0   1070.731850313248
613.0   1027.5131082020102
614.0   1003.1639508711221
615.0   1018.9961355185187
616.0   1045.756322891965
617.0   1069.417000989126
618.0   1051.182106643164
619.0   1082.7282288727733
620.0   1087.2135321914648
621.0   1144.8325913626397
622.0   1147.5261647473756
623.0   1206.0024455756466
624.0   1236.9261727125786
625.0   1261.6453999791793
626.0   1320.6868429266478
627.0   1355.8784925990517
628.0   1403.4206274954954
629.0   1444.0803942599164
630.0   1475.855305264649
631.0   1517.5860836363233
632.0   1553.144071503674
633.0   1570.9973309386899
634.0   1610.35836530687
635.0   1639.2485392264118
636.0   1681.5367836338505
637.0   1695.2613414155276
638.0   1683.8135433875693
639.0   1738.6554889328568
640.0   1745.5172876357772
641.0   1746.4261610219116
642.0   1748.1300715554753
643.0   1741.9727394517238
644.0   1731.9755678245901
645.0   1722.6325938765594
646.0   1735.6145732153243
647.0   1701.458611355554
648.0   1682.2194535644894
649.0   1665.9619099782005
650.0   1653.3389931355446
651.0   1645.5850301360686
652.0   1633.3884999542909
653.0   1609.7670319763533
654.0   1607.5040889400916
655.0   1583.366052878813
656.0   1579.9220597911217
657.0   1587.7651522565268
658.0   1556.0883467679314
659.0   1561.447183064236
660.0   1560.1232347173072
661.0   1546.5778643244207
662.0   1557.2692040567958
663.0   1560.5822866054286
664.0   1585.569054176018
665.0   1630.8569840528583
666.0   1593.930594794853
667.0   1600.2858960555113
668.0   1587.9950154494281
669.0   1603.9971565764013
670.0   1669.8834885870997
671.0   1707.074837823049
672.0   1725.6314444312793
673.0   1707.2797452411205
674.0   1722.9092869722463
675.0   1779.0009287260946
676.0   1774.3658200239986
677.0   1834.8729962333969
678.0   1855.5999773451488
679.0   1901.541279163727
680.0   1945.5659107608267
681.0   1986.9099725895535
682.0   2025.7371368170657
683.0   2066.445976715248
684.0   2110.818642197769
685.0   2160.455107072676
686.0   2187.257551927793
687.0   2228.143965754417
688.0   2256.5961264850544
689.0   2309.241521773116
690.0   2360.9682852254614
691.0   2364.395821248129
692.0   2444.5583659050826
693.0   2496.8618997077483
694.0   2482.886860565474
695.0   2530.782767326704
696.0   2519.97511518135
697.0   2493.914755610252
698.0   2606.6544372239564
699.0   2604.615266787695
700.0   2584.3810842664197
701.0   2522.5456586707346
702.0   2578.428253951376
703.0   2549.847972931329
704.0   2565.3771028829283
705.0   2571.842891309077
706.0   2554.4717172513856
707.0   2544.808207533414
708.0   2517.162408325858
709.0   2507.8705200217382
710.0   2457.5053667432794
711.0   2422.66871077778
712.0   2397.5260397264847
713.0   2373.412455264156
714.0   2343.902394842459
715.0   2322.897688502505
716.0   2311.2474344072334
717.0   2330.0896581923384
718.0   2251.8148704806085
719.0   2281.7171740488297
720.0   2216.010866963478
721.0   2199.7439774915447
722.0   2215.5485051460932
723.0   2194.9417418599505
724.0   2198.4832583202547
725.0   2133.9002752275646
726.0   2130.6565179843587
727.0   2134.319522120651
728.0   2100.0379347197377
729.0   2134.1289369278525
730.0   2026.7223581137737
731.0   2057.706002133053
732.0   2116.595209670094
733.0   2108.534211443845
734.0   2095.265514797438
735.0   2076.034257799476
736.0   2000.6524311091405
737.0   2004.9098353572754
738.0   2036.4353277309924
739.0   1998.0987210919336
740.0   2081.5722243539144
741.0   2027.8147410480597
742.0   2062.1577817475977
743.0   2015.3676208334539
744.0   2008.785694217931
745.0   1972.383177587629
746.0   1977.1074290919917
747.0   1989.269447833206
748.0   1972.1751407264387
749.0   1977.9322428509438
750.0   1994.5516615156212
751.0   2000.1398455187239
752.0   2028.700445408701
753.0   2074.4192952468516
754.0   2126.9359205172473
755.0   2205.3876772702306
756.0   2284.575748247795
757.0   2357.0907541924757
758.0   2455.9994073568178
759.0   2481.813425101612
760.0   2582.8260058375454
761.0   2677.3707013922917
762.0   2758.222426421981
763.0   2870.273208712204
764.0   2917.9655232721743
765.0   2977.206431317453
766.0   3051.5538399664147
767.0   3061.0382533413426
768.0   3182.4671047403926
769.0   3130.0775410858714
770.0   3190.889262348866
771.0   3174.144550525584
772.0   3171.3770224068467
773.0   3100.7276115375143
774.0   3123.1887625230647
775.0   3061.67904505747
776.0   3053.966272153946
777.0   3058.8285153309535
778.0   3040.5603231484874
779.0   2927.862680112498
780.0   2906.6103712260415
781.0   2848.8897036636513
782.0   2789.9386366449326
783.0   2716.0960959688805
784.0   2662.946472058373
785.0   2597.048463238754
786.0   2541.408060696798
787.0   2479.1767413892076
788.0   2415.343804628535
789.0   2369.709395511557
790.0   2310.9210398805812
791.0   2232.2918619153147
792.0   2195.018163216168
793.0   2111.205689715922
794.0   2047.6257874691917
795.0   1994.2540392447136
796.0   1950.6178643241258
797.0   1954.8278517400115
798.0   1842.6763767776406
799.0   1751.8382563722078
800.0   1727.662521686189
