500.0   1095.8336545597817
501.0   1078.5270769758213
502.0   1077.1297107373525
503.0   1045.0718670844744
504.0   1039.2317411347449
505.0   996.3273618274854
506.0   979.4394757699881
507.0   952.2720132529587
508.0   904.6681985986379
509.0   884.0871513398506
510.0   845.1966910846509
511.0   835.2086085593187
512.0   824.9683836768921
513.0   819.1828078383847
514.0   767.8788128850531
515.0   770.495638823762
516.0   799.8354345743207
517.0   808.0820868636213
518.0   774.273521979624
519.0   810.1853900901111
520.0   767.3571486609742
521.0   785.0414210024442
522.0   818.3207816019133
523.0   807.3092802002316
524.0   812.7372238711516
525.0   854.88983749874
526.0   872.5110879523713
527.0   916.4559996090243
528.0   938.0539135447401
529.0   977.898056466855
530.0   1019.8974549990512
531.0   1057.9371630296207
532.0   1080.3961801304847
533.0   1123.520227265754
534.0   1152.9285936107028
535.0   1199.5898210841406
536.0   1249.8596253056096
537.0   1275.7859288208738
538.0   1305.2624939998282
539.0   1330.8757645961746
540.0   1333.0360113294403
541.0   1318.313035935083
542.0   1316.0169310395308
543.0   1312.8576057473101
544.0   1288.363561150405
545.0   1263.25002063094
546.0   1229.7062167088723
547.0   1191.0318853724407
548.0   1154.2080929257083
549.0   1121.984609065567
550.0   1095.921095804765
551.0   1046.5985819012778
552.0   1066.017739341576
553.0   1003.3113519811078
554.0   997.425051703779
555.0   971.6861089674206
556.0   957.1042435914482
557.0   929.8717207451732
558.0   944.3301451827027
559.0   903.7962237180134
560.0   911.7503348909108
561.0   919.1825867130154
562.0   874.807553079449
563.0   888.1162831328347
564.0   926.0229120833958
565.0   904.7735971642278
566.0   968.8869651131217
567.0   954.2235077711788
568.0   952.8786215623725
569.0   999.0280905329506
570.0   1033.5702613707772
571.0   1042.6697003402894
572.0   1026.5498051775078
573.0   1066.924834442191
574.0   1097.959795905885
575.0   1152.349409790782
576.0   1161.0494692775085
577.0   1194.1229437573306
578.0   1232.2180092181998
579.0   1267.7872634848861
580.0   1302.411599117878
581.0   1335.8922028899801
582.0   1366.2519549692922
583.0   1407.0291434334565
584.0   1408.8147054314004
585.0   1448.6549617183966
586.0   1465.8524127020435
587.0   1452.0419879574367
588.0   1464.6465547211476
589.0   1487.329743737321
590.0   1454.2591712923747
591.0   1462.9061357558678
592.0   1426.4680374631475
593.0   1425.7666175492968
594.0   1388.9356388783644
595.0   1364.245489244437
596.0   1353.4709287874232
597.0   1304.6023882706243
598.0   1302.3621396602007
599.0   1268.3157899122484
600.0   1226.1580295287774
601.0   1215.4366028421973
602.0   1175.2640944359587
603.0   1212.8921745170355
604.0   1164.5644266242925
605.0   1157.4881168448605
606.0   1185.3806975933724
607.0   1169.2856585950535
608.0   1162.2687657016982
609.0   1095.8067438186683
610.0   1108.984470061677
611.0   1088.4050343338386
612.0   1128.3466978725644
613.0   1084.543645930475
614.0   1054.112703618204
615.0   1061.2909163723973
616.0   1096.0538950752646
617.0   1130.7586958889733
618.0   1104.6694567922725
619.0   1136.4186295841528
620.0   1141.8938378613523
621.0   1207.087803776503
622.0   1205.2963412485794
623.0   1264.5700794335337
624.0   1298.4987577145448
625.0   1331.531544600054
626.0   1386.0991746936847
627.0   1425.301299871413
628.0   1472.7364383447011
629.0   1518.0124871423027
630.0   1554.284469452987
631.0   1589.8516554918965
632.0   1626.628623061045
633.0   1658.6290661804726
634.0   1693.437109772346
635.0   1724.7006267408003
636.0   1756.24174512449
637.0   1781.0698542570099
638.0   1766.3588018139144
639.0   1827.135328259994
640.0   1832.6406146672398
641.0   1839.9949967213627
642.0   1839.5768107901858
643.0   1826.8763662896777
644.0   1820.9122577397784
645.0   1806.2663749383141
646.0   1821.284629639646
647.0   1797.4553181393753
648.0   1768.005074688735
649.0   1750.4374426555605
650.0   1736.0414334817283
651.0   1723.823525340158
652.0   1714.561253342729
653.0   1691.1340066445086
654.0   1687.245953801866
655.0   1668.1978023985357
656.0   1658.529422732985
657.0   1665.2815235188439
658.0   1634.6578490643951
659.0   1648.6319873795371
660.0   1639.5702228850446
661.0   1626.5627849710268
662.0   1632.958432431604
663.0   1637.699785663889
664.0   1657.409195803432
665.0   1708.8224836118015
666.0   1671.0192603187531
667.0   1682.169889436135
668.0   1662.396918975557
669.0   1687.2040519602463
670.0   1753.8530972714711
671.0   1789.5063152199132
672.0   1817.3623839075506
673.0   1798.8953333803186
674.0   1816.9646065848585
675.0   1873.4552340176015
676.0   1863.9102773550933
677.0   1926.6028736013445
678.0   1956.0571970488797
679.0   1991.0797616296047
680.0   2052.4334780998
681.0   2089.301626160858
682.0   2126.183782125401
683.0   2175.481671949869
684.0   2218.2330818546725
685.0   2260.0803075202607
686.0   2305.5038212466034
687.0   2337.7374107251408
688.0   2360.208922829344
689.0   2424.38511199732
690.0   2487.118453716458
691.0   2492.3388327123857
692.0   2578.649823345758
693.0   2628.7716182561926
694.0   2618.4969744363393
695.0   2660.7386773983794
696.0   2654.6276715098693
697.0   2618.5372749115527
698.0   2734.2884876203025
699.0   2743.8340352586283
700.0   2712.8257964414356
701.0   2655.9737984753565
702.0   2726.9440044371313
703.0   2681.7502605725385
704.0   2696.083932865612
705.0   2699.7001404652815
706.0   2688.2763018733285
707.0   2664.1662290728914
708.0   2641.8860024143564
709.0   2632.134926940858
710.0   2586.6377004316214
711.0   2551.5211710678655
712.0   2524.049330767376
713.0   2491.328907146612
714.0   2469.7445179408123
715.0   2439.85354455918
716.0   2424.1524020938577
717.0   2449.770536057907
718.0   2369.8823844656445
719.0   2403.270249365082
720.0   2336.8484705758015
721.0   2326.462019144482
722.0   2333.851550695356
723.0   2320.8687931508107
724.0   2319.6202532453513
725.0   2266.570198288997
726.0   2242.2993388024756
727.0   2254.3058921886322
728.0   2215.03232307596
729.0   2246.0681083501013
730.0   2132.7452020746005
731.0   2162.832916362568
732.0   2231.7028309870566
733.0   2216.9139907317626
734.0   2196.7335340536183
735.0   2179.8894162120177
736.0   2097.958569600587
737.0   2108.653251598404
738.0   2140.650822925203
739.0   2103.732282585993
740.0   2190.283644741696
741.0   2126.971382186712
742.0   2174.1310508571414
743.0   2117.680146130177
744.0   2121.207873100195
745.0   2085.656634640438
746.0   2081.850124670486
747.0   2103.278156797673
748.0   2080.8013016023287
749.0   2089.1447150224594
750.0   2097.4152134828255
751.0   2107.8217523951116
752.0   2126.214724162433
753.0   2180.1655915545866
754.0   2241.8118066112247
755.0   2324.2391152585387
756.0   2399.6377361373857
757.0   2473.1775591699657
758.0   2593.1951602170057
759.0   2625.569489131695
760.0   2708.389977339254
761.0   2816.7995818997615
762.0   2899.25178631965
763.0   3019.197634393323
764.0   3074.855666811251
765.0   3136.828236731874
766.0   3208.0319755979667
767.0   3212.549652562363
768.0   3355.0324763445196
769.0   3294.2248758351907
770.0   3357.116547721436
771.0   3329.4318968642438
772.0   3337.6793735620363
773.0   3263.0340414816187
774.0   3283.9840881296054
775.0   3219.972066445942
776.0   3213.8403266792093
777.0   3214.1846340345814
778.0   3194.6449153582944
779.0   3081.275702368023
780.0   3066.9358024145076
781.0   2984.2997562118317
782.0   2942.889549103249
783.0   2872.7802112742575
784.0   2803.904203666603
785.0   2741.9782183781153
786.0   2676.0669083874773
787.0   2618.3086666916834
788.0   2544.7499399616363
789.0   2494.3949113197395
790.0   2440.5058288285645
791.0   2353.352640945532
792.0   2302.8218131003023
793.0   2226.8307628844964
794.0   2154.7849216026384
795.0   2105.4505870297426
796.0   2052.5146966285724
797.0   2069.529965687362
798.0   1941.3739125970585
799.0   1841.566260689426
800.0   1820.1719956727618
