500.0   459.2546418741824
501.0   458.8678122225734
502.0   465.48003800613446
503.0   455.4386041127035
504.0   454.96159511279967
505.0   440.62717964505555
506.0   437.79731885253136
507.0   426.3952349689862
508.0   405.7334874851517
509.0   402.1495924851145
510.0   385.7432241229928
511.0   384.93485437812035
512.0   384.70309957344614
513.0   382.90531188515956
514.0   360.1368691985255
515.0   364.4308075077816
516.0   375.73800647228535
517.0   374.8044368315549
518.0   365.0668647151126
519.0   374.913157882969
520.0   353.89972777671835
521.0   370.8592403071324
522.0   383.3258971064587
523.0   377.0758901628613
524.0   380.656688800101
525.0   402.947491647045
526.0   410.1617702127867
527.0   431.7875085982266
528.0   439.4525364615191
529.0   456.53994941189063
530.0   480.5134856025346
531.0   499.5309831359433
532.0   511.4953441570382
533.0   533.3110085822364
534.0   551.8014223588061
535.0   569.7548796453832
536.0   595.9204227202875
537.0   608.6056833249847
538.0   632.3937578047951
539.0   652.8017763050141
540.0   652.896427733737
541.0   652.9310890845838
542.0   654.0346769448986
543.0   660.5310974954334
544.0   649.1810831303693
545.0   644.9386559809425
546.0   626.3268510447899
547.0   615.2554900875284
548.0   593.2290398792775
549.0   580.5339936739358
550.0   563.9465514358656
551.0   542.9075332516096
552.0   549.0881940448037
553.0   520.4130072264419
554.0   516.2046131547661
555.0   502.06039255614303
556.0   496.1779066483273
557.0   485.79202876030695
558.0   487.9677299557658
559.0   474.72247454194616
560.0   475.6351447461419
561.0   477.4716570333634
562.0   456.95863530755463
563.0   466.7035897682156
564.0   488.8840823718242
565.0   473.5511506081508
566.0   508.69862049164414
567.0   504.1502813952628
568.0   497.9968043759245
569.0   528.6198954726183
570.0   546.6392881631742
571.0   551.2537336818143
572.0   540.0285896498508
573.0   565.1009979221385
574.0   581.4121973307513
575.0   609.8696197660915
576.0   614.6513887168313
577.0   634.6608623352936
578.0   656.6914098876962
579.0   680.0337872392104
580.0   699.5219459411339
581.0   717.8878612914443
582.0   733.9700899223478
583.0   756.3280183680251
584.0   763.4971712705246
585.0   787.7979133273549
586.0   804.8931605862025
587.0   803.539038770378
588.0   816.7836920085039
589.0   828.5245399488894
590.0   807.6350320896304
591.0   822.4691382804199
592.0   802.7217067112043
593.0   809.1549816570546
594.0   789.6357899105574
595.0   780.8501031120755
596.0   770.0430277943831
597.0   756.484507341364
598.0   749.0025819614939
599.0   733.0333365174382
600.0   709.5460576568366
601.0   703.2343444118833
602.0   681.0054565005598
603.0   697.988917658638
604.0   677.8747347716366
605.0   671.3044303580766
606.0   685.3726196536322
607.0   676.2472374037252
608.0   677.2909865003248
609.0   641.455676370361
610.0   653.4359558403069
611.0   646.3594957218506
612.0   669.242661868014
613.0   641.3565552511182
614.0   624.6967285115354
615.0   627.0191461265076
616.0   649.7283697756434
617.0   660.9302415869442
618.0   639.6772068628399
619.0   657.0238291159494
620.0   656.4119544413634
621.0   691.8299915558016
622.0   688.6525281946388
623.0   722.3103375299315
624.0   737.0607239330404
625.0   756.4570127508524
626.0   794.9668563843701
627.0   809.1326573160177
628.0   846.2724623089014
629.0   877.2610728094669
630.0   897.3346067056092
631.0   927.6260399340283
632.0   951.887423569628
633.0   978.8776399312395
634.0   995.8210142466321
635.0   1023.3551424294815
636.0   1045.751190395943
637.0   1057.7348838415755
638.0   1061.1469917742122
639.0   1099.3897152072411
640.0   1107.0592283076494
641.0   1113.6618406545049
642.0   1118.0311959094436
643.0   1117.229308321471
644.0   1113.5456909428897
645.0   1115.0098990919746
646.0   1124.120928719674
647.0   1110.6074975417566
648.0   1098.2046593952355
649.0   1082.4899618837453
650.0   1078.8894500955814
651.0   1080.4392527524706
652.0   1069.8655003146157
653.0   1056.7930187339957
654.0   1046.7552875334131
655.0   1036.988681944931
656.0   1033.1298071024326
657.0   1029.5018800107125
658.0   1017.766427783763
659.0   1024.8004334692107
660.0   1021.8434030805428
661.0   1011.6090134177971
662.0   1016.2825479641174
663.0   1017.024172065506
664.0   1039.715054526662
665.0   1067.2245822214925
666.0   1042.4733996551533
667.0   1046.5594240563828
668.0   1039.535599057159
669.0   1050.8643777012799
670.0   1095.2004539239063
671.0   1114.9084192856408
672.0   1129.2995709533943
673.0   1118.3476943225448
674.0   1130.340036086064
675.0   1168.2660208876168
676.0   1164.8908802539406
677.0   1203.0386664259195
678.0   1217.6763080195599
679.0   1243.3162229419272
680.0   1282.6209787448374
681.0   1307.4106406883757
682.0   1340.684346895082
683.0   1365.9077481751121
684.0   1387.121081715647
685.0   1428.1899771168282
686.0   1447.6881394851243
687.0   1480.976156927601
688.0   1497.2644879567522
689.0   1539.4324078153895
690.0   1572.1411425699966
691.0   1586.4982749071094
692.0   1639.1092395320072
693.0   1668.747789489653
694.0   1672.0287245912193
695.0   1704.3094228294872
696.0   1703.1134620230946
697.0   1677.8801413005904
698.0   1758.3726743409331
699.0   1775.3094977081378
700.0   1763.2530486967646
701.0   1723.186893474121
702.0   1761.503220957002
703.0   1748.63991482901
704.0   1755.0576444856827
705.0   1758.2542031467174
706.0   1753.0236774447035
707.0   1748.4593706787355
708.0   1732.143468610982
709.0   1717.4579815765217
710.0   1690.6580238200543
711.0   1672.6634275926906
712.0   1648.6359440941287
713.0   1638.54965219361
714.0   1623.9445457780098
715.0   1606.4457424158863
716.0   1595.3295794799478
717.0   1603.809124897524
718.0   1550.6348976209947
719.0   1574.0305840332533
720.0   1535.6104897477346
721.0   1521.8027631620394
722.0   1527.3804445566193
723.0   1513.108902503074
724.0   1514.9245584842683
725.0   1469.5734736881284
726.0   1469.1853654889555
727.0   1467.9045003598333
728.0   1443.59638187254
729.0   1470.775191764282
730.0   1396.5555092394156
731.0   1410.7862552384452
732.0   1455.2265333164687
733.0   1445.5161365594074
734.0   1436.7162621148243
735.0   1419.0540854400904
736.0   1359.322089642509
737.0   1375.7648251741134
738.0   1396.8992827484446
739.0   1366.2319514053377
740.0   1428.4760882042387
741.0   1383.9277523927913
742.0   1410.994484303363
743.0   1369.8240362788863
744.0   1367.8215422209453
745.0   1325.0639666459697
746.0   1313.065703991404
747.0   1337.5263368161864
748.0   1339.854208017416
749.0   1374.6493792519739
750.0   1413.534133095341
751.0   1440.8066442195652
752.0   1492.7739486396267
753.0   1556.8512185840927
754.0   1618.5865411516397
755.0   1694.2720809965363
756.0   1757.7344973024422
757.0   1822.8981163975386
758.0   1913.7667691768138
759.0   1941.6055677186118
760.0   2012.6148378139394
761.0   2086.1714320921556
762.0   2152.9073732116076
763.0   2238.1803803752573
764.0   2269.844569379126
765.0   2309.9484623160715
766.0   2357.6252938971784
767.0   2362.4027454702423
768.0   2465.0218352531997
769.0   2426.0267553547815
770.0   2465.3158956411376
771.0   2471.4733086070446
772.0   2465.892945383462
773.0   2399.816274352294
774.0   2441.952453311826
775.0   2396.6627275135675
776.0   2388.0153725429795
777.0   2406.669713722046
778.0   2398.8183345135144
779.0   2321.009521442622
780.0   2306.877132153091
781.0   2275.7662762337623
782.0   2241.583013811346
783.0   2180.3130901943073
784.0   2143.0298552125773
785.0   2099.65380953378
786.0   2067.7435096126073
787.0   2017.1526043043116
788.0   1978.4429046791472
789.0   1955.5254365584158
790.0   1908.9684437138612
791.0   1848.564871492768
792.0   1825.4520099722556
793.0   1763.4549004864025
794.0   1713.4404532376702
795.0   1674.6216097047754
796.0   1653.5636918692746
797.0   1660.558713806975
798.0   1571.628166519293
799.0   1511.1460798691883
800.0   1492.4084251145075
