500.0   25.96
501.0   25.96
502.0   25.96
503.0   25.96
504.0   25.96
505.0   25.96
506.0   25.96
507.0   25.96
508.0   25.96
509.0   25.96
510.0   25.96
511.0   25.96
512.0   25.96
513.0   25.96
514.0   25.96
515.0   25.96
516.0   25.96
517.0   25.96
518.0   25.96
519.0   25.96
520.0   25.96
521.0   25.96
522.0   25.96
523.0   25.96
524.0   25.96
525.0   25.96
526.0   25.96
527.0   25.96
528.0   25.96
529.0   25.96
530.0   25.96
531.0   25.96
532.0   25.96
533.0   25.96
534.0   25.96
535.0   25.96
536.0   25.96
537.0   25.96
538.0   25.96
539.0   25.96
540.0   25.96
541.0   25.96
542.0   25.96
543.0   25.96
544.0   25.96
545.0   25.96
546.0   25.96
547.0   25.96
548.0   25.96
549.0   25.96
550.0   25.96
551.0   25.96
552.0   25.96
553.0   25.96
554.0   27.96
555.0   25.96
556.0   25.96
557.0   25.96
558.0   25.96
559.0   25.96
560.0   25.96
561.0   25.96
562.0   25.96
563.0   25.96
564.0   25.96
565.0   25.96
566.0   25.96
567.0   25.96
568.0   25.96
569.0   25.96
570.0   25.96
571.0   29.96
572.0   29.96
573.0   29.96
574.0   29.96
575.0   29.96
576.0   29.96
577.0   29.96
578.0   29.96
579.0   29.96
580.0   29.96
581.0   29.96
582.0   29.96
583.0   29.96
584.0   29.96
585.0   29.96
586.0   29.96
587.0   29.96
588.0   29.96
589.0   29.96
590.0   29.96
591.0   29.96
592.0   29.96
593.0   29.96
594.0   29.96
595.0   29.96
596.0   29.96
597.0   29.96
598.0   29.96
599.0   29.96
600.0   29.96
601.0   29.96
602.0   29.96
603.0   29.96
604.0   29.96
605.0   29.96
606.0   29.96
607.0   29.96
608.0   29.96
609.0   29.96
610.0   29.96
611.0   29.96
612.0   29.96
613.0   29.96
614.0   29.96
615.0   29.96
616.0   29.96
617.0   29.96
618.0   29.96
619.0   29.96
620.0   29.96
621.0   29.96
622.0   29.96
623.0   29.96
624.0   29.96
625.0   29.96
626.0   29.96
627.0   29.96
628.0   29.96
629.0   29.96
630.0   29.96
631.0   29.96
632.0   29.96
633.0   29.96
634.0   29.96
635.0   29.96
636.0   29.96
637.0   29.96
638.0   29.96
639.0   29.96
640.0   29.96
641.0   29.96
642.0   29.96
643.0   29.96
644.0   29.96
645.0   29.96
646.0   29.96
647.0   29.96
648.0   29.96
649.0   29.96
650.0   29.96
651.0   29.96
652.0   29.96
653.0   29.96
654.0   29.96
655.0   29.96
656.0   29.96
657.0   29.96
658.0   29.96
659.0   29.96
660.0   29.96
661.0   31.96
662.0   31.96
663.0   31.96
664.0   31.96
665.0   31.96
666.0   31.96
667.0   31.96
668.0   31.96
669.0   31.96
670.0   31.96
671.0   31.96
672.0   31.96
673.0   31.96
674.0   31.96
675.0   31.96
676.0   31.96
677.0   31.96
678.0   31.96
679.0   31.96
680.0   31.96
681.0   31.96
682.0   31.96
683.0   31.96
684.0   31.96
685.0   31.96
686.0   31.96
687.0   31.96
688.0   31.96
689.0   31.96
690.0   31.96
691.0   31.96
692.0   31.96
693.0   31.96
694.0   31.96
695.0   31.96
696.0   31.96
697.0   31.96
698.0   31.96
699.0   31.96
700.0   31.96
701.0   31.96
702.0   31.96
703.0   31.96
704.0   31.96
705.0   31.96
706.0   31.96
707.0   31.96
708.0   31.96
709.0   31.96
710.0   31.96
711.0   31.96
712.0   31.96
713.0   31.96
714.0   31.96
715.0   31.96
716.0   31.96
717.0   31.96
718.0   31.96
719.0   31.96
720.0   31.96
721.0   31.96
722.0   31.96
723.0   31.96
724.0   31.96
725.0   31.96
726.0   31.96
727.0   31.96
728.0   31.96
729.0   31.96
730.0   31.96
731.0   31.96
732.0   31.96
733.0   31.96
734.0   31.96
735.0   31.96
736.0   31.96
737.0   31.96
738.0   31.96
739.0   31.96
740.0   31.96
741.0   31.96
742.0   31.96
743.0   31.96
744.0   31.96
745.0   31.96
746.0   31.96
747.0   31.96
748.0   31.96
749.0   31.96
750.0   31.96
751.0   31.96
752.0   31.96
753.0   31.96
754.0   31.96
755.0   31.96
756.0   31.96
757.0   31.96
758.0   31.96
759.0   31.96
760.0   31.96
761.0   31.96
762.0   31.96
763.0   31.96
764.0   31.96
765.0   31.96
766.0   31.96
767.0   31.96
768.0   31.96
769.0   31.96
770.0   31.96
771.0   31.96
772.0   31.96
773.0   31.96
774.0   31.96
775.0   31.96
776.0   31.96
777.0   31.96
778.0   31.96
779.0   31.96
780.0   31.96
781.0   31.96
782.0   31.96
783.0   31.96
784.0   31.96
785.0   31.96
786.0   31.96
787.0   31.96
788.0   31.96
789.0   31.96
790.0   31.96
791.0   31.96
792.0   31.96
793.0   31.96
794.0   31.96
795.0   31.96
796.0   31.96
797.0   31.96
798.0   31.96
799.0   31.96
800.0   31.96
