500.0   297.59341237293955
501.0   302.7689783915574
502.0   299.4521837760121
503.0   297.21727635429
504.0   296.98799156873304
505.0   290.6004809741722
506.0   284.14152603761437
507.0   276.3114169899706
508.0   263.8782735489938
509.0   260.2280263306104
510.0   253.6297868717337
511.0   247.82317074872068
512.0   252.2478730251222
513.0   257.13930199250456
514.0   237.1747238492533
515.0   239.2399870069512
516.0   240.6769855059502
517.0   246.52679283159148
518.0   238.3059090729516
519.0   250.93025891816558
520.0   232.82771258434136
521.0   244.29668223925466
522.0   254.8688903176857
523.0   249.6264059013354
524.0   256.1052353957426
525.0   267.0659066639284
526.0   273.5514497051292
527.0   285.50486280962656
528.0   295.86430985477284
529.0   307.4687172115418
530.0   324.44836960769425
531.0   333.42895017604303
532.0   344.93796365293997
533.0   352.36397765513937
534.0   365.9738412077993
535.0   380.6918097278998
536.0   397.0386140727238
537.0   408.15155797422824
538.0   422.9419763624604
539.0   435.929135630126
540.0   437.1770889925634
541.0   433.3095020642854
542.0   445.4871744497642
543.0   448.6163968674225
544.0   433.29451924610214
545.0   425.6812342826132
546.0   421.5316159828334
547.0   406.44905759924575
548.0   398.387920434573
549.0   393.1444634250646
550.0   377.3569499954972
551.0   366.88814185555225
552.0   370.62050777943654
553.0   352.41936612078166
554.0   349.8662388987254
555.0   334.5544955641592
556.0   336.45728202134194
557.0   327.39409106722917
558.0   337.0440452320572
559.0   325.94311300233267
560.0   324.71477796954923
561.0   323.9982775986359
562.0   315.7009030320204
563.0   315.9159418255913
564.0   332.763782980856
565.0   317.81026205145855
566.0   350.02138349449456
567.0   342.7432775789092
568.0   339.74452926844674
569.0   361.97067676641535
570.0   378.39587614102993
571.0   376.0593224507219
572.0   378.22104274729463
573.0   387.35557183547945
574.0   399.2640588423993
575.0   427.0378879380115
576.0   425.4798292045256
577.0   443.961908049689
578.0   451.4863911359081
579.0   469.9719002643537
580.0   489.6921642794334
581.0   504.5707292590574
582.0   508.3927488927946
583.0   527.6029626882723
584.0   533.4104551229427
585.0   551.1539031499269
586.0   561.1248335411171
587.0   556.7181805148844
588.0   561.4559695256409
589.0   577.4115638490958
590.0   566.2661594529967
591.0   576.3311483783557
592.0   554.6414275271345
593.0   558.9862304443703
594.0   553.5363928939141
595.0   541.6942869526004
596.0   540.3066718726782
597.0   522.861124331443
598.0   519.96346559679
599.0   509.64622225689266
600.0   495.4274056810552
601.0   490.8806689166827
602.0   479.62102565579266
603.0   486.9060445900478
604.0   473.9100587499428
605.0   471.2883480471502
606.0   484.1159284789357
607.0   479.8737225790033
608.0   473.73002632604766
609.0   451.75836575442884
610.0   453.5237285337633
611.0   454.84704323995345
612.0   469.6480441751295
613.0   447.53934931416626
614.0   436.12737950775954
615.0   441.46366496034375
616.0   457.4109455183399
617.0   468.5587286420026
618.0   458.41207786763687
619.0   471.5090916095277
620.0   469.49061423321325
621.0   499.9946299960807
622.0   499.3492002773714
623.0   521.5980732540188
624.0   539.6793768110208
625.0   554.4707398636552
626.0   580.6459594985446
627.0   599.4260135003253
628.0   620.5068978354634
629.0   640.8178179807409
630.0   660.2507453301257
631.0   681.644707467916
632.0   697.664720067422
633.0   706.8048402513853
634.0   727.9380289697548
635.0   743.2180742411518
636.0   758.9530538275785
637.0   765.6645813057428
638.0   777.0627347363298
639.0   801.7359619652243
640.0   801.7166849395128
641.0   813.7473097418901
642.0   814.1753544239422
643.0   808.2842786993451
644.0   805.579351577526
645.0   809.9087031016594
646.0   816.0753607905278
647.0   809.0477144480035
648.0   789.0870436302775
649.0   788.714413118246
650.0   785.7490957581799
651.0   784.2235544361954
652.0   772.1329518169098
653.0   765.7268904851301
654.0   766.3753107141349
655.0   753.6821314353401
656.0   754.9204451317671
657.0   755.5061022531622
658.0   748.6917692655105
659.0   750.8707094776447
660.0   752.169817524078
661.0   743.9281808172027
662.0   750.1397792265939
663.0   754.1708332956566
664.0   763.6629698688603
665.0   782.690823757055
666.0   762.3032333889014
667.0   773.7548912548554
668.0   766.0014941099319
669.0   779.3529998781623
670.0   815.8638762200126
671.0   828.5168263632752
672.0   845.211845774565
673.0   842.8381268390467
674.0   843.4344486144164
675.0   868.2257806174712
676.0   880.3131230567277
677.0   900.8655485623665
678.0   911.1622046718454
679.0   937.4568452522069
680.0   964.3750155125102
681.0   979.9056748239072
682.0   1007.0048754228657
683.0   1023.2265790018292
684.0   1046.4116641336536
685.0   1077.0396630897499
686.0   1100.8680319002613
687.0   1119.948602163851
688.0   1128.0506730955926
689.0   1162.4473770261645
690.0   1188.87463719386
691.0   1193.3291563037174
692.0   1244.1949312243034
693.0   1274.178455430718
694.0   1262.3688441423672
695.0   1299.2419402018108
696.0   1288.5123189738301
697.0   1274.1708343534008
698.0   1335.9960998054667
699.0   1341.8939238125563
700.0   1335.1610534519198
701.0   1307.6273757657318
702.0   1336.1719107075653
703.0   1319.517963101243
704.0   1329.054980340581
705.0   1339.5808498039903
706.0   1327.0899608879217
707.0   1319.9362369038279
708.0   1310.939861286175
709.0   1304.9823413768745
710.0   1284.1843972091742
711.0   1262.6579411230628
712.0   1254.803641998491
713.0   1242.0627858432372
714.0   1226.6732764009685
715.0   1216.9129591300564
716.0   1211.2557407116271
717.0   1220.0549478037838
718.0   1184.730195018947
719.0   1201.768355774352
720.0   1163.5466540511927
721.0   1151.9011601576776
722.0   1161.65057465787
723.0   1153.5103530441418
724.0   1162.3005232038358
725.0   1128.1910438582404
726.0   1126.558189595432
727.0   1127.9060150194298
728.0   1110.744011806683
729.0   1125.3826844367125
730.0   1062.1092152083231
731.0   1087.3685916513364
732.0   1127.3698581350432
733.0   1121.1898495974835
734.0   1114.3981521370165
735.0   1098.408630300567
736.0   1062.7665811269706
737.0   1062.700611046912
738.0   1089.3292569121495
739.0   1059.3524159526323
740.0   1113.8631067367141
741.0   1088.6750440417088
742.0   1106.417066163634
743.0   1070.623120751536
744.0   1084.4192769959714
745.0   1053.665869956723
746.0   1060.7398172185865
747.0   1070.0200980442385
748.0   1061.3288072503715
749.0   1065.3119720720242
750.0   1089.8854398027038
751.0   1105.8172806633825
752.0   1134.2565703770179
753.0   1175.5149080607298
754.0   1218.0861071897987
755.0   1274.3574268043612
756.0   1328.4127190233394
757.0   1372.8124069153482
758.0   1447.514827453204
759.0   1467.4587441824915
760.0   1535.2714504211326
761.0   1596.7294741346454
762.0   1651.1918282064448
763.0   1717.5812821889679
764.0   1750.6871232351464
765.0   1795.610018157983
766.0   1837.3750392308693
767.0   1843.229216763569
768.0   1925.6774973139227
769.0   1896.1464502762688
770.0   1926.6321982756847
771.0   1929.376359082893
772.0   1934.2830750463224
773.0   1899.8530583656666
774.0   1921.8606017370785
775.0   1882.644879791071
776.0   1886.88494102113
777.0   1892.9360570296108
778.0   1891.4543253547292
779.0   1828.2022126189697
780.0   1830.5883930757727
781.0   1791.3439717885492
782.0   1763.0376289268272
783.0   1723.8769860002806
784.0   1696.0900718937125
785.0   1655.7043043413178
786.0   1628.3423776509808
787.0   1590.262110091637
788.0   1565.680267959651
789.0   1530.509574223573
790.0   1503.6663684349228
791.0   1454.5360287907106
792.0   1439.980901295119
793.0   1400.0098662587386
794.0   1348.5530206378935
795.0   1322.9964869943178
796.0   1303.6165492019156
797.0   1320.5978915209373
798.0   1238.069773767994
799.0   1189.1182715198488
800.0   1174.5869581682553
