500.0   233.1014764563032
501.0   236.12568398411764
502.0   230.89704741050372
503.0   232.94712167839194
504.0   231.02156928069525
505.0   225.83282755089166
506.0   222.65484813651943
507.0   216.78129694921842
508.0   207.12391507830438
509.0   202.439459143294
510.0   197.2037190744989
511.0   192.5504259036617
512.0   199.20662652237536
513.0   199.99917567793858
514.0   186.18047404300043
515.0   186.5676961070024
516.0   188.45075496922146
517.0   193.68517993796155
518.0   187.85880777987146
519.0   196.79150484497814
520.0   183.5527828557613
521.0   192.69545989188538
522.0   198.99823741283168
523.0   196.1956118052834
524.0   201.44494147193174
525.0   211.60223197676208
526.0   215.63031505210165
527.0   227.44440832702372
528.0   234.69043095509844
529.0   243.4338284759906
530.0   257.69182501690665
531.0   263.24792491061794
532.0   273.00335356279095
533.0   278.4085008239447
534.0   289.1360708064818
535.0   300.7540236811666
536.0   314.1955790618887
537.0   323.48073036881743
538.0   333.219139055248
539.0   343.170894486586
540.0   346.1330441847306
541.0   344.5490622402133
542.0   355.453770708188
543.0   356.4688131377321
544.0   340.80188089855505
545.0   339.5081538235444
546.0   332.26751493664744
547.0   320.9549803757999
548.0   319.098778374811
549.0   311.57834600050603
550.0   301.50526631945064
551.0   289.675481461853
552.0   294.6585010923759
553.0   279.64062766130183
554.0   276.6506776759012
555.0   265.94473742583904
556.0   266.2262339566563
557.0   259.6247684259853
558.0   267.0194275240815
559.0   260.2459603410346
560.0   257.36067663639346
561.0   257.5264826801391
562.0   250.8051464725701
563.0   253.85543466392608
564.0   264.6439033195881
565.0   254.00037851455096
566.0   279.6053931398976
567.0   273.2217126329068
568.0   270.14496872106406
569.0   288.1551379104095
570.0   298.9387840950094
571.0   301.75702866890344
572.0   303.8743153450083
573.0   307.15259956726294
574.0   321.21821066135055
575.0   343.4821787682364
576.0   340.541267013876
577.0   355.3486524915369
578.0   361.32284648492293
579.0   376.0653728167312
580.0   390.6537320214037
581.0   404.2253775299185
582.0   408.3717178937174
583.0   420.17323523898057
584.0   425.89382095959724
585.0   438.30824990274414
586.0   450.2110295875262
587.0   446.69786328806293
588.0   448.91689852460195
589.0   463.8002054714493
590.0   453.9551466463806
591.0   460.09999919690244
592.0   443.03464330147136
593.0   446.019899436217
594.0   444.7920027248964
595.0   431.8697833407933
596.0   434.32068081522004
597.0   422.6578003009298
598.0   414.83956264131785
599.0   407.34820472869376
600.0   397.0827010902596
601.0   399.16960598070773
602.0   383.3463191671103
603.0   388.8010381289081
604.0   380.1159064029148
605.0   377.2982389203022
606.0   389.0358243247617
607.0   385.3102922050172
608.0   378.6222389085566
609.0   361.73930657274116
610.0   364.8570974943828
611.0   365.1166628196929
612.0   374.2118799438715
613.0   358.75605730246144
614.0   348.0996389444308
615.0   355.82618649757967
616.0   368.1285746903135
617.0   377.69842985258947
618.0   369.783866436096
619.0   383.9154089678209
620.0   382.87575416821323
621.0   399.7493646959107
622.0   404.2547940722131
623.0   420.2060912967781
624.0   438.51556650957525
625.0   448.70824916502727
626.0   469.9781634036392
627.0   481.76521176742705
628.0   497.45476461258954
629.0   514.4084809718429
630.0   531.977134160968
631.0   550.0144853347706
632.0   560.4538498593042
633.0   569.2581699164916
634.0   588.6085209705285
635.0   598.5792132111197
636.0   608.3797460668768
637.0   617.7017892371723
638.0   624.245456403674
639.0   641.381402110946
640.0   643.6695586682188
641.0   655.2256707640015
642.0   654.5919726764042
643.0   652.3580685483594
644.0   645.2868134529662
645.0   647.6851062922558
646.0   654.4429082110796
647.0   648.8001240304845
648.0   637.424997427887
649.0   634.664247005933
650.0   628.6344971344236
651.0   627.5804433512806
652.0   620.0618094439131
653.0   616.1391543762961
654.0   614.2452107637818
655.0   603.5408685147468
656.0   604.6537606438092
657.0   608.3511603464804
658.0   601.1158780607773
659.0   605.7782133481635
660.0   605.7268563016041
661.0   598.1654162269668
662.0   601.5832604919035
663.0   603.1734361922375
664.0   614.3901334329096
665.0   626.8059058857109
666.0   613.3173648043787
667.0   621.9875610286273
668.0   616.3294478629718
669.0   628.2702292296683
670.0   652.8073960357312
671.0   662.508023954849
672.0   678.3328343506738
673.0   676.0907297773067
674.0   680.2679297558996
675.0   698.5342350411591
676.0   706.8741074300407
677.0   727.8723672376897
678.0   728.6028253789308
679.0   756.1203351374761
680.0   775.287738013405
681.0   788.1032060170636
682.0   806.4780952494683
683.0   818.0834300047205
684.0   843.1661581506348
685.0   863.6715661142744
686.0   878.4524025752643
687.0   897.0606764045945
688.0   908.5046845416273
689.0   934.1620362828726
690.0   953.4765533969666
691.0   960.8874033933529
692.0   997.2872213369601
693.0   1020.5777908542502
694.0   1014.3689325555339
695.0   1043.3231820460046
696.0   1029.109369444665
697.0   1021.5814065624095
698.0   1069.8213809444449
699.0   1074.2386316983784
700.0   1066.6807395770268
701.0   1052.6141804373176
702.0   1075.383856842189
703.0   1059.0316336274182
704.0   1061.8430891909838
705.0   1074.446799194559
706.0   1065.8538353444262
707.0   1055.7602440621488
708.0   1046.828557528865
709.0   1047.323445533851
710.0   1024.8813168226852
711.0   1009.1063501087425
712.0   1002.4810503932748
713.0   993.3603964527871
714.0   985.4235199106224
715.0   965.6547277489866
716.0   968.201382771082
717.0   975.0369223204524
718.0   950.366242850319
719.0   957.5728239995683
720.0   932.5029626138103
721.0   921.2912065162996
722.0   930.8659824435287
723.0   920.2270269983046
724.0   929.5750580064969
725.0   900.5197786676553
726.0   907.2904555456656
727.0   901.4050471579707
728.0   888.8587876354079
729.0   900.7771122894712
730.0   852.6794572354124
731.0   868.3232405665065
732.0   897.7467932036224
733.0   892.823210898013
734.0   885.4052221444473
735.0   877.5070962363665
736.0   845.9924126470703
737.0   853.2251852768871
738.0   872.963274580731
739.0   846.3391586225315
740.0   889.0486800195687
741.0   865.0191855927669
742.0   883.5433983005324
743.0   858.2319056513684
744.0   870.4432678282268
745.0   842.7387890960258
746.0   846.8292837384787
747.0   860.0960494061015
748.0   853.6004453870082
749.0   855.8941079400234
750.0   871.3859366404122
751.0   883.2881194541878
752.0   902.5130769710105
753.0   930.9411162061876
754.0   965.3272926852616
755.0   1009.5249712099495
756.0   1055.0853071893725
757.0   1086.3098977376858
758.0   1137.9770275098315
759.0   1160.6402527351954
760.0   1209.029550942469
761.0   1263.0677860273959
762.0   1309.9118696581286
763.0   1362.1084762900555
764.0   1382.0735396446453
765.0   1421.7201375671818
766.0   1458.7719981475775
767.0   1461.6394491348408
768.0   1534.0753380897856
769.0   1506.5841039910526
770.0   1528.7863896477768
771.0   1541.5441837983713
772.0   1547.3090569977142
773.0   1510.1414903004325
774.0   1536.807536120703
775.0   1499.5986205735207
776.0   1497.5933436469934
777.0   1509.069746064652
778.0   1506.2801014487866
779.0   1451.1460956799156
780.0   1453.0993974318717
781.0   1421.8120411465632
782.0   1404.5545105416775
783.0   1370.924044985255
784.0   1348.1609118078638
785.0   1312.2342101664053
786.0   1290.9936277086813
787.0   1264.9380179551404
788.0   1238.4630452321942
789.0   1216.21276238366
790.0   1190.514261170313
791.0   1154.6573105685213
792.0   1135.308498172549
793.0   1110.1987884738994
794.0   1065.3616202761136
795.0   1041.1396836847161
796.0   1029.06535752135
797.0   1042.7354928177251
798.0   977.6804856853186
799.0   940.2951654629362
800.0   926.2141338307376
