500.0   178.8450231953649
501.0   182.311753054314
502.0   180.20739732388768
503.0   182.998399446639
504.0   180.06517150339874
505.0   175.32125449869292
506.0   171.32083069290002
507.0   166.5257733730919
508.0   159.27759841487182
509.0   157.45473715637306
510.0   153.45124981270436
511.0   148.8405742354221
512.0   154.7936076311426
513.0   158.79025559732275
514.0   144.87151414984285
515.0   147.21801906954198
516.0   146.8365303025452
517.0   152.11240730324477
518.0   146.19402291064577
519.0   153.2738844833832
520.0   142.18602315071516
521.0   151.47412065245794
522.0   155.65942314042482
523.0   153.37641943261426
524.0   158.89866554527086
525.0   165.12856812410138
526.0   168.01226193792456
527.0   178.8481405591741
528.0   183.08258599175784
529.0   193.73251064938648
530.0   204.3450909373915
531.0   206.77298298891031
532.0   216.83980923834278
533.0   218.52065152542124
534.0   228.9114333006058
535.0   238.30530391685343
536.0   249.90151440384128
537.0   257.8639897812891
538.0   265.6024395158162
539.0   273.80504288598473
540.0   271.4547952396181
541.0   270.20238140234073
542.0   284.1366196280629
543.0   283.856504961492
544.0   273.1981211826735
545.0   268.99847069980024
546.0   266.13054084098997
547.0   255.09305680855212
548.0   251.88873976665565
549.0   245.79601741538747
550.0   236.2142574354906
551.0   231.44717497959184
552.0   232.53149796192093
553.0   223.15603744128117
554.0   220.00262021632494
555.0   210.31161896431445
556.0   212.21717580575447
557.0   207.162124837183
558.0   214.07906418006954
559.0   208.53426476575646
560.0   203.93089726157018
561.0   205.1256140283787
562.0   198.8202493721902
563.0   201.415579319961
564.0   208.963631361142
565.0   199.94858253842273
566.0   223.86713866372943
567.0   215.71651423417637
568.0   216.59675249247917
569.0   228.85645124571442
570.0   241.20714414718051
571.0   240.09120518734497
572.0   240.6114979435438
573.0   243.16430377487058
574.0   255.00246763522384
575.0   276.6068601701081
576.0   273.4264219347615
577.0   286.3571065197788
578.0   289.9212379841765
579.0   301.0445194593984
580.0   314.20246260956355
581.0   323.42224984005946
582.0   326.3660048885749
583.0   336.6099331034134
584.0   340.75613715772505
585.0   350.45108452385193
586.0   361.6671730558349
587.0   358.82132722759906
588.0   359.20634298980485
589.0   371.44800556362077
590.0   362.7606795442583
591.0   366.6599701238596
592.0   356.0082285935877
593.0   357.42716259852364
594.0   356.9412908859846
595.0   347.375351724519
596.0   346.5000494061459
597.0   337.55466277517337
598.0   335.07342991703587
599.0   326.63375882794526
600.0   319.9407614553485
601.0   320.3425814011697
602.0   304.63403956566003
603.0   312.59904687078574
604.0   307.41429905123255
605.0   305.3476474646329
606.0   312.2029051050967
607.0   309.7991376047474
608.0   303.4326555247759
609.0   291.3659697087576
610.0   294.45892434975696
611.0   293.31567832095214
612.0   299.2936374440635
613.0   290.55925265139354
614.0   278.8814514410583
615.0   286.2682661258847
616.0   295.2881695328797
617.0   305.16788111480946
618.0   298.9809447175104
619.0   308.6517840600515
620.0   308.5695509787025
621.0   324.64742101360343
622.0   324.1147497461541
623.0   339.3473557105087
624.0   352.3543697289099
625.0   359.4679992644027
626.0   377.032062398418
627.0   390.00596160955973
628.0   403.80336214350905
629.0   414.37449150498753
630.0   431.6258730033932
631.0   441.48806028457
632.0   453.0750476935405
633.0   459.1003436814547
634.0   474.24328116695244
635.0   480.4569320625824
636.0   491.0997646197479
637.0   495.7550921282797
638.0   506.21941608209477
639.0   519.4154778847578
640.0   520.0174732691975
641.0   526.2728074670897
642.0   527.8567776210697
643.0   522.9455097682943
644.0   520.4250400706242
645.0   526.6903253678335
646.0   531.3102191383274
647.0   526.2558789033451
648.0   510.8500076050135
649.0   511.75924514120186
650.0   507.6989672465987
651.0   507.9927040738642
652.0   497.61022778467554
653.0   496.45071051290853
654.0   496.67137979235895
655.0   488.111549049073
656.0   487.50702677388216
657.0   490.22064838292437
658.0   484.78651322753353
659.0   487.9351623268442
660.0   487.5714070800691
661.0   481.7657626213179
662.0   488.58065081112966
663.0   489.60486254632235
664.0   493.6141108755919
665.0   507.24502181803916
666.0   495.55883927695385
667.0   503.8400844007931
668.0   496.2157725348089
669.0   506.632737596798
670.0   526.0327264253867
671.0   539.6172203021362
672.0   551.984752195844
673.0   548.3930745020164
674.0   549.7255436517115
675.0   569.3089499452902
676.0   570.478661455402
677.0   590.7161934605173
678.0   587.4791376366235
679.0   609.049880475071
680.0   626.7393968883185
681.0   639.5215177693731
682.0   655.3454299249805
683.0   662.5046469862073
684.0   683.1066041487263
685.0   701.3633179578151
686.0   716.5072939552257
687.0   729.2626786842168
688.0   737.0153136646292
689.0   756.8557860938995
690.0   774.7106230133523
691.0   779.1778410555422
692.0   808.2397774777241
693.0   832.781164385
694.0   822.9152339839624
695.0   846.6558131303163
696.0   837.0253160347554
697.0   827.539946854605
698.0   872.2493066462201
699.0   877.6755372602685
700.0   864.8161885446661
701.0   854.127483638563
702.0   871.3288568123781
703.0   860.937791541177
704.0   866.0616698212854
705.0   875.3207153073017
706.0   863.9668286640992
707.0   859.6284143523446
708.0   849.6963942912122
709.0   853.5213935652679
710.0   833.5184978188693
711.0   821.0226587474423
712.0   815.3089893847538
713.0   804.6070373799099
714.0   792.1141598179977
715.0   790.17106528954
716.0   788.7267657691646
717.0   796.8089816342468
718.0   771.5374470495531
719.0   779.5486463267061
720.0   757.1124478277745
721.0   749.6348731428825
722.0   755.4556335187292
723.0   749.0773418652766
724.0   754.2833102519357
725.0   733.985141908118
726.0   738.3523640964938
727.0   732.3533876795842
728.0   725.636444271728
729.0   729.6457226088256
730.0   694.611866845391
731.0   707.4175304776734
732.0   738.3549622092864
733.0   731.416520088073
734.0   727.4129738517776
735.0   714.1931232799393
736.0   690.9110173416974
737.0   695.4338618524038
738.0   711.1896434221053
739.0   693.1310659815273
740.0   722.6743406150035
741.0   709.725306434599
742.0   720.9137753241301
743.0   701.5771545102846
744.0   710.9552678599804
745.0   691.2459707567577
746.0   696.9341603108627
747.0   705.9644780306372
748.0   696.4160034927054
749.0   699.9629910366141
750.0   707.9950238429667
751.0   716.9570163651351
752.0   733.9863758799444
753.0   758.6555418257778
754.0   784.0479648605178
755.0   818.197195586797
756.0   854.0277286750735
757.0   884.6691060720327
758.0   923.3716768412525
759.0   943.4107013679444
760.0   985.363800721345
761.0   1023.6867193650575
762.0   1061.4720957197312
763.0   1110.0496573312355
764.0   1129.4294232975494
765.0   1159.5973601142093
766.0   1191.0577993930362
767.0   1191.989319058229
768.0   1244.1321516628327
769.0   1225.9638847455549
770.0   1248.505653461328
771.0   1254.4528829260323
772.0   1264.136832448579
773.0   1236.450506297807
774.0   1252.7825735927806
775.0   1226.7622344054269
776.0   1229.9091764778486
777.0   1236.7234242763911
778.0   1233.749362108623
779.0   1189.5270025491714
780.0   1191.7097255480658
781.0   1165.9764921372666
782.0   1150.8983496679386
783.0   1118.919648326668
784.0   1097.8857352987836
785.0   1071.0260899955663
786.0   1056.4320740631404
787.0   1029.690897907136
788.0   1010.3329444486324
789.0   989.6777952342692
790.0   968.7164317333945
791.0   937.1505832530435
792.0   928.320548855037
793.0   902.2304947769685
794.0   865.2982662082396
795.0   848.7331778020947
796.0   836.2632091162864
797.0   846.9634683394183
798.0   790.2746868832801
799.0   762.3304217443949
800.0   751.5668749448864
