500.0   119.75093080496282
501.0   122.9246594174661
502.0   121.46730217132637
503.0   125.67721266722018
504.0   124.06623873143093
505.0   121.61993925668045
506.0   116.52306918677397
507.0   112.82645678511466
508.0   106.03925842846519
509.0   107.86280898654721
510.0   105.54675138945902
511.0   100.4210089593935
512.0   107.27682037859836
513.0   111.69518341513589
514.0   101.80428930056993
515.0   102.69259859682217
516.0   100.62834099304393
517.0   105.16174643846557
518.0   99.80419531090538
519.0   107.47856388410014
520.0   97.01474247902573
521.0   106.51288866404298
522.0   107.19570930414093
523.0   106.45439593133548
524.0   110.97762109668676
525.0   115.90532138882628
526.0   117.8111429489191
527.0   122.90548449630728
528.0   127.59001845359418
529.0   133.34271084406782
530.0   142.67943893446687
531.0   143.52279736934105
532.0   151.74904808569673
533.0   152.57142374226484
534.0   156.80702452162714
535.0   166.22377445225132
536.0   173.57667502103172
537.0   179.60069859471764
538.0   184.64947062104957
539.0   191.93876395344392
540.0   190.55177073894464
541.0   187.5203102594198
542.0   202.1567794385532
543.0   202.55037934204609
544.0   189.5234911288961
545.0   186.78679528254017
546.0   189.09630423338626
547.0   179.4691190604061
548.0   175.49119966270297
549.0   175.49198030213543
550.0   166.45266012703985
551.0   162.25372614128574
552.0   164.7808416749417
553.0   159.61715206408888
554.0   155.0273737833562
555.0   145.56069829396955
556.0   148.18001563525488
557.0   146.88507495873176
558.0   151.74032389634405
559.0   146.9042870384066
560.0   143.39727408782022
561.0   144.7901771585169
562.0   141.21356237670759
563.0   142.50252160245753
564.0   149.2551753574042
565.0   140.3055065516947
566.0   159.12217715578439
567.0   152.21508373409415
568.0   153.84847121176935
569.0   161.1906679851661
570.0   171.30741672964055
571.0   170.38799403264383
572.0   173.38314244969766
573.0   172.23566085085463
574.0   183.808431802726
575.0   197.7404515334003
576.0   195.84497184342825
577.0   204.32455414691674
578.0   204.00570788797367
579.0   215.96718745936317
580.0   225.90409151744947
581.0   230.6582922452294
582.0   230.65531028368093
583.0   242.87120834606657
584.0   243.47234541664045
585.0   251.40493296286755
586.0   258.76224854885317
587.0   254.3844704485756
588.0   253.4968962610002
589.0   266.08093276991747
590.0   261.3070763928747
591.0   262.9370488083033
592.0   255.01441737714322
593.0   252.68944798277775
594.0   257.5226302307109
595.0   249.40101841210884
596.0   244.88884122559966
597.0   244.09181559788823
598.0   241.2040284252273
599.0   231.74450692477845
600.0   229.81695985752725
601.0   232.65437344929722
602.0   221.26522164057806
603.0   223.74914009538273
604.0   220.59994048133575
605.0   219.8506136592656
606.0   225.11174165696582
607.0   222.28500219534703
608.0   218.55577692696062
609.0   210.23540956642987
610.0   209.77617445509082
611.0   209.1045426135962
612.0   215.56944955281045
613.0   206.40543594869467
614.0   201.47127172797323
615.0   205.85388696870942
616.0   211.90443940626048
617.0   220.5817087497746
618.0   214.53423290249927
619.0   223.1047490922001
620.0   223.28850984879634
621.0   234.2036478798315
622.0   232.9220815340954
623.0   242.80264338036085
624.0   256.23985612353715
625.0   263.2943087514007
626.0   273.81784020600367
627.0   279.2381099895972
628.0   291.2790611024892
629.0   298.20881582813763
630.0   312.0620676803471
631.0   322.5178198046367
632.0   327.4521250391112
633.0   328.03893704947126
634.0   346.0147120016212
635.0   348.27818664527194
636.0   353.95896216432646
637.0   355.89291411106336
638.0   363.44209200095725
639.0   375.56564923630873
640.0   372.86386146827135
641.0   377.87441148864485
642.0   379.3055976344559
643.0   377.67038426482316
644.0   375.18820732833035
645.0   379.7575322147311
646.0   380.05509211286176
647.0   378.97921121374713
648.0   367.1981254777568
649.0   369.28542936728115
650.0   362.75733973718354
651.0   364.19194177441017
652.0   358.38371138034677
653.0   357.92362208986646
654.0   356.95184308625255
655.0   352.2942278613351
656.0   350.4971381608902
657.0   354.3689357386573
658.0   351.5389579936352
659.0   355.1394465541631
660.0   354.7128013362137
661.0   348.3633658814972
662.0   355.28428470160407
663.0   353.0995742038185
664.0   356.89890120414225
665.0   367.0114719145321
666.0   358.342359877898
667.0   365.25712442402175
668.0   357.1744249851784
669.0   365.47355858765565
670.0   380.4381411046691
671.0   388.80089231864633
672.0   397.45507737531227
673.0   397.8377480450708
674.0   398.61103899814316
675.0   406.9306024739667
676.0   414.99357363980664
677.0   429.9671771795672
678.0   425.5173940010952
679.0   440.482158901244
680.0   453.66002851961605
681.0   461.50616149647794
682.0   473.59787984460013
683.0   476.69066125881534
684.0   492.8045402475705
685.0   504.54560760551533
686.0   517.1392724543377
687.0   529.14735707268
688.0   530.334003932818
689.0   543.1807455950454
690.0   559.8615883559319
691.0   566.0239661059313
692.0   583.5037033701649
693.0   599.4870447521689
694.0   596.320742447344
695.0   612.5709073079454
696.0   604.1388466411347
697.0   594.1477833087515
698.0   629.916446492015
699.0   631.5018752342811
700.0   627.3021816884211
701.0   614.1016695185607
702.0   625.2809013745865
703.0   621.8923232460492
704.0   621.8606530446104
705.0   627.8029463576177
706.0   626.1526721208129
707.0   620.2387991385195
708.0   610.3317736908912
709.0   613.874034516838
710.0   599.6416818374148
711.0   591.6271417040927
712.0   587.3466472309385
713.0   577.7613193102536
714.0   575.3517413543285
715.0   569.4789261109502
716.0   572.3994992555
717.0   572.2554711773788
718.0   559.8551689171514
719.0   566.0720360289691
720.0   548.2767476216084
721.0   538.6163191283174
722.0   546.4088874502313
723.0   542.4278892437769
724.0   547.7405148205964
725.0   530.7845634116818
726.0   537.8326898005884
727.0   531.8914555995078
728.0   525.4569252886511
729.0   532.7040253978157
730.0   497.43315869752587
731.0   513.9642925151284
732.0   532.8673954897927
733.0   526.7577371592836
734.0   525.0943690448174
735.0   516.5633397038338
736.0   504.52259519049767
737.0   506.5608297034273
738.0   519.503073680339
739.0   502.31276300114325
740.0   525.6417725323864
741.0   511.5361055197716
742.0   524.7294841209798
743.0   513.2194829409458
744.0   517.6627890457921
745.0   508.237685582267
746.0   508.92761080643197
747.0   511.98665430816766
748.0   505.44059916453256
749.0   509.945935263907
750.0   516.3501761772802
751.0   524.1258085587112
752.0   531.3695835967596
753.0   547.2809198545813
754.0   567.9115840324356
755.0   595.0386936717792
756.0   613.3974253248874
757.0   634.9978056017467
758.0   666.8820351797962
759.0   675.2615788917606
760.0   708.6094993151036
761.0   736.1346017705752
762.0   758.5744446322263
763.0   794.4286282849591
764.0   811.6092959432765
765.0   836.1883610832006
766.0   857.1939866912691
767.0   862.6008108806076
768.0   897.4447682741406
769.0   887.7492776102098
770.0   901.3788547415486
771.0   903.6211284258445
772.0   910.9466640573237
773.0   894.3834657639846
774.0   905.1648790364973
775.0   887.7840255781865
776.0   886.6482015885776
777.0   892.3403968673939
778.0   891.8323572112481
779.0   857.445399062086
780.0   858.6964123450589
781.0   839.0938386311299
782.0   826.8703282153459
783.0   806.1305245472207
784.0   790.6735806333447
785.0   768.3175029263575
786.0   759.6051472661087
787.0   739.8401709649225
788.0   730.1685383818948
789.0   703.1245514077231
790.0   693.0137497439509
791.0   677.7618933390692
792.0   660.0831005478358
793.0   640.6237565907259
794.0   615.9479478866705
795.0   601.2070230294494
796.0   587.8100474198297
797.0   598.4776803172207
798.0   556.4301627000275
799.0   534.4589597075635
800.0   524.9333915163945
