500.0   81.1479423559191
501.0   85.1131773794657
502.0   83.80556424749983
503.0   86.07712870526254
504.0   84.72749521877728
505.0   83.65975470909584
506.0   79.34585317157894
507.0   78.78026186269545
508.0   75.21852231242798
509.0   73.75791958226134
510.0   73.91127077715475
511.0   69.26137374607563
512.0   75.74585063310906
513.0   79.8353815547398
514.0   69.15388246040013
515.0   69.04024166456622
516.0   70.23770380492181
517.0   71.4500290335024
518.0   69.9081326606296
519.0   75.34740121392667
520.0   67.3640240024279
521.0   73.24627409550175
522.0   73.48116402173409
523.0   73.88838835322301
524.0   77.46304360818309
525.0   82.04317418023834
526.0   81.89375820023821
527.0   84.48185192169302
528.0   91.74332679751356
529.0   96.03491007002293
530.0   101.31336402504695
531.0   99.87907386694428
532.0   106.6875163740797
533.0   103.72762128588576
534.0   111.69783756560602
535.0   115.26627484179838
536.0   119.29167777901174
537.0   126.64639089660523
538.0   130.6273396942626
539.0   134.50773769900763
540.0   133.13694492347116
541.0   131.18540172504922
542.0   144.08966948056957
543.0   144.4701587858978
544.0   134.06388953446597
545.0   130.80548404716004
546.0   132.49062894477254
547.0   124.66883682130074
548.0   125.9441110942974
549.0   122.93624386691229
550.0   118.67828372167872
551.0   115.5556435729408
552.0   115.02742180675529
553.0   111.3704193393649
554.0   110.15659178544058
555.0   100.33373789744388
556.0   106.33019523257613
557.0   103.2981721381617
558.0   109.48880266209872
559.0   107.23600908430393
560.0   103.64132889593122
561.0   101.2738143589356
562.0   100.86242749873381
563.0   101.27396258124537
564.0   104.29122194872548
565.0   97.25556729914757
566.0   112.88615262351223
567.0   107.58516544838903
568.0   108.14823136484549
569.0   115.61694896245041
570.0   123.30528427665476
571.0   120.71605569287729
572.0   124.7126283173678
573.0   121.08930698223145
574.0   131.1201093076203
575.0   141.0920659374279
576.0   139.76107114768524
577.0   146.30799530677518
578.0   147.58096246111765
579.0   156.7675228184881
580.0   162.39124835183705
581.0   168.24978338230676
582.0   165.5002041472069
583.0   171.36184286078435
584.0   172.72829586452252
585.0   179.70720709687905
586.0   187.67998223194348
587.0   184.25003435627758
588.0   182.63605518943285
589.0   193.26690032924776
590.0   188.18760305878155
591.0   188.21144154953265
592.0   182.02542249477705
593.0   183.50035599026742
594.0   184.66295718323028
595.0   179.0259303553433
596.0   181.04078803137259
597.0   175.92959615642462
598.0   172.98700965307745
599.0   168.14933827556493
600.0   169.58494241788173
601.0   169.03927148041947
602.0   158.68692215964157
603.0   160.44595543281682
604.0   158.65123465771438
605.0   159.09242467979777
606.0   163.0971282124396
607.0   159.89693519789085
608.0   155.98796967579472
609.0   151.21635343674288
610.0   150.53182714001986
611.0   152.64380738630496
612.0   156.646616375733
613.0   150.1309157925914
614.0   144.7803580701076
615.0   148.97053278160266
616.0   155.413452150479
617.0   161.90609939423203
618.0   155.57307018784664
619.0   162.39075060289923
620.0   163.58546846339087
621.0   170.86857246834515
622.0   171.41948880353465
623.0   176.78440754172374
624.0   189.01128029156197
625.0   193.0788481719577
626.0   201.13541942183926
627.0   204.52505505901667
628.0   213.5932843718009
629.0   219.78435145086382
630.0   228.77061858106305
631.0   237.109348414186
632.0   240.95036710277964
633.0   240.68521646227316
634.0   252.15747286814613
635.0   253.72478703520432
636.0   259.14352979274867
637.0   258.6924148468328
638.0   269.13868238904615
639.0   276.6765403159681
640.0   273.117052335695
641.0   276.82887002422683
642.0   281.05908956765734
643.0   282.22401662274774
644.0   274.57931732474697
645.0   279.44883257958736
646.0   280.8157789276454
647.0   277.19012252028494
648.0   268.7363465159235
649.0   270.3500705789784
650.0   269.499781240527
651.0   268.3352517241312
652.0   263.6102301846465
653.0   265.5345102833038
654.0   265.1089470861887
655.0   257.7996379468352
656.0   258.3602261966744
657.0   261.73498746555344
658.0   257.99678282072347
659.0   262.47027528864464
660.0   261.9241275932012
661.0   255.91175435509257
662.0   261.1280388073043
663.0   262.0201587645486
664.0   264.59286521400827
665.0   269.72523056178807
666.0   261.9858978548184
667.0   271.26610800410583
668.0   266.4904566901688
669.0   271.63137718548205
670.0   283.5046250990027
671.0   286.86671333621973
672.0   296.5816056710165
673.0   299.216522640357
674.0   296.5113600511023
675.0   304.36612979048016
676.0   309.7142338946339
677.0   316.534534218886
678.0   313.77090073332727
679.0   329.42107938513163
680.0   335.7540179161264
681.0   342.1309422815867
682.0   354.15118623831347
683.0   353.34695147921764
684.0   365.20396982551716
685.0   374.1822730797463
686.0   383.03186820056635
687.0   392.9940945697518
688.0   393.6712639070248
689.0   404.1217203294779
690.0   417.3345917643122
691.0   417.44937606209567
692.0   433.26442750498285
693.0   449.00055589963335
694.0   442.7627951792949
695.0   456.52831612841214
696.0   448.7119782528619
697.0   443.40906304948743
698.0   469.9973360183923
699.0   467.44253842514524
700.0   465.54961935121645
701.0   458.62474291137823
702.0   466.1634606234958
703.0   459.5362608361364
704.0   462.92671100405437
705.0   472.0039601182095
706.0   465.71021269050055
707.0   461.58021702083124
708.0   454.69310949152066
709.0   461.53898005502356
710.0   444.1064107648815
711.0   440.59644922089353
712.0   437.90542893311977
713.0   434.03275226988126
714.0   426.8547219815157
715.0   425.5810354407979
716.0   426.038597173069
717.0   428.56977278207626
718.0   419.46355093099544
719.0   423.2110714869259
720.0   411.56385335849944
721.0   400.0233709034292
722.0   407.70743247444693
723.0   404.6643482455883
724.0   407.661199210378
725.0   397.96887776742244
726.0   402.7812053823085
727.0   394.4988944617386
728.0   394.47874732340745
729.0   396.1286829767291
730.0   376.175096906553
731.0   384.9856150446713
732.0   397.23143938348414
733.0   397.3321630832795
734.0   395.5608726279105
735.0   387.52419276739863
736.0   376.7802885933371
737.0   378.9666861261221
738.0   392.5938532463624
739.0   375.405320148497
740.0   393.8132943353778
741.0   387.162772119342
742.0   392.2737102733345
743.0   383.02071991257185
744.0   387.7062732432056
745.0   379.8994011380896
746.0   384.4699390469573
747.0   386.63066813267335
748.0   382.45558941645737
749.0   384.0083956730864
750.0   390.50583302355193
751.0   394.02528486447994
752.0   400.16913743055966
753.0   409.58319363173774
754.0   421.87848441138556
755.0   442.56538180434893
756.0   460.1729403871981
757.0   473.37562686767336
758.0   490.33267550674077
759.0   502.5319640904461
760.0   529.1711466630115
761.0   549.2523529042245
762.0   569.7835758468428
763.0   595.482525837228
764.0   607.2570273009637
765.0   622.2141137881338
766.0   634.8119989481496
767.0   642.6693229177649
768.0   670.6982976180417
769.0   659.6702330197063
770.0   666.5498787130678
771.0   673.2988773806826
772.0   679.8315750560688
773.0   663.074634003475
774.0   675.5207072829223
775.0   663.1718707552461
776.0   662.419289511583
777.0   662.6715766344984
778.0   658.4606692178755
779.0   635.2187265427841
780.0   636.724843810566
781.0   622.7663253532933
782.0   617.1583296021578
783.0   596.3272750727211
784.0   589.0542220682186
785.0   563.8438528940326
786.0   555.4112345439154
787.0   544.3724122829803
788.0   537.6375444482749
789.0   518.1907933542103
790.0   509.3053163417164
791.0   493.2445147377615
792.0   486.7879204471406
793.0   473.60787409149
794.0   449.8931761146581
795.0   440.8485167072373
796.0   431.9682134574517
797.0   439.01336343926437
798.0   405.3383105720924
799.0   393.23785194483764
800.0   382.8220812314756
