500.0   45.12182066412342
501.0   51.30389148588776
502.0   45.77558364989133
503.0   51.02748478262504
504.0   48.55736580942582
505.0   50.16012073428175
506.0   44.90707887812894
507.0   46.46902757322161
508.0   41.89751089477943
509.0   41.1514725949109
510.0   43.8399773275674
511.0   39.9050606212881
512.0   45.89715968662259
513.0   49.49785892672327
514.0   42.57850879472349
515.0   43.09757838862001
516.0   39.61051660082046
517.0   43.132613939871135
518.0   41.55062386647833
519.0   44.31959872193809
520.0   39.857925807714594
521.0   43.29145410055088
522.0   44.74739195591903
523.0   42.616854957660394
524.0   49.10942471076078
525.0   49.3058350884819
526.0   49.314849823521854
527.0   51.65993118190059
528.0   55.02152317112589
529.0   56.65547888638409
530.0   62.64323871615491
531.0   57.88737814073016
532.0   62.879553592633044
533.0   62.11595137624144
534.0   64.28223216884325
535.0   67.75133898610378
536.0   69.4051357737284
537.0   75.4001932443104
538.0   75.78382670020235
539.0   80.46551618988047
540.0   81.37186645789228
541.0   77.05891953029251
542.0   91.52039410376995
543.0   87.8441614819028
544.0   78.42064817023774
545.0   79.45583108771157
546.0   80.76815878046216
547.0   75.44703526912483
548.0   75.5972498392668
549.0   75.08999362461802
550.0   71.37139642257318
551.0   70.63068358907148
552.0   69.84625191402876
553.0   67.83168751978809
554.0   66.89583181331375
555.0   59.84595764008742
556.0   63.469088041183625
557.0   61.36726165370868
558.0   66.56303109408674
559.0   67.7035344736592
560.0   60.623252376539114
561.0   60.50832145929388
562.0   59.673128322618425
563.0   61.013700004256634
564.0   63.29419750922963
565.0   57.58429978801519
566.0   69.90072877606775
567.0   65.37336867183427
568.0   65.2987500071442
569.0   67.92008132430112
570.0   75.86176497235257
571.0   72.21790175533417
572.0   76.632854642723
573.0   73.21672716791346
574.0   78.99817960826678
575.0   87.5942458966216
576.0   86.11237422986903
577.0   91.049464998178
578.0   88.61559833397612
579.0   94.49378707673662
580.0   98.17391168444024
581.0   104.99666960254285
582.0   100.09413868666087
583.0   103.53332606922407
584.0   108.23394426368299
585.0   110.76531557743729
586.0   114.97109035039728
587.0   113.47675256502407
588.0   110.35553646748627
589.0   117.79556053671521
590.0   116.63978906382195
591.0   119.02329977785485
592.0   111.75787397066807
593.0   112.65176228380321
594.0   114.70867404870887
595.0   110.27187658382167
596.0   112.46890914452001
597.0   110.65485953070743
598.0   108.19599800285852
599.0   102.46404910636616
600.0   105.52222140415472
601.0   106.07658114290734
602.0   99.58826060057086
603.0   97.65860408082588
604.0   100.5530159102234
605.0   97.30690669629234
606.0   103.02990164855237
607.0   101.9054323064505
608.0   99.07645449605303
609.0   94.41068232138699
610.0   91.49115106477115
611.0   94.10685626307446
612.0   96.94802642159016
613.0   93.55345740265659
614.0   89.16056608774986
615.0   92.639132889808
616.0   97.41288523702067
617.0   100.72712392705441
618.0   98.9545972562697
619.0   102.68272800369505
620.0   102.44292411599687
621.0   106.48169387985607
622.0   108.91064599969695
623.0   109.43827401345726
624.0   119.49072934637954
625.0   122.40931667516617
626.0   128.37060078084542
627.0   127.7472303605391
628.0   135.84036917632477
629.0   136.364094123119
630.0   144.95341653052577
631.0   149.10446038509735
632.0   151.531059919072
633.0   150.7878618464744
634.0   159.98753674272788
635.0   159.58861046079562
636.0   160.92047928815674
637.0   162.45288438291857
638.0   170.91632691372558
639.0   172.85985098734386
640.0   171.54016642134198
641.0   177.96977083830575
642.0   179.06944873530304
643.0   176.69417428473784
644.0   174.2408314711578
645.0   174.92911859188789
646.0   179.20912067197884
647.0   178.81740674572993
648.0   170.47920485435102
649.0   171.7372175447422
650.0   169.86711056290815
651.0   169.45915898935215
652.0   165.6961380540168
653.0   166.90691906446222
654.0   166.5790674596152
655.0   162.3337491138819
656.0   161.59971756475449
657.0   164.50066256097625
658.0   166.82676607476498
659.0   166.710932255995
660.0   166.5141052263235
661.0   162.22379801540671
662.0   166.96985619731498
663.0   167.4992186363295
664.0   166.94835290202778
665.0   170.73855719316745
666.0   165.66858077189937
667.0   172.46014856950305
668.0   168.2043098628726
669.0   173.47312113479796
670.0   178.53355925796762
671.0   182.26458127320788
672.0   190.86012005548903
673.0   191.89022057063846
674.0   189.80863695859523
675.0   194.4757839299381
676.0   197.84213757345628
677.0   204.0054931069459
678.0   196.5288200493391
679.0   211.97318406097264
680.0   214.75387508758993
681.0   220.6189047183186
682.0   227.88411259318534
683.0   224.8255888450947
684.0   235.10430111107814
685.0   242.05635438429738
686.0   251.56653137724564
687.0   252.62068413754554
688.0   250.96224481720307
689.0   261.12436517992626
690.0   266.93842216168855
691.0   269.49474960946804
692.0   278.4008761237459
693.0   289.0363223484162
694.0   285.4772697214721
695.0   296.2660479646314
696.0   291.64473791906744
697.0   283.7208223449974
698.0   303.64608830305383
699.0   301.38379277096055
700.0   300.9013781168628
701.0   298.2637347536921
702.0   304.93585914254584
703.0   298.2376218190982
704.0   298.2933489026864
705.0   305.8019195240716
706.0   302.29093745440014
707.0   295.9062834428797
708.0   296.2148834373524
709.0   298.2273162290718
710.0   289.89898328601925
711.0   286.16457704057245
712.0   284.02626491056833
713.0   280.7914747902813
714.0   277.7676755269032
715.0   274.2855479163453
716.0   276.8173164846976
717.0   278.073954458594
718.0   271.4032470654672
719.0   276.1425498275547
720.0   266.6571146386305
721.0   258.61795010203963
722.0   263.6871054402816
723.0   264.8433369322153
724.0   265.0384899850774
725.0   258.2039897922781
726.0   265.3079344722821
727.0   257.7488556648914
728.0   253.7951866109691
729.0   258.11179411052603
730.0   241.23096717668082
731.0   252.76412870654866
732.0   259.84579694428055
733.0   254.76239303279274
734.0   259.2795967607732
735.0   252.86535581929095
736.0   247.14437646426327
737.0   248.19613273433484
738.0   259.50593032521147
739.0   245.55824860879557
740.0   257.3458629151368
741.0   253.27837566836237
742.0   257.57302715454193
743.0   247.9974170991173
744.0   255.212378316023
745.0   247.6039199764792
746.0   250.05750187558252
747.0   255.71376125205344
748.0   251.20807331549082
749.0   250.34055824479816
750.0   257.4393742101529
751.0   261.2716132334722
752.0   260.15687819343304
753.0   268.9203522841064
754.0   274.4713484510804
755.0   290.01715159569574
756.0   298.39996306349326
757.0   307.7829385080858
758.0   319.6435676873357
759.0   324.00546110518815
760.0   343.048952860236
761.0   356.6680995586329
762.0   372.35169745864266
763.0   380.18934887594634
764.0   392.92963073762246
765.0   404.9967227505679
766.0   413.9376992805777
767.0   416.0172870564521
768.0   431.18227600494913
769.0   421.8524078769507
770.0   429.74414546188007
771.0   435.42328019151483
772.0   436.13179990026856
773.0   430.3901971767601
774.0   433.4408455272227
775.0   428.8256606143706
776.0   425.9560422117086
777.0   430.6256939784911
778.0   426.11334217066985
779.0   406.94034537742345
780.0   409.04783810072854
781.0   401.3772561570778
782.0   397.90100975668383
783.0   381.5933311941269
784.0   377.1663423220007
785.0   361.46192025433953
786.0   359.20008993206216
787.0   349.40652719657044
788.0   342.53989412409794
789.0   326.37160130159725
790.0   323.99277138268536
791.0   315.16758204537655
792.0   307.3846330918546
793.0   300.435882804209
794.0   281.378462731484
795.0   278.5456989058617
796.0   272.84289742384397
797.0   279.6214058165051
798.0   256.4756482767042
799.0   251.22328222446785
800.0   240.94467436590446
