500.0   26.842637216776268
501.0   32.26306482734847
502.0   26.33319553610042
503.0   31.420694605429958
504.0   30.372215045101626
505.0   33.190648108262224
506.0   25.927779223960982
507.0   28.587349203405154
508.0   25.76646658851314
509.0   25.670443598969115
510.0   26.666343291881702
511.0   23.344388839310994
512.0   29.58617529533973
513.0   33.324858169034826
514.0   26.122573394845233
515.0   25.78055451974373
516.0   24.858263770473343
517.0   25.434661290924453
518.0   24.43844471333719
519.0   28.225804598535177
520.0   21.897945909075702
521.0   26.263032507452237
522.0   25.90049892231147
523.0   26.770649406773572
524.0   30.846648626366687
525.0   29.642553092873698
526.0   28.72043262698901
527.0   30.159512974489843
528.0   33.785912440165106
529.0   34.96429884678844
530.0   37.714357192896244
531.0   33.701032342853495
532.0   41.08534379929995
533.0   37.180528404691216
534.0   36.18277072311807
535.0   39.196358936133805
536.0   42.20030646477815
537.0   46.02309551725449
538.0   46.76811728882507
539.0   49.26259734856632
540.0   49.04229441789349
541.0   44.77191300132364
542.0   57.70914290183117
543.0   56.800360242199616
544.0   49.21492432129472
545.0   47.5890834806975
546.0   52.57999924245945
547.0   45.82041045233677
548.0   48.20755994198609
549.0   46.46471330118166
550.0   42.58338004402057
551.0   44.08848560721697
552.0   43.459209575951064
553.0   42.375561484098085
554.0   42.069408553326866
555.0   34.68536706647063
556.0   38.11946749550481
557.0   37.91565828599795
558.0   42.955359843458126
559.0   42.67328596771628
560.0   35.25996905011891
561.0   35.82662590268785
562.0   37.65357970041387
563.0   38.49748768361937
564.0   38.33834467283643
565.0   32.55412587350628
566.0   43.320306411653775
567.0   39.93619695770661
568.0   38.05023490576406
569.0   43.192751359602
570.0   46.68709872448679
571.0   44.22576828831993
572.0   47.744295381864276
573.0   43.03426727426097
574.0   49.06250975357307
575.0   57.337852727845274
576.0   51.41432132236389
577.0   57.12394379489223
578.0   52.95603344310379
579.0   58.21607885453378
580.0   62.83738992460516
581.0   64.73425894755539
582.0   58.65071795076426
583.0   63.469833344337076
584.0   65.03803327760767
585.0   66.48710163300973
586.0   71.42338526316524
587.0   68.4025033679352
588.0   66.37581718554645
589.0   75.22918365256922
590.0   71.17344984812493
591.0   73.38133170324124
592.0   68.43412093952719
593.0   71.04348413638164
594.0   72.84820756506446
595.0   67.88219564291285
596.0   70.53224294042414
597.0   70.4698982274015
598.0   67.69821929492218
599.0   63.26670653930262
600.0   65.81063447672875
601.0   66.03772220275204
602.0   62.6692491974986
603.0   60.84024924170248
604.0   62.61445041020312
605.0   63.50792125351089
606.0   65.5941641897945
607.0   63.69005182450596
608.0   60.39048302081588
609.0   58.901791132818374
610.0   54.506895264850755
611.0   60.11375278013571
612.0   59.7600676246679
613.0   56.062155269030995
614.0   55.6905858019187
615.0   57.7824016243338
616.0   61.0987511935441
617.0   63.85223627977544
618.0   63.55308372025573
619.0   65.09332393216638
620.0   64.44283402999312
621.0   63.85760289504185
622.0   67.21589021293155
623.0   68.32457579666794
624.0   75.73771602870082
625.0   77.03470970652802
626.0   79.43954593826058
627.0   79.5547167258216
628.0   85.23031044124707
629.0   84.89619440938856
630.0   92.2202293496972
631.0   94.55507282138353
632.0   96.55637245088593
633.0   92.03206726210846
634.0   103.59510828411598
635.0   98.45825299974388
636.0   101.45269656679085
637.0   100.77000118113955
638.0   109.05001174355289
639.0   111.87484013115159
640.0   108.14023764029369
641.0   113.18907640137422
642.0   113.22862924258064
643.0   113.4572376035492
644.0   108.42157940016799
645.0   110.29720626740252
646.0   112.10830882709564
647.0   112.32523125355735
648.0   105.5335434777173
649.0   108.79255635440481
650.0   107.33875277048796
651.0   107.44581971218071
652.0   104.106327007771
653.0   105.39771320235769
654.0   105.39409356674565
655.0   101.21936364480715
656.0   102.05513220598186
657.0   106.38185928493334
658.0   107.18222953107471
659.0   107.69304152009627
660.0   105.68770048987241
661.0   100.33740788508351
662.0   104.18760402714128
663.0   108.1285952321955
664.0   104.06225141568231
665.0   106.91455331560641
666.0   101.94765471441974
667.0   108.63573528196392
668.0   105.7518612567942
669.0   110.47140805477909
670.0   115.47624037796055
671.0   116.30465619375147
672.0   121.66782007914068
673.0   123.75218228076454
674.0   122.88930301859932
675.0   121.78478855335871
676.0   128.23118937974482
677.0   130.55340863732374
678.0   124.1347007127176
679.0   136.07705607071017
680.0   137.7388354574492
681.0   140.55082800581718
682.0   143.68188985939557
683.0   141.87831803727514
684.0   150.55328536459842
685.0   153.08776530164585
686.0   160.47826139130402
687.0   162.7249429940719
688.0   161.93975197737504
689.0   165.22826843620913
690.0   170.39041552252877
691.0   171.84210991056094
692.0   180.650419703948
693.0   185.75445607458428
694.0   183.81626583899012
695.0   191.88193568287866
696.0   186.05580061747605
697.0   183.11602031283292
698.0   197.649564785862
699.0   192.2873870598707
700.0   194.09683682342205
701.0   192.65777171094706
702.0   192.3318137239896
703.0   189.83629663200384
704.0   191.22006877781723
705.0   196.49938376310223
706.0   193.0150935949826
707.0   189.3457230260797
708.0   187.81280445044627
709.0   191.84686872352967
710.0   187.40905180546753
711.0   183.15263122789887
712.0   182.7877845468118
713.0   180.42246980267828
714.0   177.6480291113354
715.0   176.79591778192835
716.0   178.8229810129209
717.0   180.1062571568723
718.0   175.36152479463723
719.0   177.07515154265823
720.0   172.3558324745423
721.0   164.76273559621478
722.0   168.47419243092688
723.0   170.56718640054987
724.0   169.69518372626044
725.0   166.60791493416843
726.0   171.64119010547475
727.0   168.44766450437325
728.0   164.5920345837916
729.0   167.677093765065
730.0   154.51403427889053
731.0   163.15280548412574
732.0   170.42458425938966
733.0   166.66494011116052
734.0   165.8262085828029
735.0   162.64930118706346
736.0   159.58274663288162
737.0   160.1581162527987
738.0   167.69422463514715
739.0   160.09259327025063
740.0   166.86971061969376
741.0   165.00005058519386
742.0   167.17267147532536
743.0   161.6846931263394
744.0   167.2722604961297
745.0   159.67168634964062
746.0   161.05092995938398
747.0   164.958970965546
748.0   163.61615488095055
749.0   162.79617922880675
750.0   167.39104985269694
751.0   169.47088629138642
752.0   169.69392949730135
753.0   175.31261489431427
754.0   179.5422160275186
755.0   187.2461895074942
756.0   194.56149687021843
757.0   200.37995457697076
758.0   206.97908463693048
759.0   208.11525342483876
760.0   221.3714020414322
761.0   232.34361883366788
762.0   240.1992317770508
763.0   245.0436540178643
764.0   253.85505553024007
765.0   260.67564131750015
766.0   265.4056388023191
767.0   266.6525482008748
768.0   279.2469700245133
769.0   272.9833683917997
770.0   274.0095254388308
771.0   281.7837061721471
772.0   283.48689598897886
773.0   278.0522146607277
774.0   282.8608430391954
775.0   277.1041346800548
776.0   274.10636742350533
777.0   277.40232716400465
778.0   272.8445390965286
779.0   262.09813015725615
780.0   264.34394175615773
781.0   258.76454185020964
782.0   257.34892772191074
783.0   244.00209404054286
784.0   241.70613484781765
785.0   229.03765198075416
786.0   232.16399375719382
787.0   221.93094478670656
788.0   220.95053161022895
789.0   210.88339883615123
790.0   207.15943402591762
791.0   202.55999368969967
792.0   198.35944120094933
793.0   191.93853429911482
794.0   180.5267269762449
795.0   174.75017171693997
796.0   172.63416515659313
797.0   181.43191930586943
798.0   161.66627774821504
799.0   160.29558075479875
800.0   153.8012284907437
