500.0   13.252160825453473
501.0   17.970463987187884
502.0   13.310289163665175
503.0   19.829866047391988
504.0   17.01715518898129
505.0   19.320594788109844
506.0   12.643197924767634
507.0   14.71965355816468
508.0   12.52128569206755
509.0   13.90653843265656
510.0   15.361661728296042
511.0   11.58838708286541
512.0   18.32960515804308
513.0   21.833617953713315
514.0   16.575094110221897
515.0   16.08594542934088
516.0   11.334202394292447
517.0   14.561256837494454
518.0   13.28010113280564
519.0   16.35542641601947
520.0   11.191642016295873
521.0   14.036567321699806
522.0   10.984511149546648
523.0   14.966975579106276
524.0   17.84947347499397
525.0   17.422898973495307
526.0   15.278776049795226
527.0   15.747807155377842
528.0   19.380031764575023
529.0   19.124673343094855
530.0   22.293058597439995
531.0   16.36280919846152
532.0   22.033357948036326
533.0   17.42034779331013
534.0   17.957246668127198
535.0   19.95596422213751
536.0   20.952711693247096
537.0   24.15200938290485
538.0   23.09227911804598
539.0   24.05484208876061
540.0   23.2754731043714
541.0   23.47891066294224
542.0   33.224379077297584
543.0   32.35606856407202
544.0   23.595168500688573
545.0   24.347777591279566
546.0   26.65382468111997
547.0   22.618444645069445
548.0   26.890145790404375
549.0   24.201349225058408
550.0   22.332522556536105
551.0   22.819573017723513
552.0   22.150409175950728
553.0   22.980077135304953
554.0   22.534784378986046
555.0   14.532006063008254
556.0   18.752647098903225
557.0   18.432564911132346
558.0   21.204231229371402
559.0   23.931852917280793
560.0   17.312860844737514
561.0   16.801422669605955
562.0   19.527846417101784
563.0   19.6799152308823
564.0   17.68761776601164
565.0   12.642296164731619
566.0   22.854102691513475
567.0   19.415690728805487
568.0   19.599946818061966
569.0   20.278878922747822
570.0   26.183733914633677
571.0   20.626249906745528
572.0   25.16943284490202
573.0   19.15641921522692
574.0   23.894267597482838
575.0   30.63433091617415
576.0   25.897695316930566
577.0   31.07042710512866
578.0   26.678239353730106
579.0   28.820141202078474
580.0   33.9504665053162
581.0   34.76596032970534
582.0   29.530739247960298
583.0   32.197715600228776
584.0   34.43818937409503
585.0   33.73576264137694
586.0   38.18331093096015
587.0   36.13631384945526
588.0   31.565336542199645
589.0   38.89194376678171
590.0   37.88734208739223
591.0   38.45197650916597
592.0   33.13220770065547
593.0   35.83819122481711
594.0   37.25840486039766
595.0   34.84883395883597
596.0   37.4788098876966
597.0   38.3567319661737
598.0   34.33502757076269
599.0   31.6705655181772
600.0   35.21618002774787
601.0   37.953552460549275
602.0   34.29661698649687
603.0   28.80372296932009
604.0   33.98323628697807
605.0   33.519980610508156
606.0   34.20344004060894
607.0   33.04496753376887
608.0   29.92426513139648
609.0   30.89273474013376
610.0   25.855507104029556
611.0   29.958268198573023
612.0   29.396820304381635
613.0   30.059826161250214
614.0   27.259543211690215
615.0   29.145883481416178
616.0   30.767915747953026
617.0   35.212263734571195
618.0   34.210233905725005
619.0   35.12682810787538
620.0   33.103845883058966
621.0   33.992455842845686
622.0   36.39413301714589
623.0   33.032631543438015
624.0   39.82201581561716
625.0   41.446900981868225
626.0   41.9363285967743
627.0   41.13385797564868
628.0   46.25211226363177
629.0   44.207530420476616
630.0   49.468428266511296
631.0   51.893062061004855
632.0   51.17819984769406
633.0   48.09297238032184
634.0   54.305105986396285
635.0   51.350576815157496
636.0   52.55034746920134
637.0   49.23077811908888
638.0   58.80774322210087
639.0   59.742872152055725
640.0   55.91569308426281
641.0   57.9789820035659
642.0   60.17267516115331
643.0   60.093033143816655
644.0   59.14682945028753
645.0   60.137749659425054
646.0   59.613183164614156
647.0   60.45968644367608
648.0   53.90139211601368
649.0   57.42422752065863
650.0   57.03171534213638
651.0   57.829943689812126
652.0   52.56604282388787
653.0   54.61330024390088
654.0   56.864791503987675
655.0   53.922598733386764
656.0   52.09436003443744
657.0   56.077894077222396
658.0   58.67056092471063
659.0   58.23281148291761
660.0   57.7221306170907
661.0   54.48762640825581
662.0   55.07248431613661
663.0   57.48021494426919
664.0   54.423461928724464
665.0   54.80122264507841
666.0   52.1989326926448
667.0   58.797443977282654
668.0   55.04817300836987
669.0   58.46563259281257
670.0   60.296255040703585
671.0   61.587527872749234
672.0   67.14724579435398
673.0   71.09520527631722
674.0   66.3524175891825
675.0   65.06364378830528
676.0   71.75622728194818
677.0   73.6811162931887
678.0   63.02334463563142
679.0   73.5738555900997
680.0   73.85905626939254
681.0   73.86657367100631
682.0   77.41568040395939
683.0   74.34042549669161
684.0   80.44573908361707
685.0   80.0529758743454
686.0   87.42815773133563
687.0   86.16910093060011
688.0   85.835853456742
689.0   87.77064400368408
690.0   93.18843443138326
691.0   92.74558686247266
692.0   95.63302111172118
693.0   102.49337032724853
694.0   99.5427781675771
695.0   103.92289818521587
696.0   97.36227621235344
697.0   96.29286268512897
698.0   107.85286778109489
699.0   104.27889522762115
700.0   103.33116444640251
701.0   105.53376647346536
702.0   105.22187681878128
703.0   101.87430299454047
704.0   102.51596135332488
705.0   107.55939270320329
706.0   103.9092310879908
707.0   99.73339086211527
708.0   101.37345382427128
709.0   105.7420045581045
710.0   102.42879598697971
711.0   98.68192590584428
712.0   97.85977693283638
713.0   98.46079573877182
714.0   97.39322701658364
715.0   95.491658933173
716.0   96.91465041129456
717.0   98.446339539267
718.0   97.6702800847813
719.0   96.9581343415143
720.0   95.78009429926016
721.0   86.54767296785906
722.0   91.38740164522451
723.0   92.77794109013138
724.0   95.31653022022323
725.0   91.11526229526476
726.0   97.49985753685311
727.0   90.34437604046386
728.0   89.42961824729912
729.0   88.89408766334893
730.0   85.03802130213248
731.0   88.82307205352339
732.0   94.1240328960723
733.0   90.01010385794942
734.0   91.99529637180916
735.0   87.55518229389489
736.0   88.20787735907552
737.0   88.2080484403676
738.0   95.20485723304975
739.0   87.6674617248309
740.0   89.50023282945426
741.0   88.71619856808016
742.0   90.55934337879572
743.0   88.68144673565186
744.0   94.88024110088557
745.0   84.43522121654209
746.0   90.59264207613163
747.0   91.08590520683876
748.0   88.01300221986168
749.0   89.24186159267651
750.0   92.09258617553309
751.0   96.8068599286213
752.0   94.75673355452838
753.0   93.9838925978417
754.0   95.38216264739586
755.0   102.48434111548443
756.0   106.21719996858224
757.0   108.01210648363048
758.0   111.34056321482737
759.0   111.23757463326396
760.0   120.77774743725428
761.0   126.1425979776653
762.0   129.08568219186864
763.0   130.01197093484893
764.0   139.47385001686786
765.0   141.52925356570512
766.0   143.64994298343268
767.0   142.73265546438287
768.0   149.6150680009304
769.0   143.6422947455143
770.0   143.4166689920515
771.0   149.6725972663042
772.0   153.36709048296328
773.0   147.94561510114994
774.0   150.06477893088672
775.0   147.52132802276245
776.0   148.91090273359066
777.0   148.57780169047086
778.0   145.8844267965027
779.0   139.0378572761782
780.0   140.66160600595376
781.0   138.76781438447543
782.0   138.5351670069601
783.0   126.83338659553377
784.0   129.85309622601622
785.0   119.22051104872367
786.0   122.95098066386609
787.0   118.53854995225981
788.0   119.73041196544295
789.0   106.12309609017916
790.0   107.27297393977454
791.0   107.57806651064746
792.0   103.27183868672847
793.0   102.87000355593219
794.0   91.64494956251224
795.0   89.54851613424853
796.0   92.60980234203853
797.0   96.67825743215985
798.0   85.80221855072708
799.0   86.22458473673666
800.0   78.91625901803417
