500.0   12.57992977240184
501.0   15.897388209878272
502.0   12.250252337088199
503.0   16.39415296656003
504.0   15.496400448101554
505.0   16.55699194124614
506.0   10.16841574212387
507.0   12.940718453720876
508.0   11.389391846680496
509.0   10.568825605112721
510.0   12.95516715200921
511.0   9.378948156931614
512.0   15.658760571226992
513.0   19.380055470182725
514.0   12.568810634344374
515.0   11.706134502182863
516.0   9.26126881683868
517.0   11.51532088427274
518.0   11.0040792710968
519.0   12.94672006991064
520.0   8.01848194865255
521.0   12.003933868336958
522.0   9.623737671051458
523.0   10.636227869687929
524.0   13.359422229979543
525.0   12.774865705011138
526.0   9.864840236820072
527.0   12.192026556250767
528.0   13.650070407856106
529.0   15.439979476221026
530.0   17.678969653632123
531.0   10.845649340436722
532.0   15.365089260990032
533.0   11.35221533566417
534.0   11.389620508879233
535.0   11.943790745441959
536.0   13.350090696750755
537.0   16.431941736563402
538.0   14.81709974988641
539.0   17.0863903498732
540.0   15.418268659491787
541.0   14.514412057332635
542.0   25.896512810525763
543.0   24.587883184998503
544.0   14.574208689880265
545.0   16.263842142301712
546.0   19.04365126274115
547.0   14.114683606744393
548.0   17.846997220057347
549.0   16.547385677869983
550.0   14.11686800245539
551.0   15.684705461098645
552.0   14.80429815437708
553.0   14.578419674475583
554.0   13.373456269922997
555.0   6.509714553922947
556.0   11.60373282749461
557.0   11.496088021011161
558.0   16.237376942977278
559.0   17.609471715014678
560.0   10.51104144441814
561.0   10.666929481705239
562.0   12.931765805302348
563.0   11.3775475371842
564.0   11.654200142056624
565.0   5.055728522415393
566.0   14.501498919017024
567.0   9.417488349556663
568.0   10.650554457409754
569.0   11.577570755101988
570.0   16.72961633506739
571.0   12.53960510372329
572.0   14.766670415135906
573.0   9.662825661661827
574.0   15.02977933690002
575.0   19.884589969730797
576.0   15.342172122246268
577.0   18.176404055898956
578.0   13.94556536231525
579.0   17.4578107399104
580.0   20.610209736591088
581.0   22.35950582941041
582.0   15.100629291475201
583.0   18.673731619096543
584.0   18.932725916894242
585.0   19.654382343810624
586.0   22.444612572409255
587.0   19.83413641707625
588.0   14.42759310155148
589.0   24.871166342366195
590.0   22.54684767239121
591.0   23.09013525497994
592.0   18.513792085141745
593.0   20.420191441323908
594.0   23.38556918524219
595.0   19.2856598476086
596.0   22.55372043399936
597.0   22.89098983071861
598.0   20.044095457450453
599.0   17.43054359019783
600.0   20.37447057342314
601.0   23.58377125221287
602.0   19.514704787994646
603.0   14.946950243828582
604.0   18.201105759884797
605.0   20.472028085857772
606.0   20.2389984126728
607.0   19.710698171305353
608.0   16.681210247904517
609.0   17.489432656700586
610.0   12.624800391509126
611.0   16.773957406118797
612.0   16.679912791182346
613.0   14.794711209495887
614.0   15.030392361083955
615.0   15.596901878333796
616.0   18.01517722891012
617.0   20.569317360676934
618.0   18.475927201240864
619.0   19.928012123563235
620.0   19.244753654538215
621.0   18.0372410044875
622.0   19.793076083553274
623.0   16.375275799831144
624.0   22.778395807324074
625.0   23.44460970196161
626.0   24.497206620500265
627.0   22.552178885815493
628.0   24.777668418691377
629.0   22.644796308099302
630.0   29.27477540112281
631.0   29.100570720860844
632.0   27.934978081184255
633.0   24.939628455820326
634.0   31.56780080332743
635.0   26.89689691007274
636.0   25.12345192261688
637.0   25.590132127743345
638.0   33.50738517198724
639.0   33.206819600117
640.0   27.855518784568915
641.0   32.56467492401603
642.0   32.82050252899754
643.0   34.17671529561758
644.0   31.06836585187324
645.0   33.648605982250075
646.0   32.1651200153552
647.0   33.94031691017352
648.0   25.60868262458777
649.0   29.60370405151093
650.0   31.286763098432203
651.0   30.20398279388138
652.0   27.673249237193858
653.0   30.080380885385466
654.0   29.99102285429177
655.0   28.456264539587238
656.0   26.398581689447752
657.0   29.05404144968861
658.0   33.388788938564346
659.0   30.727518095005365
660.0   29.69803431665443
661.0   28.489719532400102
662.0   31.648691089275417
663.0   32.60725901577956
664.0   28.68194406413957
665.0   25.912809526865487
666.0   24.665674215601
667.0   30.472098016196526
668.0   27.99550708383697
669.0   31.6658841323858
670.0   31.905389259378893
671.0   31.710985446155604
672.0   37.579199549295254
673.0   37.59222058917521
674.0   37.64178505327155
675.0   34.1998398845015
676.0   39.346906235675704
677.0   40.6311393712042
678.0   31.048065398548204
679.0   39.454157348958006
680.0   37.66246888525393
681.0   38.80245529759466
682.0   41.89586375761769
683.0   36.357957176245776
684.0   42.345888738027185
685.0   41.86285956567161
686.0   45.80129211928178
687.0   45.15060197154253
688.0   45.24314706197961
689.0   45.52986615303985
690.0   48.91075398906486
691.0   48.37192511351412
692.0   50.02174241051881
693.0   55.36228424026362
694.0   51.75702686722306
695.0   58.14212604024638
696.0   51.000367530725384
697.0   48.3969332172131
698.0   58.8110921380792
699.0   55.55939992156189
700.0   54.98697420028546
701.0   55.08221980427888
702.0   56.02057885121067
703.0   52.47468166957307
704.0   50.32418690547189
705.0   58.30059747070581
706.0   56.25624581292348
707.0   51.20651253839412
708.0   52.195865696924216
709.0   57.53708301505273
710.0   51.56408500555955
711.0   50.66018601070422
712.0   51.06437146243667
713.0   51.988197167643364
714.0   51.913035999852355
715.0   50.096938403241836
716.0   52.38696005069991
717.0   53.1021403138414
718.0   52.87632975771476
719.0   53.29709422708942
720.0   50.30387096548955
721.0   43.32321884287268
722.0   46.58614776511962
723.0   50.03070014328594
724.0   50.37173280667281
725.0   48.85337662811614
726.0   54.31622147171393
727.0   48.29571274689434
728.0   48.21249390763154
729.0   45.502760598441796
730.0   42.93942201757565
731.0   48.29222387065158
732.0   50.27625588142382
733.0   48.49434382067486
734.0   47.723208744638015
735.0   45.46489915953612
736.0   48.3621551380362
737.0   47.10796592514163
738.0   53.298439332225
739.0   46.1204411906773
740.0   48.5826199923477
741.0   49.3838926941622
742.0   47.30243060195167
743.0   46.311192953014114
744.0   53.6323555587621
745.0   45.28888423829051
746.0   48.53705980714071
747.0   48.0884931655643
748.0   45.344625999224576
749.0   45.26787055554266
750.0   50.71644208795183
751.0   52.741849150835264
752.0   52.066999165854355
753.0   51.73945908014241
754.0   50.761537293202565
755.0   55.928622677698485
756.0   57.79699270937479
757.0   58.80996235084638
758.0   57.427676003759046
759.0   56.181687237367726
760.0   66.8098513934604
761.0   66.63122272668892
762.0   68.87119175932793
763.0   68.68118836383996
764.0   72.66340182462056
765.0   74.2497669635872
766.0   77.6735490272558
767.0   74.99609531585614
768.0   77.76185059739666
769.0   74.15702063203045
770.0   71.27745270306363
771.0   77.9462020577518
772.0   80.65991464231084
773.0   78.61501377351124
774.0   80.25742144361206
775.0   80.60669084268292
776.0   78.56161290923382
777.0   80.03427150777472
778.0   76.95014687311968
779.0   71.14970338051037
780.0   75.02094464308729
781.0   73.7690245286814
782.0   75.73737921898467
783.0   68.02571155304369
784.0   71.0138389439656
785.0   60.10895712718019
786.0   65.58291342940728
787.0   61.22849041310752
788.0   65.70065728090844
789.0   53.521008904889754
790.0   54.67016783969339
791.0   56.95780053585824
792.0   53.374054468405006
793.0   54.18677613617021
794.0   45.0487385448898
795.0   47.21554184135829
796.0   47.74520340178222
797.0   53.306648716800794
798.0   45.36315205806187
799.0   48.33265813942913
800.0   42.18606289705511
