500.0   15.471820872108395
501.0   20.37079612215095
502.0   16.919423406213355
503.0   21.111670828573978
504.0   18.536894871087867
505.0   21.08628617619712
506.0   14.839599903925091
507.0   16.41996799450422
508.0   14.562920405961734
509.0   14.435597483135894
510.0   15.773766767503332
511.0   11.640048283599043
512.0   17.69717685798389
513.0   21.627311554274456
514.0   16.26412825048635
515.0   15.2895035718131
516.0   11.869578505345231
517.0   14.056449854266617
518.0   12.650972261320987
519.0   16.278684471704906
520.0   10.956860780027
521.0   14.500178483343404
522.0   9.95048566732109
523.0   11.631487106736444
524.0   16.06301202943405
525.0   14.155258092437009
526.0   12.529252246441786
527.0   12.54636719466123
528.0   14.790395213324217
529.0   15.496844783974382
530.0   19.68727611574127
531.0   12.259471980027229
532.0   16.220312337574427
533.0   13.73106697762205
534.0   10.910328630313245
535.0   13.437588593290656
536.0   14.273618506514481
537.0   17.925662254425674
538.0   15.611343942574393
539.0   16.75162099624265
540.0   15.692750218777746
541.0   14.357644810997499
542.0   25.818500507601414
543.0   26.8563251009426
544.0   17.124847596925605
545.0   16.879227809386208
546.0   20.43646024644596
547.0   14.232788316876537
548.0   17.286685297191468
549.0   18.105057478955274
550.0   14.786366690645139
551.0   15.894877667980097
552.0   14.073465571585842
553.0   13.70383189485591
554.0   15.05297409868382
555.0   7.485867917088882
556.0   10.806788592238576
557.0   10.508884426992893
558.0   14.744058531621846
559.0   15.576569438697874
560.0   9.784003074468501
561.0   8.008505704093324
562.0   10.488893906251576
563.0   11.928540587374385
564.0   9.84214463729623
565.0   5.1442441301897475
566.0   12.88289424104451
567.0   10.286834915526384
568.0   8.701155925231063
569.0   10.602787549573577
570.0   12.338861689728247
571.0   8.500170155784218
572.0   14.313174329504648
573.0   8.778861108591826
574.0   12.679593614231806
575.0   17.901047304166582
576.0   12.968503073735121
577.0   15.973707617904012
578.0   10.387723001081213
579.0   14.323149589225409
580.0   16.661075212685745
581.0   17.248152870697652
582.0   11.306659981463724
583.0   13.626699025625953
584.0   14.430326079302262
585.0   14.846437937192434
586.0   17.65269701242383
587.0   15.568576063611886
588.0   11.391987022047545
589.0   19.933470894894015
590.0   17.762781333430524
591.0   18.865813539109695
592.0   13.10716125734507
593.0   14.878204642630209
594.0   17.97732252964397
595.0   15.35231518904152
596.0   17.631817802710657
597.0   18.136782028339724
598.0   14.57673881089761
599.0   12.626242168651828
600.0   15.99785030586338
601.0   17.722226023820156
602.0   15.195235201616043
603.0   10.146699133257641
604.0   14.72660852545323
605.0   14.16770713864554
606.0   15.552755489893485
607.0   12.665051874634372
608.0   11.80164876269788
609.0   11.37199889866244
610.0   7.018860414096707
611.0   10.669299480240028
612.0   10.141937261532377
613.0   9.374494103028184
614.0   9.304561960430732
615.0   10.541165812248664
616.0   11.137752465649925
617.0   13.453519834948167
618.0   12.321283485837398
619.0   15.552996137752928
620.0   14.017159059605461
621.0   10.83800339546056
622.0   12.634010237897996
623.0   8.37627013457083
624.0   15.055536091982248
625.0   16.224213948658047
626.0   15.464076518180804
627.0   13.520570662382966
628.0   16.205844176351945
629.0   14.98840107434549
630.0   20.029793259517078
631.0   19.423841577708714
632.0   19.01622322008413
633.0   15.678152516022351
634.0   20.84977418065543
635.0   14.639597440284973
636.0   15.100354507993302
637.0   12.952710851506168
638.0   22.724412716102506
639.0   19.744407828633143
640.0   16.56799202154437
641.0   20.212715463202585
642.0   21.322197062684694
643.0   21.16647848017601
644.0   18.82129520540937
645.0   19.692287589242426
646.0   21.434265070030875
647.0   21.984281393176786
648.0   13.991396868045769
649.0   17.03803940709318
650.0   17.738571648390064
651.0   17.87470181247292
652.0   13.96038500251953
653.0   16.96156396093295
654.0   17.762450357150726
655.0   14.451578827436862
656.0   15.004438874754555
657.0   17.58308199228952
658.0   21.024358992177298
659.0   19.539415010152794
660.0   17.74470567982459
661.0   14.976605691497639
662.0   17.81442403366185
663.0   19.574599412006194
664.0   13.909320477853072
665.0   14.134932325917305
666.0   11.419160794259852
667.0   17.72869584574582
668.0   15.318440067059754
669.0   16.527013107202606
670.0   17.19340491911288
671.0   15.734145369357435
672.0   20.48671375089353
673.0   23.938200398396845
674.0   20.44978806175442
675.0   17.71688327273253
676.0   22.07602775653649
677.0   23.161283004268995
678.0   13.09267746501996
679.0   21.11827123427551
680.0   20.838910690523335
681.0   18.342443884865247
682.0   22.514153621792957
683.0   17.84120710965246
684.0   22.995477787924898
685.0   22.27273627467838
686.0   25.326092752529036
687.0   24.238148748624127
688.0   21.59519152172186
689.0   23.804299688570723
690.0   24.05286747014003
691.0   24.54387171199363
692.0   24.461450321948973
693.0   29.1527545566434
694.0   26.64344157550977
695.0   29.21803850410427
696.0   25.68371676028073
697.0   23.60957147681492
698.0   31.739943744832345
699.0   26.83641504887126
700.0   27.24686760047325
701.0   31.367383269365945
702.0   27.739267208775942
703.0   26.97056566620151
704.0   26.253973027024756
705.0   30.935071093547435
706.0   28.11407004413894
707.0   24.882465774839773
708.0   25.576802500574132
709.0   30.862876504712744
710.0   26.91050240973243
711.0   24.53680725155027
712.0   23.334460486579985
713.0   24.67800470731771
714.0   25.110047801551843
715.0   24.203215337246007
716.0   27.238661603296663
717.0   28.07915849602199
718.0   28.472032816474012
719.0   27.0247053954119
720.0   27.013512133189067
721.0   18.787864390496196
722.0   20.864224561069562
723.0   26.708698668312707
724.0   24.92973817107645
725.0   22.2075457034409
726.0   30.077127558504145
727.0   24.795850084422653
728.0   23.072960715721678
729.0   22.800962610149384
730.0   19.24510929073162
731.0   25.188623771960238
732.0   24.415070062240005
733.0   23.624803932927648
734.0   23.463335852633065
735.0   23.009212099446415
736.0   23.965384089392785
737.0   22.50788711829236
738.0   29.18326197516842
739.0   21.44069449051679
740.0   22.488472308743326
741.0   23.292989151247582
742.0   21.840941799788567
743.0   20.021054704497033
744.0   25.881519639959663
745.0   21.201462062852073
746.0   22.890344462922627
747.0   22.300330279720413
748.0   21.898311314881994
749.0   19.787337611036605
750.0   25.417075951692567
751.0   27.75266653905254
752.0   23.706982930669398
753.0   25.24615534197642
754.0   24.395796873981084
755.0   28.56915270152328
756.0   27.798191338028175
757.0   29.565595977920623
758.0   24.63432906263907
759.0   24.640022661579422
760.0   32.1320140061851
761.0   31.173401423459296
762.0   32.459340492953515
763.0   31.399131203009404
764.0   33.67458457331847
765.0   34.99092082135593
766.0   33.358512591857334
767.0   35.115139175430016
768.0   34.57389429823212
769.0   32.20832334447141
770.0   28.32152182611358
771.0   34.02794599911232
772.0   35.774412462614094
773.0   35.159462401407126
774.0   36.29156207422659
775.0   35.27008406063729
776.0   34.38975118627178
777.0   36.94195986150544
778.0   35.47425862427738
779.0   30.095099349780554
780.0   35.49787247536935
781.0   34.36205482496598
782.0   36.50549698482766
783.0   29.356246655439662
784.0   33.78455795938663
785.0   24.481621067613418
786.0   30.513667744437413
787.0   26.79284958591012
788.0   31.07125384269861
789.0   18.70344681502499
790.0   22.295282162119207
791.0   26.760811492085992
792.0   25.96961019562181
793.0   26.150185697415566
794.0   18.17808982436216
795.0   19.02120094548343
796.0   19.623448533532496
797.0   25.391982483872738
798.0   18.520668362821795
799.0   24.024263106114887
800.0   17.690275394893405
