500.0   26.188640171059802
501.0   30.384248413357938
502.0   26.287923081207282
503.0   29.931323016717357
504.0   28.125320638913678
505.0   30.580626912506546
506.0   22.931029776089446
507.0   25.846410849713664
508.0   21.32916638561838
509.0   21.016957772219968
510.0   22.86849304357736
511.0   18.75334608628347
512.0   25.417661686573695
513.0   29.53095342600318
514.0   22.472808922760265
515.0   21.413652597751025
516.0   18.710155715274198
517.0   21.668350199513327
518.0   19.97591207983561
519.0   20.955900602188166
520.0   15.390539397605295
521.0   20.644211896446166
522.0   16.09788559702301
523.0   18.249154347667513
524.0   22.863107917809373
525.0   20.314560042540847
526.0   18.55143235634219
527.0   18.30689840557207
528.0   21.37654090879016
529.0   22.81835695604414
530.0   25.118174488266533
531.0   19.765452306953136
532.0   24.16534112368734
533.0   20.273216736043963
534.0   19.503105581416406
535.0   20.499073975077664
536.0   21.12203250027025
537.0   26.51396683114416
538.0   25.518349819018766
539.0   27.436401706013214
540.0   24.594627194399806
541.0   22.83108283731181
542.0   36.012581584063895
543.0   34.540509106368745
544.0   24.42833052488365
545.0   22.884053167277756
546.0   28.047013204917135
547.0   22.252560006522145
548.0   25.378931913401686
549.0   22.107556798634732
550.0   20.123808796155117
551.0   22.22678908962402
552.0   20.023116808112945
553.0   20.03661772565215
554.0   20.084407922691753
555.0   13.226062391345067
556.0   16.548895325175437
557.0   16.13953862551074
558.0   20.195165366983645
559.0   21.690600316524126
560.0   13.971191535936214
561.0   13.883475486902427
562.0   14.824111137907408
563.0   14.964490616218313
564.0   13.52172786353134
565.0   8.268894724702363
566.0   18.545286308972578
567.0   13.88185514648589
568.0   14.150150229749471
569.0   14.701345759939073
570.0   17.873595801338183
571.0   14.43618240351745
572.0   18.54701607388691
573.0   12.288773127369723
574.0   17.77381790097769
575.0   22.252643157051978
576.0   17.589300790859596
577.0   20.727420140249876
578.0   14.621924170121787
579.0   19.519178281007783
580.0   21.597910239033155
581.0   22.177430298139342
582.0   16.26943165929083
583.0   19.802179853980135
584.0   21.48505985337553
585.0   20.186156186766624
586.0   22.144825878017087
587.0   20.982396060729542
588.0   17.318990464647356
589.0   24.355746652133178
590.0   21.777716722960434
591.0   23.378853215890047
592.0   18.753233005325058
593.0   19.585598499520557
594.0   22.119054254865063
595.0   18.39607595062455
596.0   21.757254156367992
597.0   22.898779916974064
598.0   19.32460992557381
599.0   16.684108769245967
600.0   19.804230545215376
601.0   23.136187857698957
602.0   19.29730979706048
603.0   12.365564999327916
604.0   18.303591174698738
605.0   18.36008122417897
606.0   18.772226699640242
607.0   16.548423274360488
608.0   14.45019578621185
609.0   15.333103376640736
610.0   11.15691589560393
611.0   13.318150576532418
612.0   14.71437737878847
613.0   12.814797119087416
614.0   12.06998627927814
615.0   13.19256100562356
616.0   14.836319928269234
617.0   17.165042870478885
618.0   15.108462808111739
619.0   16.69696146272497
620.0   13.551650457338155
621.0   13.57550521670808
622.0   14.826345315558768
623.0   10.50325896735228
624.0   18.04468549822508
625.0   17.671359923312593
626.0   18.779459001633057
627.0   16.0013050498942
628.0   18.29494277863779
629.0   15.946689009429576
630.0   21.32553392178795
631.0   21.355120518596237
632.0   20.34013537174087
633.0   16.6576919698102
634.0   24.007347098544557
635.0   18.577668912657543
636.0   17.94993707607921
637.0   16.059333709307708
638.0   24.65171527292668
639.0   22.409088437150757
640.0   19.718158959311637
641.0   22.420795201623378
642.0   23.49186013453283
643.0   23.985025335491628
644.0   19.60423624186373
645.0   22.50380094517368
646.0   21.255233668953224
647.0   24.24894511766101
648.0   15.683268134622296
649.0   20.32745078276065
650.0   20.119305513883262
651.0   19.644339151669925
652.0   15.981032113250421
653.0   17.453183931341357
654.0   18.328986012079383
655.0   16.427846606171016
656.0   14.816968538699996
657.0   17.92883092245097
658.0   20.8358225290296
659.0   20.213017840326245
660.0   17.96560574130342
661.0   15.966921130613542
662.0   18.54898962710496
663.0   18.969539039363866
664.0   14.72258119790672
665.0   13.841515785093549
666.0   11.759411838592882
667.0   17.321157822952927
668.0   15.167378388771056
669.0   16.796666714274693
670.0   17.064304946397044
671.0   16.83481379949697
672.0   22.00413998814298
673.0   23.07683750159009
674.0   22.273654584586495
675.0   15.143884189973392
676.0   22.665089811987883
677.0   21.68760456209236
678.0   11.717778272399045
679.0   22.45353082800301
680.0   19.920988950362386
681.0   18.700580346443047
682.0   21.92423543619816
683.0   16.478380570205672
684.0   21.449309944413756
685.0   19.48435538988565
686.0   25.414065144804226
687.0   23.803185354707182
688.0   19.79743125494349
689.0   20.535398322852387
690.0   22.98693271834469
691.0   21.799102503329863
692.0   23.489524352668383
693.0   28.570364336812617
694.0   25.74852255724025
695.0   27.594994546943155
696.0   23.624297767043316
697.0   21.465182728598478
698.0   29.180940335566447
699.0   22.871971591535896
700.0   24.56629938676204
701.0   27.6688826128171
702.0   24.3334688247011
703.0   24.216444341354617
704.0   22.542510758906985
705.0   27.57394738422039
706.0   26.24084447367403
707.0   22.19129292306809
708.0   21.626463192315242
709.0   26.24711416190209
710.0   24.0463120643264
711.0   22.02754274009186
712.0   21.415563885669258
713.0   21.578242331054042
714.0   20.88925242331078
715.0   21.452256034227815
716.0   23.278790222447554
717.0   25.519713091546436
718.0   24.96732596382131
719.0   22.77071988115594
720.0   23.740879810334036
721.0   14.56868805572637
722.0   19.171442699989854
723.0   21.413534811620536
724.0   20.419090384281276
725.0   20.38755859033651
726.0   26.963072660946267
727.0   18.491324142425583
728.0   19.914423637309795
729.0   17.460399659427253
730.0   14.974467857242871
731.0   19.202486206583814
732.0   21.499434214633624
733.0   18.833800321337634
734.0   20.155272975495535
735.0   18.2218468578682
736.0   21.037613461665444
737.0   18.274384623564572
738.0   24.37121567959386
739.0   17.775350110745933
740.0   18.114067566161168
741.0   19.74724189577941
742.0   16.54664039113956
743.0   14.669112081501567
744.0   20.52532558460649
745.0   14.308114273929931
746.0   17.558343421265562
747.0   18.209446619316594
748.0   16.050207031036166
749.0   16.645298418901405
750.0   21.31628319937181
751.0   22.24098148984919
752.0   21.65668012048667
753.0   20.856577103092263
754.0   19.030706944010575
755.0   23.254892681261452
756.0   22.2516584475664
757.0   22.404642644223998
758.0   18.572221884421197
759.0   18.067338309633357
760.0   24.5795767621739
761.0   24.668489636546298
762.0   25.96083890295776
763.0   23.8999096582115
764.0   25.91824554513198
765.0   27.147555540841296
766.0   25.436690403887354
767.0   25.377744337086682
768.0   25.236345654157645
769.0   22.525187204177683
770.0   18.56767250697183
771.0   24.05535369961342
772.0   26.652943119424975
773.0   25.434977645306503
774.0   25.59904267256627
775.0   26.194312247051812
776.0   24.306854236504904
777.0   27.16604160732632
778.0   25.814025852260897
779.0   21.25419038216856
780.0   25.705417765274717
781.0   25.676654804933378
782.0   27.501747682976855
783.0   21.386311546266228
784.0   24.527826370876
785.0   16.91454836750563
786.0   22.198283504119274
787.0   20.380037332784838
788.0   24.0304762756777
789.0   14.365350288257815
790.0   16.29684943327848
791.0   20.079291749043904
792.0   17.957533984197482
793.0   18.797013918413597
794.0   12.791477545332839
795.0   12.999181387432571
796.0   14.312520138465402
797.0   20.836915997158115
798.0   13.236554083399284
799.0   18.54829462954811
800.0   13.753439714665546
