500.0   40.6097131664319
501.0   43.279321036374256
502.0   39.39298595121869
503.0   44.94987746046539
504.0   44.22486567787493
505.0   42.80175376222192
506.0   35.94298769423108
507.0   38.5088439791769
508.0   34.15833104699638
509.0   33.08189224280545
510.0   35.25214274287242
511.0   29.503404122470897
512.0   34.652868750839616
513.0   39.954556297463995
514.0   31.79331494452427
515.0   30.82231541094106
516.0   28.662135846705695
517.0   31.4720051280145
518.0   29.528283300147677
519.0   31.880439968686403
520.0   23.0685499554327
521.0   31.48200008057148
522.0   27.719347308852434
523.0   28.257262757531095
524.0   32.2246648865744
525.0   31.011450636945824
526.0   29.21588548481725
527.0   30.852743785504003
528.0   33.65707529477211
529.0   34.86711591306471
530.0   38.370526791093994
531.0   32.37166760190445
532.0   37.18697620069938
533.0   34.63370580654086
534.0   34.91885139503532
535.0   36.70436990583218
536.0   38.162405892439835
537.0   40.50375580598245
538.0   40.7437488362593
539.0   42.693560195228656
540.0   40.62347296687054
541.0   37.78212333947624
542.0   50.088743445143024
543.0   47.82037239510092
544.0   40.09434634618012
545.0   39.28483243356942
546.0   42.16237135041109
547.0   35.6083721508428
548.0   37.509955867162176
549.0   35.98775178698014
550.0   34.1808107881744
551.0   34.44668638179198
552.0   31.71655937548053
553.0   31.553507434948955
554.0   30.839517398478023
555.0   23.95521817751188
556.0   27.582638563306006
557.0   25.90939157340989
558.0   31.276261349114435
559.0   31.269631959304235
560.0   24.981046877672554
561.0   24.375826514179266
562.0   25.560037560579218
563.0   25.39540644451648
564.0   24.56404046219629
565.0   18.237741555650814
566.0   28.011492885191217
567.0   23.05439953710055
568.0   24.39936550227455
569.0   25.019026342776442
570.0   29.746895795649124
571.0   24.262319923635374
572.0   27.73580625975069
573.0   23.316795851133065
574.0   27.47592879060562
575.0   34.23883647924873
576.0   29.304845465727368
577.0   33.63967324128623
578.0   28.488936439042504
579.0   32.68893803034808
580.0   34.24692006999925
581.0   36.32981324187813
582.0   30.474991229933806
583.0   33.475790343855465
584.0   34.52258616232223
585.0   34.07452049726575
586.0   36.15800789021523
587.0   35.661864112331074
588.0   31.395036135549987
589.0   40.03243607917514
590.0   35.76914543791116
591.0   38.554204819566706
592.0   32.887805021609125
593.0   34.12882497811319
594.0   36.21383285647684
595.0   31.990331379975032
596.0   33.359454482584056
597.0   36.0359444159115
598.0   30.582375039015233
599.0   29.04378068746135
600.0   32.36259997514486
601.0   33.171420559761145
602.0   30.01219192285251
603.0   23.477609421284853
604.0   27.7709262127521
605.0   28.170390740278464
606.0   29.226730472379643
607.0   27.452609994271455
608.0   25.961124705544023
609.0   24.413953740130268
610.0   21.80315537655997
611.0   24.480028610612578
612.0   23.676637989494992
613.0   21.21619810310682
614.0   21.66934471634943
615.0   22.202764992630478
616.0   24.91375747497105
617.0   26.72174274065955
618.0   24.469121948478488
619.0   26.325730153231945
620.0   24.67138892607963
621.0   24.979407593292734
622.0   25.0551174050795
623.0   22.6483573743549
624.0   29.19175089797409
625.0   28.56456301717668
626.0   29.160176604280366
627.0   27.18731605702476
628.0   30.25238448983569
629.0   28.24328699931351
630.0   32.72670005308814
631.0   36.08524315337496
632.0   33.88501581028544
633.0   29.834687299001388
634.0   34.63316640613749
635.0   31.850828481695316
636.0   30.60755252889018
637.0   28.927055612527738
638.0   38.80171150546707
639.0   36.62604331664534
640.0   32.9305161659058
641.0   37.00673598295489
642.0   38.19712293231797
643.0   36.59088978678116
644.0   33.05781572068912
645.0   35.907906496591295
646.0   34.60094355874827
647.0   36.78279529965869
648.0   29.62268317702504
649.0   32.96338165307611
650.0   32.703310526745355
651.0   32.56879257538145
652.0   29.134047032958307
653.0   30.336391676726777
654.0   32.061497225326406
655.0   28.80204114485724
656.0   26.79679693169328
657.0   29.425906046299474
658.0   32.74575661334737
659.0   32.1748180314998
660.0   30.659909077899755
661.0   28.001426966378915
662.0   29.46412137566449
663.0   31.18279794354106
664.0   25.075936678629574
665.0   24.493921740899907
666.0   23.910535075879324
667.0   30.225220723692246
668.0   27.28916603582809
669.0   29.985163276063872
670.0   30.606045058788226
671.0   30.787330249468226
672.0   32.39089401382748
673.0   35.155247145526545
674.0   33.0274701259315
675.0   29.891481974179328
676.0   32.91627500233204
677.0   34.87276808344723
678.0   24.825436076747792
679.0   34.75966622554421
680.0   32.33470208453062
681.0   30.742432587077644
682.0   36.73341959410726
683.0   30.216793621030746
684.0   37.20006040752247
685.0   33.04919960992842
686.0   39.27520509567012
687.0   36.726541608891694
688.0   33.86073293799424
689.0   36.747316896296184
690.0   38.41511376525739
691.0   36.50671695443182
692.0   39.99574764240566
693.0   43.39755366099993
694.0   39.41144291489212
695.0   44.40234290184327
696.0   40.037879071674865
697.0   36.42835670058619
698.0   44.98909525529007
699.0   40.68412548855207
700.0   40.86861178607268
701.0   43.92364203707288
702.0   40.12434924817106
703.0   40.56696012162331
704.0   37.93531279822275
705.0   41.5923087315241
706.0   41.07908920164823
707.0   38.49970081086602
708.0   37.8511825698709
709.0   41.28126565470859
710.0   38.0925247077266
711.0   35.35043769546982
712.0   35.74568722050452
713.0   35.67806310486225
714.0   34.52896254490011
715.0   34.4860235747183
716.0   38.01397698487179
717.0   36.138460231469764
718.0   38.02199035237564
719.0   36.43558668113528
720.0   33.891004531239275
721.0   26.898448070088875
722.0   30.11284966152266
723.0   32.495282170466936
724.0   31.22563082448039
725.0   31.56695172362967
726.0   36.69487318358338
727.0   30.644641280532824
728.0   29.559410519186116
729.0   29.99973575056967
730.0   24.469609310432702
731.0   29.92375633334396
732.0   31.662478996487522
733.0   29.832700651992923
734.0   31.408536084473297
735.0   28.83590161476363
736.0   29.296961246041093
737.0   28.328362705424155
738.0   34.188572882273064
739.0   26.93203030519851
740.0   27.50093576689534
741.0   28.473849923295205
742.0   26.71420673662041
743.0   24.40287597405282
744.0   30.2370119887145
745.0   23.726667703664702
746.0   27.39921592284645
747.0   26.883821206876718
748.0   25.105378257939805
749.0   25.75310960884829
750.0   31.05322309083877
751.0   32.72158369971544
752.0   29.4975775372493
753.0   30.34217390275785
754.0   29.901309296678647
755.0   33.72492302714426
756.0   35.314271844753364
757.0   34.31857054647887
758.0   31.18609378186926
759.0   29.268990507083544
760.0   37.99096092049311
761.0   36.810567619447596
762.0   38.07663512825792
763.0   37.35357920830435
764.0   38.77181237003617
765.0   39.629362229986356
766.0   39.270478301683994
767.0   38.87461585558799
768.0   38.89342491968006
769.0   35.363142945547395
770.0   34.15821094121449
771.0   37.511921012412415
772.0   40.32123183625902
773.0   40.8213672677021
774.0   39.81500417365231
775.0   41.0604268770478
776.0   39.73886380618029
777.0   40.322049799926475
778.0   38.78873445641719
779.0   34.995932783975064
780.0   40.74835655758403
781.0   38.38989878619705
782.0   39.080153487466134
783.0   33.39739988422386
784.0   35.77474458440642
785.0   28.447833027040133
786.0   33.783935564960444
787.0   31.36233747079001
788.0   34.475460082965185
789.0   24.536976053013802
790.0   26.05371386339118
791.0   29.92616359406216
792.0   28.31979576222605
793.0   28.66648456495315
794.0   20.44727514216413
795.0   22.264078705661433
796.0   24.261069075168223
797.0   28.791142090801486
798.0   21.343905853832496
799.0   26.342651055116875
800.0   21.430763835666397
