500.0   58.71727129531047
501.0   61.303701732180826
502.0   56.798109879314325
503.0   60.38203653555149
504.0   59.23028747224808
505.0   58.89800835459599
506.0   51.140260351598215
507.0   52.97189861367531
508.0   48.08800321074261
509.0   46.845780815691285
510.0   48.33347403671638
511.0   42.808449998177
512.0   48.10196788112074
513.0   51.14340132969434
514.0   43.86417123079147
515.0   43.30500790801614
516.0   40.89278301203532
517.0   43.446334040245745
518.0   40.883039926563214
519.0   43.39382615344533
520.0   38.28665136822903
521.0   41.69523753559005
522.0   40.28111511999688
523.0   40.74432551644492
524.0   45.349389065398185
525.0   43.531191878296255
526.0   44.60074588189275
527.0   45.95910906499486
528.0   46.95932433656233
529.0   49.3092141570489
530.0   51.894549615996084
531.0   48.4684735582434
532.0   53.977594655333974
533.0   50.388597039320956
534.0   50.96730514632654
535.0   53.32593556936129
536.0   56.07399459075708
537.0   58.148001084472924
538.0   57.55353059455064
539.0   62.93057407827018
540.0   60.76280861253562
541.0   57.764781145560875
542.0   70.7137603118893
543.0   66.72371070939579
544.0   57.849352672158915
545.0   56.53301806055626
546.0   59.66145028468367
547.0   53.474652891052926
548.0   54.75495497475424
549.0   52.3351600672257
550.0   48.93590071630311
551.0   49.969609340099964
552.0   46.72369105043202
553.0   46.73061323888501
554.0   46.24276364400001
555.0   36.99955512041001
556.0   41.8718036954815
557.0   39.133346370168056
558.0   43.343641102564874
559.0   43.53292629218501
560.0   36.9495037946663
561.0   36.08679773037218
562.0   37.934332591824585
563.0   36.49911684606175
564.0   36.453450502565744
565.0   30.60363253662871
566.0   41.39593500473637
567.0   37.157448714422884
568.0   36.44989189156331
569.0   38.2091364316949
570.0   43.20206953904179
571.0   39.235838456507025
572.0   43.020163606318334
573.0   38.01626004418935
574.0   42.25382108574331
575.0   48.61505039320443
576.0   44.78851276004838
577.0   47.510257298525744
578.0   45.442183719918546
579.0   50.34678735974376
580.0   52.00836091993267
581.0   53.99929140169252
582.0   49.39460677140349
583.0   52.45210868091709
584.0   53.29110732304878
585.0   54.29864623049636
586.0   55.56498214406304
587.0   55.64664598584187
588.0   51.47785568649442
589.0   58.82298682502102
590.0   55.97529740634167
591.0   57.58439158523987
592.0   50.73395152748495
593.0   52.80000230736326
594.0   54.5661223913624
595.0   50.957599834331745
596.0   51.83869722804576
597.0   50.830517083525706
598.0   48.14412993288161
599.0   44.54097780920836
600.0   48.420023111403566
601.0   48.50823296378138
602.0   45.02852446193927
603.0   39.566300243175846
604.0   42.20117949051314
605.0   42.765610982623855
606.0   45.469914373959455
607.0   42.78095182247719
608.0   40.17834507075705
609.0   37.89135530866844
610.0   34.78745427164449
611.0   37.62240066945151
612.0   39.99073532659989
613.0   35.74404131506469
614.0   34.75694762609703
615.0   35.78423617240557
616.0   37.3064796187667
617.0   40.05862058767684
618.0   39.03325789779015
619.0   40.17901965071917
620.0   39.26903132881293
621.0   38.14842277711821
622.0   40.30717077400118
623.0   37.56237300720488
624.0   42.15088383648501
625.0   44.17022004318534
626.0   46.25322252589507
627.0   44.300122735741695
628.0   47.80209328308547
629.0   48.8399698213216
630.0   52.324226052888235
631.0   52.61312964301354
632.0   51.96805891274687
633.0   50.24130293819687
634.0   55.203830040114525
635.0   51.107512011604825
636.0   51.717396094315745
637.0   50.75951739773993
638.0   59.04387609977624
639.0   58.05386364703227
640.0   53.63897127617926
641.0   57.11916977859792
642.0   57.9257220630364
643.0   58.16824479568237
644.0   55.09423863099914
645.0   57.11245484858736
646.0   56.23809060344274
647.0   57.02855168968739
648.0   49.77271887104564
649.0   53.961354644553495
650.0   52.589700288776555
651.0   51.45300434807382
652.0   48.00937684326135
653.0   49.339071889103536
654.0   50.61819564082347
655.0   47.38817015626012
656.0   46.69497494658128
657.0   48.91907414005337
658.0   49.03715072095295
659.0   50.24675105410037
660.0   48.90088878997352
661.0   46.47332364418827
662.0   47.39339114668218
663.0   48.210103591599534
664.0   44.46743690290785
665.0   44.75414741292056
666.0   40.270111924428534
667.0   47.69201875995947
668.0   43.70234383826465
669.0   46.77975388198675
670.0   48.3088705442139
671.0   48.82498978437596
672.0   53.86847346085983
673.0   53.45442436856479
674.0   51.452070913550415
675.0   50.03850251978554
676.0   53.979725929858034
677.0   54.518637781375304
678.0   45.08832415203878
679.0   56.62465965493328
680.0   54.29570141570346
681.0   51.777573790777495
682.0   58.75037221663246
683.0   52.7355277617562
684.0   57.94603941842513
685.0   57.54485785467054
686.0   63.4771499521828
687.0   62.26414644753331
688.0   59.630064904258745
689.0   57.80734622380683
690.0   62.48557190576642
691.0   63.5478368731448
692.0   64.70334884314158
693.0   69.44565666423884
694.0   66.56162570225919
695.0   71.8246021914448
696.0   65.16200280062924
697.0   63.20273630216593
698.0   72.48879094075801
699.0   68.41047864024682
700.0   68.02018560140908
701.0   69.83295851980682
702.0   67.5403842356234
703.0   65.16957915722375
704.0   64.8710979458501
705.0   68.67922525481993
706.0   68.1533223310997
707.0   62.82903566588641
708.0   63.69792090603994
709.0   67.02556122967468
710.0   62.08057442701127
711.0   60.766397203895394
712.0   60.826694421735766
713.0   59.445870664067314
714.0   57.36940127047643
715.0   56.85379795570921
716.0   58.998373558828234
717.0   60.35212308043512
718.0   60.67909336603529
719.0   58.35092025810303
720.0   57.504054161623515
721.0   47.64448655330227
722.0   52.570962284482476
723.0   53.80931245343481
724.0   53.868501970788174
725.0   53.61844872366785
726.0   57.67359569069299
727.0   51.694714186450796
728.0   49.598134275146265
729.0   49.5736463675006
730.0   45.287945700089836
731.0   49.27027045296083
732.0   52.023597907680966
733.0   51.002078648754264
734.0   49.78953875575945
735.0   47.194043726947314
736.0   49.34102653402786
737.0   47.022335516008354
738.0   53.137586137801804
739.0   45.259764106110936
740.0   46.88007489869835
741.0   48.27533332293754
742.0   46.70879792589781
743.0   43.42712129160242
744.0   47.33075555845849
745.0   44.99978713210433
746.0   45.021609574003435
747.0   45.68124635272329
748.0   44.753955755527386
749.0   43.58708108692974
750.0   47.45674050640898
751.0   51.56521443360046
752.0   49.654696047314246
753.0   49.13406597374899
754.0   50.543761300465945
755.0   53.68365523529445
756.0   55.059323787597776
757.0   56.82218448617084
758.0   57.42368370331292
759.0   54.82600334894346
760.0   63.41392488946201
761.0   63.24448635338575
762.0   66.24933358843253
763.0   64.29902648520252
764.0   68.52705185744765
765.0   68.7912905663878
766.0   69.67706900223834
767.0   68.1373972307621
768.0   71.52627948745052
769.0   65.90019136854826
770.0   64.59516431019088
771.0   68.17704677115069
772.0   71.5750378064196
773.0   70.36756607210921
774.0   70.66929763487573
775.0   69.12983935264668
776.0   68.983728166173
777.0   70.59789855151698
778.0   70.11135608554838
779.0   64.43503029611361
780.0   68.47142052982346
781.0   66.32347053067775
782.0   68.22618899894124
783.0   59.197920662512985
784.0   60.17071737786702
785.0   53.10845375889346
786.0   58.12910594998945
787.0   54.730477619783954
788.0   58.642110189963205
789.0   46.92973196814563
790.0   47.611961654849324
791.0   51.82471992020348
792.0   49.350943746852664
793.0   49.82865663604099
794.0   41.02202757271232
795.0   40.99783219124927
796.0   41.514739120507954
797.0   47.93474421946976
798.0   39.958231916827174
799.0   43.853896463538575
800.0   37.169012357969706
