500.0   82.75898731963673
501.0   83.7887489435252
502.0   80.27379684502642
503.0   85.53896703971319
504.0   83.83029777834116
505.0   80.90237167631253
506.0   74.01641168382451
507.0   73.36212774425513
508.0   68.64395605063544
509.0   67.31057316798197
510.0   66.86532898763355
511.0   63.19428808985225
512.0   67.42534469145772
513.0   71.93598107063008
514.0   60.02639249991972
515.0   61.0125649680208
516.0   59.20908323780779
517.0   59.080842078607475
518.0   57.26589401672865
519.0   62.25764413804907
520.0   54.40531441894166
521.0   58.34156867167076
522.0   58.86767986455618
523.0   57.37074420961841
524.0   62.45667576843161
525.0   61.90281099313893
526.0   62.60280421881944
527.0   62.798933236914536
528.0   67.7866818400988
529.0   70.40291512381054
530.0   73.15907269911276
531.0   68.41821317555161
532.0   75.36543993661857
533.0   74.45168445068126
534.0   77.3155898229493
535.0   78.03661339972862
536.0   82.369151358003
537.0   86.57866405577283
538.0   85.47317183909078
539.0   90.40817140446848
540.0   87.40982206382989
541.0   85.13964901866692
542.0   97.9331674690822
543.0   96.28641975892344
544.0   84.46567510131675
545.0   84.04466858750041
546.0   85.35773183818111
547.0   77.86317539305335
548.0   77.5667382850014
549.0   76.2741132160019
550.0   71.93827474289543
551.0   71.00939086219967
552.0   69.59473938935139
553.0   66.78723957790004
554.0   65.0918509411238
555.0   57.20695901146033
556.0   61.549065897332326
557.0   57.76501488972002
558.0   63.11812270435789
559.0   61.98822380642099
560.0   56.683839417155724
561.0   55.35949796396821
562.0   55.77877912485948
563.0   56.93271073765416
564.0   55.781940259801786
565.0   49.86930163149381
566.0   60.594745393741675
567.0   54.98027008623595
568.0   55.10046448933278
569.0   58.51600395538583
570.0   64.31057821673917
571.0   59.29565571399317
572.0   63.71963071266026
573.0   58.00455930506848
574.0   65.16523180410772
575.0   71.91258001637809
576.0   66.66462167614392
577.0   71.38059768697991
578.0   68.2668062448225
579.0   72.77231162405957
580.0   77.8599055911923
581.0   78.74291358294943
582.0   77.16234025853873
583.0   79.80739901792924
584.0   81.93845557076082
585.0   81.16902241861206
586.0   85.40264257630429
587.0   83.28888158779284
588.0   80.41315856246763
589.0   88.34815918354238
590.0   84.23802227185374
591.0   85.21747606645215
592.0   79.53358477307614
593.0   81.10939302392873
594.0   82.94558250187447
595.0   77.6544299842812
596.0   79.03680372024246
597.0   76.86483080628932
598.0   73.621655548467
599.0   68.92299544393373
600.0   71.62373784594362
601.0   73.79419174225123
602.0   67.0030552943359
603.0   63.181204923469494
604.0   67.61971612535368
605.0   65.34661775492225
606.0   68.1947440563406
607.0   66.42305554630832
608.0   61.5251934780938
609.0   59.827991062092764
610.0   56.40142960816394
611.0   58.675218623110595
612.0   58.54946198637242
613.0   56.7390617453089
614.0   54.60755677985037
615.0   57.18338965167925
616.0   60.688055116753816
617.0   62.18398883155092
618.0   59.95672452322759
619.0   61.96869633588105
620.0   59.73448480355367
621.0   60.85748170724003
622.0   59.95792291109095
623.0   61.233829653418695
624.0   70.12706497992758
625.0   70.222095230256
626.0   71.32413273018236
627.0   72.17372054462777
628.0   76.56234846503776
629.0   74.84687307694634
630.0   81.4620957103935
631.0   81.5539240401302
632.0   82.74834460769529
633.0   79.11114870008566
634.0   87.5632670077413
635.0   83.87874581225879
636.0   82.79172767629802
637.0   82.24340187062296
638.0   92.59489777387239
639.0   91.05704070309508
640.0   88.43057413182768
641.0   92.2339957113224
642.0   91.97640012561081
643.0   91.95236016816281
644.0   89.54586388561174
645.0   90.48769986941019
646.0   92.811963148345
647.0   91.10769685835723
648.0   83.90269644677127
649.0   85.51518584421532
650.0   84.12983013104693
651.0   84.02956762598149
652.0   81.66077164707892
653.0   83.0961152214096
654.0   81.89374410159661
655.0   77.80812494320261
656.0   76.95568516060092
657.0   79.65233862652741
658.0   81.4482542009514
659.0   80.48831518269262
660.0   78.54294115827881
661.0   75.26641813462709
662.0   77.94316373721307
663.0   78.05399786923618
664.0   74.60598523479607
665.0   76.13870895138794
666.0   70.7170069878378
667.0   79.01339597134395
668.0   75.17276285266854
669.0   75.6090584067224
670.0   79.33382542317071
671.0   78.79462478357956
672.0   85.6330790857937
673.0   86.47407620313186
674.0   83.92346321990158
675.0   82.147591432702
676.0   88.06491490990902
677.0   90.67279892738406
678.0   81.48116853271202
679.0   90.1905169547473
680.0   88.98800196980605
681.0   88.76213955144144
682.0   94.60586875474795
683.0   89.61309418840366
684.0   98.14855744183592
685.0   96.54727874782111
686.0   101.52664705467149
687.0   103.52184814203486
688.0   99.6438554077533
689.0   102.84931475211823
690.0   107.36812576230216
691.0   106.71605119192603
692.0   109.88202051969188
693.0   115.58010173621616
694.0   113.79754139741115
695.0   117.96179887503845
696.0   111.22124335114313
697.0   108.97791956985168
698.0   121.04765407845443
699.0   115.98028294650771
700.0   117.04069914228478
701.0   116.37954417572618
702.0   114.39942439079337
703.0   114.07457602122952
704.0   111.04205751403259
705.0   116.75547284414932
706.0   114.66553459536016
707.0   111.35834909890534
708.0   108.70841177966486
709.0   111.18366695009945
710.0   107.10726703810218
711.0   105.00993086733823
712.0   102.84860398830239
713.0   101.7602432847446
714.0   101.35968736932824
715.0   98.27802002508949
716.0   101.28384121007204
717.0   101.12668570041706
718.0   100.11752548522153
719.0   100.82868833067678
720.0   94.90370745387747
721.0   86.85124573174414
722.0   92.18869755338935
723.0   93.6595750969845
724.0   94.16665278861268
725.0   90.83988320597541
726.0   94.75343561371804
727.0   90.00108922599028
728.0   88.94921998924656
729.0   85.79898746655633
730.0   79.46970067797807
731.0   85.6568028704375
732.0   88.18468865126394
733.0   87.50429591210488
734.0   86.25151663934008
735.0   82.49068374427387
736.0   81.32861987734336
737.0   79.563487208385
738.0   87.49239155255586
739.0   81.468583687396
740.0   84.06622198795918
741.0   84.19668296576415
742.0   82.28572568537615
743.0   79.00898805502979
744.0   83.38843661622795
745.0   77.2443222472804
746.0   79.37061781794486
747.0   79.19235233996736
748.0   76.31254529408443
749.0   76.61841944299073
750.0   82.25637015008209
751.0   85.66894636200846
752.0   83.64755534682249
753.0   87.48340353419968
754.0   88.96762621622648
755.0   94.1021398154985
756.0   97.96233422331841
757.0   98.78537837953081
758.0   99.63573071959516
759.0   100.35543560939234
760.0   110.18194272354958
761.0   112.1429405605717
762.0   116.4910753432886
763.0   117.09510650630324
764.0   121.47659584720799
765.0   122.91111492407009
766.0   124.23863001090942
767.0   122.62416496279772
768.0   127.75432817894514
769.0   124.22062217949647
770.0   122.16087679753687
771.0   124.96988310183889
772.0   128.54045360027666
773.0   127.39500790839645
774.0   127.11500953849364
775.0   124.67482384404812
776.0   122.63992823427645
777.0   124.33026808619437
778.0   124.08045759563115
779.0   114.63864708232975
780.0   120.5065197658208
781.0   117.53177830096107
782.0   116.902617334675
783.0   109.7354673826774
784.0   109.62515911899501
785.0   99.37635791825159
786.0   103.30000190397803
787.0   99.87001770578519
788.0   101.0052659778716
789.0   90.2075046345567
790.0   91.1183780358374
791.0   92.27253006192817
792.0   88.20372274452006
793.0   87.71759241843696
794.0   79.11587097212487
795.0   76.89384177459743
796.0   76.80275362903396
797.0   83.19610219339063
798.0   72.36455379342064
799.0   74.2547185602049
800.0   69.60314004063781
