500.0   102.45957311281296
501.0   107.46460904788125
502.0   103.5524286561984
503.0   106.67317266177574
504.0   102.98403271605099
505.0   100.4800556099502
506.0   94.13247586601813
507.0   91.00558527864013
508.0   86.98662178031066
509.0   83.94425102538727
510.0   82.79475457613376
511.0   79.44776517795313
512.0   84.0682865267155
513.0   86.55465987774869
514.0   75.63806490238872
515.0   75.04473834169767
516.0   74.55210860401525
517.0   77.09681977337539
518.0   72.64484364377952
519.0   76.83280534167096
520.0   67.51744552956407
521.0   74.97870003737324
522.0   76.0415017642679
523.0   72.39898458559796
524.0   76.17407054554772
525.0   79.58034166191686
526.0   78.75697320397074
527.0   82.15699442581365
528.0   84.39759790429153
529.0   88.54438589483857
530.0   93.9390370268332
531.0   91.03439001467297
532.0   96.46731101258266
533.0   94.47870822481386
534.0   97.91309370046682
535.0   100.1846123149131
536.0   105.1813664704957
537.0   109.36937278681967
538.0   110.32711412654893
539.0   115.16051286703163
540.0   113.30857278550718
541.0   111.57446813505348
542.0   121.63920113616479
543.0   120.91929109944448
544.0   110.01460937899597
545.0   107.49595968510178
546.0   110.44453058474204
547.0   101.66087459065588
548.0   100.76667565414908
549.0   99.90697103727021
550.0   93.58279264635911
551.0   91.34585343001291
552.0   91.82389608113033
553.0   86.97673221591651
554.0   85.18121727486016
555.0   76.21993017801907
556.0   79.60768218165859
557.0   77.8576696650108
558.0   81.40234577099196
559.0   80.99161073216356
560.0   72.19431069310065
561.0   74.18340095081501
562.0   72.10339602394717
563.0   72.47622483883515
564.0   72.93101382062417
565.0   65.92034111857043
566.0   79.1384019971969
567.0   74.79069414543301
568.0   73.59860901456929
569.0   78.67833404736757
570.0   83.0620820510164
571.0   79.89104168233237
572.0   83.27949997900973
573.0   80.55895963778954
574.0   86.0180724189411
575.0   95.28304727571793
576.0   88.92928785561685
577.0   95.81627631417967
578.0   93.37252960786591
579.0   98.52660793662534
580.0   102.14950205784393
581.0   106.78599181605426
582.0   101.7198125524892
583.0   104.12608709301469
584.0   108.19766182273202
585.0   110.40200070887798
586.0   114.29965561418095
587.0   109.70589632045727
588.0   108.38166797422548
589.0   117.34090331809747
590.0   111.6878817942634
591.0   115.10037093391543
592.0   105.67875383038603
593.0   106.89522172819775
594.0   107.86872781552142
595.0   102.73636974576777
596.0   104.60541359353414
597.0   103.4789611934188
598.0   99.03016290531485
599.0   94.03813597658845
600.0   96.15517627106715
601.0   96.66878486654923
602.0   90.51374457568195
603.0   87.40299356681956
604.0   88.69316097180734
605.0   88.65345874797686
606.0   91.24983469140886
607.0   87.75339532989085
608.0   84.99796137089095
609.0   80.54021029685768
610.0   77.02596136953343
611.0   79.97111432218395
612.0   82.68164988060437
613.0   76.49549045081966
614.0   73.55716458066465
615.0   76.49198974968382
616.0   78.94024108145808
617.0   83.2064310889925
618.0   79.62720326514184
619.0   82.68803794094407
620.0   81.87304884819136
621.0   85.26439415046863
622.0   83.25325184962702
623.0   84.58882772855151
624.0   93.8032161306256
625.0   94.97257075831578
626.0   95.76993280505141
627.0   96.31387237747703
628.0   103.58766400403897
629.0   103.9557181916972
630.0   110.12854458368372
631.0   112.5095281405786
632.0   113.3176121446711
633.0   111.53075180774454
634.0   118.42208848887495
635.0   115.6435904875018
636.0   117.87226818207273
637.0   117.46414642636387
638.0   125.96876962810092
639.0   125.59445179970595
640.0   120.72353843489813
641.0   125.04468940178708
642.0   127.37497434298976
643.0   126.11952953415383
644.0   122.8888185445526
645.0   124.53039242273096
646.0   123.8121914201937
647.0   125.52443127304596
648.0   115.77364682918218
649.0   116.0750063492728
650.0   118.2554859927881
651.0   115.17832892318927
652.0   112.3640599696698
653.0   112.81863367315594
654.0   113.6605183389201
655.0   108.38892036996211
656.0   107.7767176882407
657.0   110.1769906960962
658.0   111.22563969926875
659.0   109.07149968896456
660.0   108.79708076819557
661.0   106.02183599815237
662.0   106.57805241188288
663.0   107.32131037398676
664.0   105.68586722117905
665.0   106.81265892705252
666.0   102.06696790649943
667.0   108.22950589534761
668.0   105.1359954604751
669.0   107.28596012420206
670.0   110.3864705970717
671.0   112.79922265019192
672.0   118.32392743060754
673.0   117.47128116746126
674.0   115.7969971918564
675.0   116.56138805109046
676.0   122.75473280602125
677.0   123.89306557206947
678.0   113.57380119277931
679.0   126.56847321946634
680.0   126.86623637145559
681.0   128.1123784970321
682.0   134.00274634641082
683.0   129.31821953290623
684.0   135.70044877465114
685.0   140.78046809743876
686.0   145.70294561398353
687.0   144.2251745986839
688.0   142.0648015596677
689.0   146.63163101759648
690.0   150.2629361458615
691.0   151.61067365363485
692.0   156.79112715849698
693.0   164.873553041998
694.0   158.1792541650668
695.0   165.66453161188198
696.0   160.20173682111323
697.0   155.03460281498798
698.0   170.2018866421661
699.0   161.84380916405576
700.0   164.71255641074407
701.0   163.34524297253827
702.0   163.8383729523409
703.0   159.38228200895009
704.0   160.76780619793772
705.0   163.96151514214245
706.0   161.20991744062673
707.0   157.26737568980994
708.0   155.07961671859744
709.0   157.99804145817137
710.0   153.3454490502611
711.0   150.02810230559388
712.0   147.6481574803979
713.0   147.22384429056365
714.0   143.9875169539839
715.0   141.86819787145757
716.0   145.06593078874906
717.0   144.18119129956705
718.0   141.8999023369851
719.0   140.01257930105734
720.0   136.16269408334836
721.0   126.94674318458095
722.0   130.4916683619202
723.0   133.73441503067363
724.0   131.7783275102849
725.0   128.3421619262852
726.0   133.31909424227692
727.0   127.29142615980399
728.0   126.42533576919118
729.0   125.83905827030279
730.0   114.70036054964376
731.0   123.56407147582797
732.0   126.12228050138353
733.0   124.48890832822164
734.0   124.41338649315821
735.0   120.90438062976821
736.0   118.33792798704204
737.0   118.47405961128894
738.0   123.84179557051166
739.0   115.20957542988685
740.0   119.07872411701834
741.0   116.80094919525996
742.0   117.91160570978693
743.0   111.1518463434551
744.0   119.43604290906049
745.0   112.04353215933125
746.0   114.12329146008986
747.0   115.42885972649336
748.0   112.19894270980757
749.0   113.40916649794349
750.0   118.36878762918718
751.0   122.10388168649081
752.0   120.18187931186114
753.0   125.74823115344554
754.0   126.0834664402121
755.0   135.18910050347904
756.0   137.17273526303342
757.0   142.6272426185143
758.0   145.46922114727764
759.0   145.26477834836615
760.0   158.0649044450488
761.0   162.58355320408575
762.0   166.9382459551068
763.0   171.8948992343682
764.0   176.0042312952196
765.0   180.15115854461607
766.0   181.90501996983923
767.0   182.35568952403267
768.0   189.1702285071735
769.0   181.31745391272344
770.0   180.13137501035553
771.0   187.87134568792175
772.0   190.17339302548763
773.0   184.62220726616306
774.0   186.65328882494848
775.0   182.8895409013239
776.0   182.26173740524507
777.0   182.88266250757445
778.0   182.87557384896874
779.0   173.00296502767404
780.0   175.38647540070494
781.0   171.13881748501095
782.0   171.89748199807568
783.0   162.07846170178814
784.0   161.90214668954476
785.0   148.27167879673362
786.0   150.5454405053023
787.0   147.27418520357764
788.0   148.43593720959348
789.0   133.4051879835098
790.0   133.93337003833784
791.0   133.87776739205967
792.0   131.04707086332706
793.0   127.59130666103627
794.0   114.0390628206523
795.0   112.85821042158392
796.0   110.31351848165528
797.0   120.33117732373199
798.0   107.00739131570705
799.0   106.64193321488014
800.0   102.67978006751684
