500.0   131.89422675421156
501.0   133.78769196655736
502.0   130.15430265966864
503.0   133.81859037200454
504.0   130.3099702744749
505.0   126.71337353894123
506.0   118.62169412433866
507.0   116.2540415300873
508.0   110.95833593340143
509.0   109.01909842116808
510.0   106.06673449871272
511.0   101.06088850636391
512.0   104.94313167590667
513.0   109.24405258652286
514.0   93.29486098298028
515.0   95.70678560252173
516.0   94.33277143608979
517.0   97.76475575257376
518.0   91.97845365520774
519.0   99.36271258091205
520.0   88.21023810330504
521.0   95.5374404541659
522.0   97.43315923382866
523.0   94.27350489812031
524.0   98.182114385517
525.0   102.20922532725336
526.0   99.3261694635325
527.0   103.76462279030773
528.0   108.95554659642531
529.0   114.40190926106266
530.0   121.01767534475033
531.0   118.77796426229634
532.0   124.54379230971122
533.0   125.18390312463558
534.0   126.59196701878525
535.0   133.0381126471066
536.0   137.50670687522083
537.0   144.2803980623127
538.0   144.57524392389158
539.0   150.39474504750677
540.0   149.57445676975328
541.0   145.81821453296087
542.0   156.19017069603694
543.0   154.8425329268124
544.0   143.55076440197448
545.0   141.88343417090655
546.0   140.81358816022708
547.0   131.46303700307837
548.0   131.45548563436768
549.0   126.13211422437055
550.0   121.48391431376291
551.0   116.19655727946841
552.0   116.18165917738662
553.0   112.09005808653467
554.0   110.81445266117981
555.0   101.03396786834753
556.0   103.97762111048033
557.0   99.67778206868581
558.0   107.04530092278239
559.0   103.60429395402997
560.0   97.41772924944138
561.0   95.88443480433185
562.0   95.28120557385043
563.0   93.64997574544054
564.0   97.15563765974457
565.0   89.71794587999176
566.0   104.27980035582507
567.0   99.12554104993524
568.0   95.8487811536252
569.0   103.67578679975924
570.0   111.01355890573481
571.0   107.53563955266381
572.0   111.51120541704447
573.0   106.92030233729832
574.0   112.08142675092816
575.0   124.02035047336562
576.0   119.62338606308526
577.0   124.82607905936226
578.0   122.52632855794027
579.0   130.27702947343664
580.0   136.40649806574098
581.0   141.88072129139096
582.0   134.61284200023016
583.0   141.3472052669871
584.0   143.52891254680765
585.0   149.16727815929946
586.0   152.09130744813865
587.0   148.94550585126262
588.0   144.99815666315214
589.0   154.43435889677002
590.0   149.33087526109617
591.0   151.87191472038455
592.0   144.67777898081533
593.0   145.00298809824264
594.0   145.55094813866674
595.0   138.5903544854105
596.0   140.9186790284657
597.0   135.62867263513908
598.0   132.75281669351563
599.0   127.35143447437096
600.0   127.83534905037095
601.0   126.55277739380097
602.0   120.19008590439617
603.0   117.3414758512827
604.0   119.01443835555426
605.0   117.11530552976046
606.0   119.7963760678777
607.0   118.86240198492112
608.0   113.61905331457388
609.0   109.82905431583183
610.0   105.2597676131166
611.0   107.57791297354231
612.0   110.5215219572724
613.0   105.52792020439637
614.0   101.63766385683923
615.0   104.08245058040174
616.0   107.94354197010537
617.0   111.1989352705863
618.0   106.41044853955285
619.0   111.90040063383083
620.0   110.8437787643293
621.0   114.57159193948874
622.0   114.89971499010636
623.0   116.71736532848206
624.0   125.36953128423002
625.0   128.08710035442243
626.0   130.51664532974664
627.0   134.2969503914784
628.0   140.83287308077877
629.0   140.5490881143578
630.0   148.3908021857597
631.0   153.4890138942743
632.0   154.03491258589804
633.0   153.70113770009397
634.0   164.1012387157401
635.0   160.60906951039465
636.0   162.58705346137748
637.0   162.6556777550922
638.0   170.46160415240877
639.0   170.68289276641508
640.0   170.00454283317524
641.0   173.76146545048448
642.0   176.73482540507538
643.0   172.58005212805486
644.0   170.67496833653146
645.0   173.23256343540177
646.0   172.09453693393607
647.0   171.5621321150742
648.0   161.41394396328226
649.0   164.04545394552017
650.0   162.1504581530406
651.0   161.50793695156852
652.0   156.75804452097552
653.0   157.5724218986233
654.0   156.68684080175075
655.0   151.4483690289022
656.0   148.9118687929095
657.0   153.3748370726522
658.0   153.30474872649881
659.0   154.15639299802726
660.0   151.63986423429915
661.0   146.67279355007184
662.0   150.50480425723106
663.0   150.24509059312982
664.0   146.8077849777247
665.0   149.93898941489576
666.0   145.92518394498137
667.0   151.5001844158758
668.0   147.36194767071817
669.0   149.74340866180654
670.0   156.055380199137
671.0   158.84502167380012
672.0   165.31608389297102
673.0   164.57064288738843
674.0   163.22967910412018
675.0   166.05725646081183
676.0   167.16525971378115
677.0   171.02367768652596
678.0   165.06971547712513
679.0   178.13075720784798
680.0   179.18984965666348
681.0   178.74865821572573
682.0   185.76678918333877
683.0   182.46513605660405
684.0   193.20429624458723
685.0   195.91900159842186
686.0   202.02090659968437
687.0   206.51226725153145
688.0   201.15367910922234
689.0   210.57227473718063
690.0   215.08185782430445
691.0   214.0126060512334
692.0   222.71571890770474
693.0   232.117033400839
694.0   227.04156646327291
695.0   234.3686633517256
696.0   228.97948313137425
697.0   223.60064871409247
698.0   239.48293062353875
699.0   234.32136563916987
700.0   234.5999892456478
701.0   232.3697752152802
702.0   233.91798031937836
703.0   228.23326498033424
704.0   229.76090832937234
705.0   236.25457096545426
706.0   230.14935297287985
707.0   223.95340794231439
708.0   223.20425365590881
709.0   225.85971153709608
710.0   219.5987180286989
711.0   212.95882595009775
712.0   211.8703835114963
713.0   210.3017473208007
714.0   207.45891889459642
715.0   205.63094612277487
716.0   207.10264191701683
717.0   205.022824564173
718.0   202.3804822873599
719.0   200.32616789306272
720.0   194.25338038413543
721.0   185.4623540514969
722.0   188.9262721221185
723.0   190.34557965671917
724.0   191.11730144558305
725.0   183.70023044455564
726.0   191.0815114085605
727.0   182.54524626065964
728.0   180.2111032057653
729.0   180.00687077004554
730.0   169.91191458414457
731.0   176.32628896774412
732.0   180.60006199353936
733.0   179.40330896685603
734.0   178.21729636633881
735.0   172.68992289495785
736.0   171.4400959884147
737.0   168.8160184575922
738.0   177.79785018098406
739.0   168.87301330689257
740.0   173.29909025397797
741.0   171.60109120500502
742.0   172.58751431656006
743.0   164.86603548142014
744.0   171.0312255175028
745.0   162.67571070801696
746.0   164.896551500541
747.0   166.73990253267058
748.0   163.35242429241913
749.0   165.67955672946061
750.0   170.91040791128188
751.0   171.62505257523026
752.0   176.8276331118084
753.0   180.26916644370584
754.0   183.94603496365002
755.0   194.74269779562894
756.0   201.0349838147988
757.0   205.64255459092487
758.0   212.09075356996019
759.0   213.87121267124897
760.0   228.66811271529673
761.0   237.55915661693737
762.0   242.0501512187839
763.0   248.92919133887682
764.0   256.8501395732996
765.0   260.3946104424928
766.0   265.7265380322177
767.0   265.80126718611155
768.0   275.88449073564107
769.0   270.2870453995513
770.0   271.23259580653087
771.0   275.12949728363833
772.0   276.7577439949198
773.0   270.20777966161535
774.0   271.83839220333164
775.0   267.5065894640353
776.0   267.1973948686072
777.0   267.8012009669386
778.0   265.0387530939896
779.0   251.75873520062228
780.0   256.2341994620813
781.0   250.8689572589341
782.0   246.86437270702916
783.0   236.69210814010123
784.0   235.66405264579933
785.0   221.79134180660594
786.0   222.60374751240064
787.0   212.647520414038
788.0   214.35118620894406
789.0   199.56170601088616
790.0   196.60596764069248
791.0   195.21393739340786
792.0   189.08988986014288
793.0   184.52535099631942
794.0   171.60220457537008
795.0   170.51251039475068
796.0   167.8632970882937
797.0   173.03702580028943
798.0   157.45515519271348
799.0   154.34669650104073
800.0   148.94767605739509
