500.0   158.30575118156304
501.0   161.6903115694056
502.0   152.59140061555303
503.0   155.82755607581802
504.0   154.99161182894176
505.0   150.99857857377836
506.0   143.76347552815207
507.0   139.09960929730374
508.0   131.31050641897826
509.0   130.18829965348905
510.0   124.1688032634832
511.0   118.03747576503699
512.0   125.04135191846149
513.0   127.62181984197707
514.0   115.54022123915016
515.0   113.73896127048152
516.0   115.02755994789698
517.0   116.80934306090779
518.0   110.51095800207722
519.0   118.13419532532879
520.0   106.4299051241438
521.0   115.08583022209484
522.0   115.19173233594037
523.0   113.01475427254368
524.0   118.03406725843953
525.0   120.07679846586365
526.0   122.43810093986303
527.0   126.9153483641673
528.0   131.00562850647432
529.0   136.48339848431965
530.0   142.99632554908135
531.0   142.5002287914653
532.0   149.01551963781665
533.0   151.63655224306277
534.0   154.14963306641468
535.0   160.19890835246295
536.0   169.1091954184689
537.0   172.93547526520115
538.0   174.4928361165485
539.0   180.8844222768189
540.0   179.41711087130784
541.0   175.27187411449782
542.0   185.5675901657815
543.0   187.23387599504247
544.0   176.33937939880454
545.0   172.27712800798284
546.0   170.20480392658453
547.0   161.669234876047
548.0   160.01783235088493
549.0   153.91166868688558
550.0   148.6470396783974
551.0   144.35957948743035
552.0   142.64153608118954
553.0   135.24288348908777
554.0   134.1494478742316
555.0   124.22127153675672
556.0   127.1377625428303
557.0   122.4111108997318
558.0   127.22993790158287
559.0   124.11765766915431
560.0   117.23855588328456
561.0   118.30034410447016
562.0   115.08148034634965
563.0   116.84027292079082
564.0   120.35761740031819
565.0   111.36054391570127
566.0   127.70950027023875
567.0   120.54629255837222
568.0   119.09959255887716
569.0   128.03582198699536
570.0   133.65710428648853
571.0   131.53526049772844
572.0   133.7234398554124
573.0   130.01823077296223
574.0   138.48437125121038
575.0   150.63589124519154
576.0   147.91106889320247
577.0   153.90826615378177
578.0   152.8822022926693
579.0   160.21634576759618
580.0   164.93796536160565
581.0   173.13718437013983
582.0   169.23844056618793
583.0   174.36324627140272
584.0   177.7943110055789
585.0   182.25149269036544
586.0   186.738670573884
587.0   183.90609908634588
588.0   180.7550753405738
589.0   192.41847754888167
590.0   183.67573970757078
591.0   187.66413320596808
592.0   180.38576648215968
593.0   177.32270673832514
594.0   177.79717282630844
595.0   171.45134384462045
596.0   173.9487035738099
597.0   167.81873781178024
598.0   162.87995026101476
599.0   157.72094154518626
600.0   154.58682795396317
601.0   157.04355055574837
602.0   148.58132478825868
603.0   147.80769299673878
604.0   145.4919887421579
605.0   145.10115250948422
606.0   147.83991850327283
607.0   146.1617493553888
608.0   142.68784661446608
609.0   135.31355409734832
610.0   132.44124850380206
611.0   133.9037289944335
612.0   136.1028971333841
613.0   130.812364390212
614.0   127.60802959844747
615.0   129.69998947948025
616.0   133.79009869921353
617.0   137.93206485402195
618.0   134.7423212242313
619.0   138.83652169275496
620.0   137.22053770253066
621.0   140.92594551494452
622.0   142.35620504385759
623.0   146.26746823343893
624.0   154.93577047685156
625.0   156.737209533184
626.0   163.45514931453457
627.0   166.32891874352214
628.0   173.64567070385158
629.0   175.87804857728338
630.0   184.8309994869914
631.0   190.16536003459828
632.0   193.37748805947246
633.0   192.14942576144892
634.0   202.81641207150537
635.0   200.2749256608315
636.0   203.17043212261171
637.0   204.94524628133894
638.0   212.75106625697128
639.0   216.18276606725857
640.0   211.69416883843414
641.0   215.90794386275655
642.0   217.8166130224213
643.0   215.46475515376304
644.0   213.83280958652196
645.0   215.4351564862076
646.0   213.614232275904
647.0   211.32697817926802
648.0   204.37677585821288
649.0   204.7116047965175
650.0   202.57719418825073
651.0   200.8275971691138
652.0   196.69918499358081
653.0   196.61812367342998
654.0   194.17288458702598
655.0   191.65236109428125
656.0   189.5136898437067
657.0   191.2580761107326
658.0   189.53495272197256
659.0   190.64754798972385
660.0   189.719623932382
661.0   183.99850770764385
662.0   187.50345085452966
663.0   187.45184870198386
664.0   185.45813910351038
665.0   190.65548341659988
666.0   183.7898951893386
667.0   188.6256367983738
668.0   184.39345262939088
669.0   188.6622264359678
670.0   197.1915333070158
671.0   198.24254367536614
672.0   205.8193359195255
673.0   206.58242403281866
674.0   205.12547659003093
675.0   206.11495262114315
676.0   212.42383908947522
677.0   217.47377636513244
678.0   209.31473519794767
679.0   224.215191021039
680.0   224.29679133725764
681.0   226.34495030376027
682.0   234.8396174230065
683.0   237.11057895698153
684.0   244.74966526688826
685.0   244.69681049819144
686.0   254.85621104359788
687.0   255.30843964742195
688.0   256.86355314210505
689.0   262.46295968142516
690.0   268.62232202151245
691.0   271.3951913356568
692.0   280.7592642682309
693.0   288.22942344916
694.0   284.65233282108306
695.0   292.87090602480885
696.0   286.09981690746685
697.0   281.981845974181
698.0   299.6187653708497
699.0   295.4082003053275
700.0   294.7622460624721
701.0   288.8413668774358
702.0   294.2090172512294
703.0   289.7448175372008
704.0   289.3694857151683
705.0   295.3804145275771
706.0   290.8216652980785
707.0   284.6894629866964
708.0   281.13751944904016
709.0   281.8684971769386
710.0   275.3208184513755
711.0   271.9899947641827
712.0   268.0622417285499
713.0   263.9105437464347
714.0   261.5051656233176
715.0   258.7790517961896
716.0   259.94046798623765
717.0   259.69887017617145
718.0   253.00345647467046
719.0   255.16083455007274
720.0   247.69596222636198
721.0   237.65662091423923
722.0   241.3434191135619
723.0   242.44787722187755
724.0   242.14199378985603
725.0   233.48572309581732
726.0   240.69634829762643
727.0   231.19116512096716
728.0   226.29420484186784
729.0   230.1374819803053
730.0   217.2184407810839
731.0   223.64955383386967
732.0   230.8377162088079
733.0   227.75511733848785
734.0   227.95889876430522
735.0   221.3562513089801
736.0   215.09133267586506
737.0   216.8096941421193
738.0   224.36270525660436
739.0   213.5234668180325
740.0   220.3272089840823
741.0   217.02209776972123
742.0   219.63541995923768
743.0   213.14800821836755
744.0   217.58753267375332
745.0   207.45036068929286
746.0   212.04083236842567
747.0   212.865991021898
748.0   207.64564348691601
749.0   209.49353478976928
750.0   217.08793026991418
751.0   222.09881944163243
752.0   221.59451003018458
753.0   227.31753717980115
754.0   233.50146829703235
755.0   245.23488083455237
756.0   256.54486924532796
757.0   260.3198375285612
758.0   271.01276937880675
759.0   274.9268886406885
760.0   287.62213809400396
761.0   300.7960482586119
762.0   309.4202756269053
763.0   317.6639002834415
764.0   326.6816192775086
765.0   334.47358682482917
766.0   340.44176311978185
767.0   337.3979733303122
768.0   352.0393372163901
769.0   341.9959514622001
770.0   345.89184556959344
771.0   347.84224789435194
772.0   353.66744668336787
773.0   344.13906750363606
774.0   347.77094018127787
775.0   341.33413314536995
776.0   341.2254355425553
777.0   339.80372470278667
778.0   337.4867111468652
779.0   325.18539615488294
780.0   326.8019143565575
781.0   318.36180975317393
782.0   314.41721376252735
783.0   299.8307546144048
784.0   298.73253523332346
785.0   282.5118325576277
786.0   283.83365169506556
787.0   273.76260977407617
788.0   272.0230643605406
789.0   258.10061003025595
790.0   251.9280989646465
791.0   249.42701488195556
792.0   240.58923124988564
793.0   236.54401481850815
794.0   221.59634156176838
795.0   216.24856903599948
796.0   213.63936790412762
797.0   218.62650799274962
798.0   202.9000365138631
799.0   198.6189016831947
800.0   189.06917204971228
