500.0   189.51100269980873
501.0   190.14098781200317
502.0   188.20490556783164
503.0   187.05741410846193
504.0   185.10005617456795
505.0   182.06207336954307
506.0   170.9975410179103
507.0   167.75329422297682
508.0   158.41374744842005
509.0   154.36991158310465
510.0   151.1745297830173
511.0   145.23419478667782
512.0   149.75391581072455
513.0   153.31782063291496
514.0   137.4293899027422
515.0   138.1113291941213
516.0   135.68976340318255
517.0   139.29214201411827
518.0   134.84043729517433
519.0   142.26692492505612
520.0   127.53508265603264
521.0   135.3526963315033
522.0   140.46967547272178
523.0   135.8823706505847
524.0   141.75073616005304
525.0   146.75132484646042
526.0   147.2413489474306
527.0   153.51693617829784
528.0   157.52585668018324
529.0   162.26409322249242
530.0   174.52155169733692
531.0   173.91572257436428
532.0   182.18491577235264
533.0   181.38612993486404
534.0   188.4523727708238
535.0   195.7233329250765
536.0   199.94365855039396
537.0   209.3428005403738
538.0   214.4824277879592
539.0   222.27359780916134
540.0   217.3297985260059
541.0   214.43825434418105
542.0   226.35558241642104
543.0   226.69171131274607
544.0   212.53957965837824
545.0   210.87540383081367
546.0   207.78369951862925
547.0   195.8726384740455
548.0   194.02682881856896
549.0   188.099021961342
550.0   179.3382470312514
551.0   173.21851069959305
552.0   173.7263415807272
553.0   166.543478209566
554.0   164.3276687174005
555.0   151.311077278982
556.0   156.45469480750384
557.0   149.77709563751768
558.0   156.49495741525155
559.0   151.79913260594566
560.0   144.67741600607553
561.0   144.3944679594653
562.0   139.64195458290882
563.0   142.40762147762035
564.0   147.65868277970395
565.0   138.01951606988183
566.0   155.66774288007016
567.0   150.92297641961233
568.0   147.84806597025207
569.0   155.14095352289286
570.0   164.34402763367976
571.0   162.37732999608036
572.0   166.56766442959204
573.0   162.8041040681535
574.0   171.49071179707326
575.0   185.4980744252773
576.0   179.96661759518133
577.0   187.53133205658474
578.0   188.47374428789416
579.0   195.88303451117042
580.0   205.3491287334841
581.0   211.6042622102006
582.0   209.44947422938384
583.0   217.93592513060474
584.0   218.5140261167245
585.0   225.02749675165555
586.0   230.86860098745245
587.0   228.1523011825799
588.0   223.65080806103117
589.0   233.49366520031654
590.0   226.07939648431633
591.0   230.8098742566607
592.0   222.40606608553765
593.0   222.5968281874257
594.0   220.47222336619103
595.0   211.108714107207
596.0   213.78901242982965
597.0   209.04946614831073
598.0   200.92261478158144
599.0   193.64319072417774
600.0   193.80127674666647
601.0   195.1651850102807
602.0   183.10842514932946
603.0   183.5312166571147
604.0   181.35452776194086
605.0   180.25008942701675
606.0   183.01719344866427
607.0   182.23379726581982
608.0   177.06675610171817
609.0   167.16166094455482
610.0   167.4021430664733
611.0   167.96113694564616
612.0   170.9798517499524
613.0   164.45501812405615
614.0   159.4095157846447
615.0   162.02698661071915
616.0   166.23539024235927
617.0   173.72630708727857
618.0   168.2029729759449
619.0   171.3260925341816
620.0   171.33634626586192
621.0   178.01906672583098
622.0   180.41674875409495
623.0   183.41604424757185
624.0   193.17065839476888
625.0   199.3376808843218
626.0   206.59597907393285
627.0   209.71256763297038
628.0   220.04473016014492
629.0   221.04077119415683
630.0   233.9365010637212
631.0   239.14802637209266
632.0   243.52418908922306
633.0   242.22468835977173
634.0   252.59271149724637
635.0   254.2760123773142
636.0   255.52312915931515
637.0   258.8972078089513
638.0   266.4568493761819
639.0   270.8523072273093
640.0   268.009405955681
641.0   273.25485039711197
642.0   273.2748656427218
643.0   271.1646018680715
644.0   268.50909512960425
645.0   270.0315828333346
646.0   271.23245096182814
647.0   266.9055287694712
648.0   257.65171386467523
649.0   259.0940727688877
650.0   257.66785690927907
651.0   255.85372100994232
652.0   251.11200639850162
653.0   248.57107750601398
654.0   247.8870871004384
655.0   240.29081914525668
656.0   240.7466254397388
657.0   241.2786798411982
658.0   241.26771105397904
659.0   240.82695118731814
660.0   240.1685363593477
661.0   235.8533800312327
662.0   239.5961357880243
663.0   239.5401339580742
664.0   237.24884644078068
665.0   243.13703497073314
666.0   235.108817273885
667.0   240.69988721356285
668.0   234.7153380216202
669.0   242.13091945864818
670.0   250.08407986404183
671.0   254.2555987024421
672.0   260.1323055795997
673.0   261.0588152853602
674.0   259.48508547544174
675.0   265.4873155853837
676.0   268.77799340989094
677.0   278.36858066583744
678.0   266.92847630167716
679.0   281.75740679220013
680.0   289.56489407478523
681.0   290.5251593581512
682.0   301.6286908168656
683.0   301.7080877575172
684.0   310.000038987326
685.0   316.72899010414335
686.0   323.23603755224826
687.0   329.6285108289689
688.0   328.04144353598485
689.0   338.685674197218
690.0   344.76620448786525
691.0   347.48401628853605
692.0   360.5076770863487
693.0   371.14265447512776
694.0   362.65764591880475
695.0   373.68791518662067
696.0   367.52885232994726
697.0   361.817387160756
698.0   383.23763926811273
699.0   381.31804087352316
700.0   377.15926448886006
701.0   374.48342254313695
702.0   377.85561362810256
703.0   371.78134231935644
704.0   370.89038489270786
705.0   376.305986658398
706.0   372.7968800904368
707.0   367.3881285485995
708.0   362.7402716159678
709.0   366.3769427639245
710.0   356.56594059641156
711.0   351.626032128426
712.0   345.15751146878654
713.0   342.7137836928629
714.0   336.66040961309693
715.0   331.32643890264376
716.0   332.452508251896
717.0   332.64860347286753
718.0   325.60570343166296
719.0   326.5619697860536
720.0   316.6085633971109
721.0   307.4629592812017
722.0   313.60529019739033
723.0   312.46077092812175
724.0   312.4715372466333
725.0   302.46351784582293
726.0   306.60573934459194
727.0   301.2465497854962
728.0   294.475011861247
729.0   295.9426007506579
730.0   281.38227477786734
731.0   288.6564205112248
732.0   299.43802639546755
733.0   294.95315873685365
734.0   294.9543483053047
735.0   289.3273287446866
736.0   280.12749968841854
737.0   278.1258828396344
738.0   290.3937041405543
739.0   277.37784889276935
740.0   289.5864903481036
741.0   281.9190440548148
742.0   285.032319917176
743.0   276.7003131391075
744.0   280.9341606221311
745.0   270.61201424618537
746.0   273.9426122358658
747.0   275.4996146320302
748.0   270.7784901833728
749.0   274.8453018664776
750.0   281.15889844750393
751.0   284.9601774833144
752.0   286.6609852553538
753.0   296.37152391812066
754.0   302.1875054208365
755.0   318.49394809026006
756.0   331.3218136120224
757.0   340.7258939493152
758.0   350.08420482058034
759.0   353.19171929256277
760.0   375.9424565192609
761.0   384.65974444644223
762.0   397.79574072521757
763.0   411.846204217652
764.0   422.73733994923066
765.0   433.4164027123322
766.0   437.7425017897034
767.0   441.51787333955565
768.0   460.82135093514444
769.0   447.7790686506494
770.0   450.42172520413953
771.0   458.3059419577706
772.0   460.72666570020056
773.0   446.92715682058736
774.0   451.04644673848134
775.0   444.2370032274881
776.0   441.8491751974155
777.0   444.69851292913165
778.0   441.45423568093406
779.0   420.0362280694585
780.0   422.8960682594478
781.0   414.3927763792675
782.0   412.58763542289125
783.0   390.06617890168593
784.0   388.20561307694686
785.0   369.3078143670875
786.0   370.70095424291696
787.0   356.3518741239834
788.0   351.07944334020317
789.0   336.6065858743003
790.0   330.86928528484856
791.0   322.2369743379321
792.0   314.42443520542486
793.0   307.75422169524734
794.0   289.268356409339
795.0   283.9551944288444
796.0   281.54204094451575
797.0   287.96073486960023
798.0   264.139932354659
799.0   256.84858274396595
800.0   247.37711887528093
