500.0   215.03883919388147
501.0   214.31585982309662
502.0   213.31889523978077
503.0   211.83414710113217
504.0   210.9664785301258
505.0   204.74203471789028
506.0   194.9859821402125
507.0   192.50576450259877
508.0   180.11608834623377
509.0   176.98779564090725
510.0   172.0319376673715
511.0   165.022790070963
512.0   169.5897917872706
513.0   171.89238346059142
514.0   156.47791768083837
515.0   154.8759752791446
516.0   157.2215561138757
517.0   160.49106627785517
518.0   155.02620006862858
519.0   161.83972403112847
520.0   146.54938973111686
521.0   156.11434541429657
522.0   160.2689663342708
523.0   157.02488558505834
524.0   162.45280412978914
525.0   166.12305500102553
526.0   166.73851900689164
527.0   174.37883647777244
528.0   180.90024910791752
529.0   187.4997884846926
530.0   199.95366270416076
531.0   200.172345602184
532.0   207.9912880492051
533.0   209.64403614785735
534.0   214.90918043150575
535.0   224.38103833318738
536.0   233.18562171761798
537.0   241.47062755594538
538.0   245.96192845207324
539.0   253.67012637062766
540.0   250.64224161552977
541.0   246.98592373295455
542.0   258.8648706308249
543.0   259.661232643291
544.0   245.4080380390147
545.0   240.78077591266705
546.0   238.60772613605047
547.0   226.53598021465925
548.0   224.4006883346098
549.0   216.69288674046763
550.0   210.7629965381273
551.0   201.54068883355714
552.0   201.14977439680678
553.0   190.6908138658692
554.0   188.0247764146784
555.0   176.88042944345932
556.0   179.3322721052214
557.0   172.56349216876413
558.0   179.7171016043703
559.0   173.5383322350142
560.0   167.34402980430946
561.0   165.86937203016126
562.0   162.76353583643757
563.0   164.67354949676468
564.0   170.99743242190368
565.0   158.6253613817599
566.0   177.64630902652507
567.0   173.2960591275271
568.0   169.3483930582395
569.0   182.22009549668076
570.0   191.2856868339899
571.0   187.9942959278794
572.0   190.7693583706418
573.0   186.54853814133998
574.0   197.5317020906664
575.0   214.0284079958999
576.0   209.2358469461285
577.0   219.33361282164134
578.0   219.31177573562022
579.0   227.43876705598387
580.0   238.20892102525832
581.0   243.91016929997397
582.0   243.4025740241811
583.0   250.00726504229425
584.0   254.08707218487103
585.0   261.57841334126806
586.0   265.6024251002614
587.0   261.20720693512294
588.0   260.75305235879944
589.0   271.0323187256596
590.0   265.1024126429087
591.0   267.0376453469481
592.0   256.52009469423564
593.0   257.9383713103956
594.0   256.5903034746069
595.0   245.3179834557772
596.0   247.9862358764803
597.0   240.15947546342477
598.0   234.86382280660024
599.0   226.4873878506955
600.0   225.69992005434278
601.0   222.89643745035727
602.0   214.1926630730879
603.0   216.1935866056024
604.0   212.31038204926983
605.0   209.90450029563254
606.0   212.5940092386947
607.0   212.7592932831601
608.0   206.79646135348867
609.0   196.13538435918824
610.0   193.9324335137714
611.0   196.82145082496675
612.0   201.218008452636
613.0   192.90319811009834
614.0   184.58933158146343
615.0   188.91346219514415
616.0   195.19728606555125
617.0   200.28732310695156
618.0   196.45070452750147
619.0   199.5618929930397
620.0   200.69945230226782
621.0   207.37298258096197
622.0   209.07453312937616
623.0   214.6783262055244
624.0   227.5826759191289
625.0   229.85247019020335
626.0   240.0019034355319
627.0   246.49477612147126
628.0   254.20800231802707
629.0   259.55053721022335
630.0   270.5136204595748
631.0   276.8135042005058
632.0   280.4100543472294
633.0   280.1413240239666
634.0   293.3711879831719
635.0   293.89912854294556
636.0   301.3364609240523
637.0   302.4410198067483
638.0   308.28076686420263
639.0   314.550016738593
640.0   312.40787940338987
641.0   319.334548060088
642.0   319.3328990732052
643.0   317.0691698775428
644.0   312.3362304248519
645.0   313.47073554964925
646.0   316.1773967240664
647.0   311.7308909117338
648.0   301.63604888084456
649.0   300.74613860966724
650.0   298.22272046303704
651.0   295.21999948191757
652.0   292.46851203026335
653.0   289.82399160863287
654.0   287.8197302881349
655.0   281.2076627358996
656.0   279.33645262332357
657.0   283.5923491514242
658.0   281.1609327833312
659.0   281.0087480362404
660.0   279.4758373284195
661.0   274.21844352165647
662.0   276.46122515528543
663.0   281.1783470377962
664.0   277.0892184739114
665.0   284.9157302973283
666.0   276.52434410908523
667.0   280.2677368692946
668.0   275.6395751378518
669.0   281.1684079246444
670.0   293.2817856400516
671.0   294.8053080540899
672.0   304.50721818088937
673.0   304.7796668527005
674.0   302.80625983856464
675.0   308.5032439918566
676.0   313.74141991483975
677.0   322.05470747952893
678.0   314.9267337291395
679.0   332.07356425732826
680.0   335.5852882231976
681.0   339.91006722694726
682.0   353.01094555149723
683.0   352.6489339307009
684.0   361.75290516526417
685.0   369.62313999315757
686.0   378.046785841246
687.0   385.96704261563406
688.0   383.3332104938406
689.0   393.7326967862953
690.0   403.5408394274567
691.0   405.88978475511215
692.0   419.23486754673166
693.0   433.0814982481495
694.0   425.8848159516896
695.0   438.60125931930156
696.0   430.9300986720661
697.0   423.21562063284847
698.0   451.65370172411156
699.0   444.9203758687944
700.0   441.0141283654954
701.0   437.0033544671146
702.0   441.65432095263236
703.0   434.9936305112757
704.0   435.73883132010735
705.0   443.95997519257816
706.0   434.19028674906014
707.0   428.4092869134482
708.0   423.03622118133774
709.0   426.26633841681553
710.0   415.6095705991197
711.0   408.07187204991635
712.0   404.1019382932882
713.0   400.4085577879864
714.0   395.0327299810299
715.0   388.44375079113
716.0   391.3741594448949
717.0   392.95072729664025
718.0   379.5549877786891
719.0   385.0022738101321
720.0   373.07755307493034
721.0   360.52309448321336
722.0   366.13670009717725
723.0   364.1400978466608
724.0   365.10137685423973
725.0   356.5663349396027
726.0   360.6935211289325
727.0   351.9975120367611
728.0   347.56435619246884
729.0   353.6061489210193
730.0   328.64209948005043
731.0   340.25600683128306
732.0   349.8181484211383
733.0   345.68499957186475
734.0   344.35884307299784
735.0   338.43924160261133
736.0   328.1087936246545
737.0   329.72722226049996
738.0   340.31269185966255
739.0   326.4892311218189
740.0   338.06063282253206
741.0   329.4086440053741
742.0   334.3577583302115
743.0   326.10172391063884
744.0   329.90037667878903
745.0   317.9486805589464
746.0   322.8855596120362
747.0   325.0288502862928
748.0   322.2368267181423
749.0   322.76914103364925
750.0   329.91806825881275
751.0   333.71414259637714
752.0   337.2672341375045
753.0   347.0148136925507
754.0   356.8361199322743
755.0   372.45047144317107
756.0   386.3158069728921
757.0   398.6518884437807
758.0   414.21674615102665
759.0   415.4947017455627
760.0   439.44877229001077
761.0   455.6836727178495
762.0   468.8212588925171
763.0   484.8724609529201
764.0   495.01138047579
765.0   507.9007555164456
766.0   518.895981737413
767.0   517.744219439484
768.0   542.8620857143803
769.0   529.6831924039789
770.0   534.3575632612344
771.0   537.071720369375
772.0   542.6924639115671
773.0   528.7767534353302
774.0   533.4205257199865
775.0   522.2796286908408
776.0   524.292851709783
777.0   522.438082772711
778.0   520.9657255267181
779.0   500.2431914232951
780.0   503.8754974229171
781.0   486.23197131832546
782.0   481.7784713649869
783.0   464.70946842722856
784.0   457.57576719898714
785.0   436.4162815694419
786.0   431.2372558476443
787.0   421.6323813148699
788.0   414.657060427322
789.0   397.1173224628096
790.0   390.95471168859495
791.0   377.49293315095497
792.0   370.73780879733584
793.0   359.41910268222443
794.0   342.3138236881739
795.0   336.11589124548755
796.0   330.0070679648703
797.0   337.5678575958442
798.0   310.08936036816635
799.0   300.6852632033863
800.0   289.5217080457169
