500.0   246.78664551587724
501.0   248.79440246243337
502.0   245.66982540073622
503.0   243.53772770862085
504.0   241.84244707916906
505.0   233.5729636900331
506.0   225.25681212680598
507.0   219.73213369517936
508.0   210.190412260122
509.0   202.10998120703684
510.0   197.42388076283606
511.0   190.19066733273954
512.0   195.14554362053696
513.0   197.4413440261414
514.0   179.05803105772762
515.0   180.4321262013865
516.0   180.74731427190403
517.0   184.27337451319863
518.0   177.5184000891011
519.0   184.8981672648199
520.0   171.87145903841477
521.0   179.317862980835
522.0   183.32526970996255
523.0   179.91356486568688
524.0   186.44143403107878
525.0   193.66093052728422
526.0   194.86291340463998
527.0   204.39577187785295
528.0   210.96291264869708
529.0   217.75738203571058
530.0   229.95676758700898
531.0   232.40832748140406
532.0   240.61436607717397
533.0   245.3078575994413
534.0   250.11530479609328
535.0   259.9080792640917
536.0   271.0823364402695
537.0   279.3657547371714
538.0   286.8081517607949
539.0   294.1740048444162
540.0   292.277343119552
541.0   287.4184989282112
542.0   300.43292406592786
543.0   300.4600579910742
544.0   286.3618004844417
545.0   280.4715000559818
546.0   276.9314537292555
547.0   264.24998965126406
548.0   258.69591425281914
549.0   253.02653924638415
550.0   242.55305847202175
551.0   235.68366392084883
552.0   234.51946332398717
553.0   225.06211663023242
554.0   221.0737687402413
555.0   209.671574024204
556.0   208.41243178304845
557.0   201.78352642646257
558.0   208.58583332885652
559.0   203.95108398262238
560.0   199.85678273984632
561.0   196.71506893115307
562.0   191.3693540144155
563.0   192.64651773124672
564.0   198.8385139789853
565.0   190.45182423980754
566.0   210.16298440788367
567.0   207.21360715291019
568.0   202.34720326226685
569.0   213.96357512433462
570.0   221.8233732976524
571.0   221.16203400071262
572.0   223.62003879713345
573.0   223.7704004416031
574.0   233.25923429320275
575.0   250.48795686060475
576.0   247.91975481361078
577.0   258.8221040843107
578.0   258.51738571490694
579.0   269.16055824631013
580.0   279.16784128812003
581.0   288.0589712732415
582.0   284.883903508551
583.0   295.20882419448645
584.0   300.7379186052656
585.0   305.38899480710995
586.0   312.57898834671965
587.0   309.2681074144546
588.0   309.9807140471485
589.0   321.2873390709051
590.0   309.7349945062613
591.0   315.14042029193325
592.0   303.78376897446896
593.0   300.67711306625324
594.0   302.6058264803265
595.0   288.1563139124153
596.0   291.665511502345
597.0   282.52863487013883
598.0   277.5347380596535
599.0   269.28889268218074
600.0   265.4260840434983
601.0   264.1978701533176
602.0   253.92439604852453
603.0   255.4244059941129
604.0   249.28923640963546
605.0   246.39034984697173
606.0   253.08979900299522
607.0   248.1595056552806
608.0   241.38948287782438
609.0   230.53002582089633
610.0   231.3850556430827
611.0   232.69398359475616
612.0   236.3024358281442
613.0   224.5321845504244
614.0   219.25489074749558
615.0   224.30968770993027
616.0   230.20506066379644
617.0   237.05058564029375
618.0   229.0100005581276
619.0   239.7081586696454
620.0   235.87713929241082
621.0   247.78662624996602
622.0   247.93492672609466
623.0   256.75344948301506
624.0   268.854684760611
625.0   274.42644713958947
626.0   285.27391803550324
627.0   290.50877887818757
628.0   299.9786834158207
629.0   308.9103816310535
630.0   318.82034176683334
631.0   329.531538060403
632.0   334.20066399372166
633.0   338.8539263717366
634.0   350.4835471515544
635.0   350.11016932639893
636.0   354.70960181227366
637.0   358.20312824760305
638.0   367.806905366454
639.0   375.0536554044923
640.0   371.3262636904667
641.0   378.81172253778226
642.0   379.38231455985147
643.0   376.84559913435976
644.0   370.59760924726527
645.0   372.85738865656356
646.0   375.2419086504151
647.0   371.51297219329
648.0   359.2587245586525
649.0   360.7366204810588
650.0   356.4726096485497
651.0   352.49942050367446
652.0   348.36571766010934
653.0   344.7500163876445
654.0   342.82484800382326
655.0   335.16386691836146
656.0   333.67072686882335
657.0   337.5790361320206
658.0   332.5955695382213
659.0   334.66398292884935
660.0   332.7065158025539
661.0   326.66408502391084
662.0   331.81655211008774
663.0   332.10006108410573
664.0   333.3799643753615
665.0   339.99203249516574
666.0   328.75892311486547
667.0   336.8388499796521
668.0   331.92579882993147
669.0   337.15946684053057
670.0   349.82386688924754
671.0   355.6676571070285
672.0   365.0389836724801
673.0   363.3029701860924
674.0   363.2339866297325
675.0   372.16152659816726
676.0   375.9532414199924
677.0   384.2142562224992
678.0   381.29727774105606
679.0   398.4803453856143
680.0   402.9423289587671
681.0   408.5707191333853
682.0   421.8295084051405
683.0   426.5559419720224
684.0   434.20525597871
685.0   444.9804331961259
686.0   453.83751735599867
687.0   463.7846541894957
688.0   463.2358194219212
689.0   474.53314664485043
690.0   487.57568191262385
691.0   488.69577815991886
692.0   503.7051120164952
693.0   518.3653092451289
694.0   511.2167812345838
695.0   526.1760785312231
696.0   516.2433313957099
697.0   511.4890136416174
698.0   538.9336302090198
699.0   537.3956099978034
700.0   529.4776476959762
701.0   524.48492037623
702.0   531.5112555293941
703.0   525.0493607114344
704.0   524.9282874982622
705.0   529.3522265212453
706.0   523.4243670898209
707.0   516.9467027710303
708.0   515.4251320710601
709.0   515.6628313616268
710.0   500.2884843214264
711.0   491.7507660683582
712.0   488.55143926555286
713.0   481.5138244893275
714.0   476.3448424364751
715.0   468.9440474153231
716.0   470.655260791909
717.0   471.2120446313503
718.0   459.9462868637713
719.0   456.81413794438697
720.0   449.09444275172433
721.0   436.7043268734995
722.0   441.4961920634835
723.0   440.3418056970002
724.0   442.319192444815
725.0   428.4849812986537
726.0   431.9475750734463
727.0   422.00061707764337
728.0   418.15454361667116
729.0   422.7863389748612
730.0   396.92609062193253
731.0   407.8177350164505
732.0   421.84527329798277
733.0   415.18917845956844
734.0   414.3982729064172
735.0   408.9245028246181
736.0   395.06538078814424
737.0   394.0843367320058
738.0   408.1470525499127
739.0   392.2309327894135
740.0   410.9773978932726
741.0   400.0838474259192
742.0   404.51598331448224
743.0   393.1418053010784
744.0   398.24806286600074
745.0   386.6560710245028
746.0   386.72258982839
747.0   392.5704083953914
748.0   388.83517865265634
749.0   389.45100286668594
750.0   396.1512193379729
751.0   400.7510975334863
752.0   407.7438570202569
753.0   419.22932872885457
754.0   430.94234483628395
755.0   450.2963475751568
756.0   468.3367659724622
757.0   477.72603187890746
758.0   497.46612860272364
759.0   508.0509625389336
760.0   529.025687612436
761.0   551.6539188508483
762.0   569.9849572741215
763.0   589.5669850820796
764.0   601.6692596322235
765.0   615.9206785152578
766.0   630.2656540950619
767.0   630.0538249802036
768.0   659.602486073608
769.0   640.7978271084717
770.0   647.4391617790569
771.0   654.2232841142998
772.0   658.3229889681064
773.0   642.6364024873106
774.0   647.9916651924509
775.0   636.3861075019464
776.0   632.5806848827265
777.0   636.1858692146151
778.0   628.3184711391102
779.0   603.7670899274016
780.0   604.4101738058862
781.0   590.0103238251485
782.0   583.3981980586836
783.0   561.0937851773798
784.0   549.6749473940472
785.0   530.1236722738543
786.0   524.3074274761125
787.0   509.6722364598645
788.0   500.57020395116524
789.0   479.6569018316619
790.0   470.3284829176077
791.0   460.01071862527294
792.0   451.19917131273763
793.0   436.243635435271
794.0   413.3673531201729
795.0   406.63792862027344
796.0   398.0335399778817
797.0   408.0424469317661
798.0   375.72905100928676
799.0   365.7324157712934
800.0   354.7895988010151
