500.0   276.9701720919808
501.0   277.4622080823036
502.0   273.2385948698404
503.0   270.4460709192073
504.0   271.3481487516912
505.0   259.99771701528186
506.0   252.04249519792205
507.0   244.54296119966534
508.0   232.63767001265427
509.0   229.1187368769537
510.0   221.85014413000567
511.0   213.64491430478617
512.0   215.67794696939922
513.0   217.95826649308043
514.0   199.49507357792854
515.0   200.95353677897248
516.0   204.42084105653197
517.0   206.88520507645325
518.0   197.80195117118794
519.0   209.89665496273506
520.0   190.7665579564729
521.0   202.6489907995985
522.0   205.2823205838237
523.0   203.07663743838967
524.0   208.96176420906554
525.0   216.26123928049464
526.0   219.72775097459726
527.0   228.88582743975155
528.0   235.29214655449672
529.0   242.4044631158343
530.0   256.9950696564709
531.0   259.81877026520436
532.0   270.3629315701222
533.0   274.54670311933467
534.0   283.74430325897526
535.0   292.63196342531535
536.0   303.84426178156207
537.0   312.1128729908532
538.0   319.4081174449037
539.0   330.57203755328464
540.0   329.49731079237245
541.0   323.63489255708464
542.0   333.6896226505291
543.0   333.92994352861865
544.0   319.8378076456388
545.0   313.27334066975584
546.0   311.0523104461247
547.0   297.82905062782334
548.0   288.8652644152689
549.0   282.46738527396724
550.0   272.2558968314346
551.0   260.9775468410653
552.0   266.65668926704666
553.0   250.98610149174812
554.0   245.22868233139093
555.0   233.32396816624248
556.0   236.48915615503134
557.0   227.6040493760554
558.0   234.24707493761176
559.0   229.7126700010711
560.0   223.12333206292317
561.0   223.3039041286805
562.0   215.02050996786565
563.0   220.159779327325
564.0   227.56144182991386
565.0   214.5913520712008
566.0   238.1798167305686
567.0   232.8952192124649
568.0   227.79474169717852
569.0   240.81797169732766
570.0   252.3174502934206
571.0   250.31659299122205
572.0   250.02702315275988
573.0   251.09530184323955
574.0   263.18048206580374
575.0   282.05376542944214
576.0   279.5509376359713
577.0   289.9041391714561
578.0   290.8325497759405
579.0   303.3505932396435
580.0   315.3053872493017
581.0   326.191211253272
582.0   323.0138836359038
583.0   332.73554179661056
584.0   334.1623955778617
585.0   342.42514491941324
586.0   352.5927238056127
587.0   348.19249660125246
588.0   348.5921643749807
589.0   357.7773593639512
590.0   351.9823771090671
591.0   354.8363694733498
592.0   342.2541477568631
593.0   342.81733628075403
594.0   337.0803137271047
595.0   329.87854334154946
596.0   327.1003702093938
597.0   319.3450653601841
598.0   315.8334634271242
599.0   305.3001490320147
600.0   300.02211849339466
601.0   297.20644460099527
602.0   286.0782336450004
603.0   287.64033435951546
604.0   279.75348536358786
605.0   281.1299049831663
606.0   284.79222528132254
607.0   281.92600786191593
608.0   275.9408250004079
609.0   261.2770714922008
610.0   261.83961458642835
611.0   263.1292514877383
612.0   269.395618398881
613.0   255.2058346967064
614.0   248.59552055153077
615.0   255.2001110747702
616.0   262.95873408021237
617.0   269.3980475289562
618.0   260.0327233789635
619.0   266.6490549910395
620.0   267.54191331973743
621.0   284.0539840531387
622.0   281.16212146339313
623.0   287.52003869493745
624.0   303.4755797957962
625.0   310.8306535575082
626.0   325.5636718658584
627.0   328.9460870198881
628.0   342.26296559818877
629.0   350.72751719700204
630.0   362.0567923686148
631.0   373.8561671806823
632.0   377.93813847981477
633.0   381.00469310177374
634.0   397.38739973458144
635.0   398.95131011121975
636.0   405.69795030399786
637.0   407.7000264633287
638.0   414.3864170498689
639.0   423.85402776470886
640.0   424.7242768618213
641.0   429.4522147681558
642.0   429.79040995499327
643.0   428.2518150121706
644.0   423.1474872550974
645.0   423.22293437809265
646.0   426.53300093727717
647.0   419.86338864481297
648.0   407.68952237391295
649.0   407.51621764494485
650.0   405.8655177293633
651.0   402.41465452779795
652.0   398.0723751525227
653.0   392.0703700985567
654.0   390.96505353918667
655.0   381.7887631858582
656.0   382.59139028294345
657.0   385.36985562154354
658.0   378.6571125837405
659.0   379.8256096310721
660.0   377.9510077574141
661.0   373.5647438159958
662.0   377.75635565364996
663.0   376.5697830262202
664.0   377.9131675446422
665.0   387.4856865197962
666.0   374.5221946618779
667.0   383.8416943363495
668.0   375.7500713939542
669.0   386.26091129613195
670.0   398.8653918428616
671.0   404.74286963072154
672.0   415.03719112488113
673.0   414.52790251830123
674.0   412.8111434112691
675.0   421.72231305140747
676.0   424.0449646091712
677.0   435.9480975970272
678.0   433.0956360578633
679.0   450.68167260516327
680.0   460.5557683667538
681.0   467.17290431321715
682.0   480.6543015381378
683.0   483.12752753592395
684.0   496.10858611547377
685.0   507.7626928118333
686.0   519.2431018462207
687.0   525.195248762027
688.0   526.1370491255982
689.0   543.3288207019261
690.0   556.6855202602749
691.0   556.430013500726
692.0   576.9709224859237
693.0   591.5084570625075
694.0   583.9486161259292
695.0   603.9851646081729
696.0   594.9938838199673
697.0   584.274102004149
698.0   616.1045951716462
699.0   616.9849983670784
700.0   607.9099544544868
701.0   599.7567906023041
702.0   609.6936112436398
703.0   596.3014613017307
704.0   605.046361418116
705.0   608.6641240185968
706.0   602.5651318235496
707.0   594.1967999371716
708.0   586.2886157666474
709.0   587.3803818738386
710.0   572.6936164780583
711.0   564.8497330857682
712.0   556.9994779017071
713.0   550.3248159997003
714.0   541.3319185320036
715.0   538.180134310783
716.0   535.0438504400792
717.0   542.4359062027522
718.0   524.0312712860439
719.0   530.1261384664355
720.0   512.6120988885889
721.0   500.8852669190945
722.0   507.300269514015
723.0   504.79023092619167
724.0   504.02807069507156
725.0   491.1955891282756
726.0   493.46519623564257
727.0   489.19660174666353
728.0   483.48283896653106
729.0   486.652464308635
730.0   457.99706061606537
731.0   469.09690571539096
732.0   484.59232720304647
733.0   478.0330075021301
734.0   475.40002883145496
735.0   467.98484109041124
736.0   453.1159633159265
737.0   455.21989966916624
738.0   466.9212329399619
739.0   450.70391973631604
740.0   472.4568730210416
741.0   458.42799596485554
742.0   465.6403301119442
743.0   448.99061446686324
744.0   459.56768803952593
745.0   443.09367219803755
746.0   444.70732346020634
747.0   449.6797054170279
748.0   444.84547807409473
749.0   446.8776319679374
750.0   456.77631310330383
751.0   462.15454053685875
752.0   468.7187517670412
753.0   477.49934984626253
754.0   493.4770225431621
755.0   513.8972761890255
756.0   536.7656823185702
757.0   551.6206904703554
758.0   576.1356766420677
759.0   581.937355774249
760.0   606.6172422845664
761.0   630.6175470014738
762.0   653.8399965754273
763.0   675.828640923809
764.0   689.1359500020368
765.0   709.2739638357664
766.0   720.8882195140362
767.0   724.5186149123813
768.0   755.5979003282478
769.0   740.9815620982297
770.0   750.6264894293341
771.0   755.2901235765562
772.0   753.0124368025275
773.0   738.5227066483858
774.0   744.2222549809724
775.0   728.2281911563132
776.0   725.8689242988123
777.0   726.9048574532992
778.0   723.8034041652759
779.0   692.6008265814852
780.0   694.5991405948133
781.0   675.5979913024458
782.0   672.3443910602462
783.0   645.0154452156904
784.0   630.2494620542168
785.0   610.3487429595366
786.0   601.0432223116493
787.0   583.4881419082578
788.0   573.8143619868697
789.0   554.0269153533748
790.0   542.0353972717126
791.0   525.8662757186695
792.0   517.4862008705184
793.0   499.6114162600537
794.0   477.82765070132734
795.0   466.1826735021183
796.0   459.42821797484635
797.0   463.57203269954493
798.0   429.77628500063577
799.0   415.27268754110264
800.0   403.5651565411733
