500.0   310.1424226757895
501.0   312.2181835205041
502.0   305.036614944789
503.0   302.53609991589485
504.0   300.8338977752076
505.0   289.5218303090959
506.0   280.2723431653242
507.0   273.5288906687471
508.0   260.647076386827
509.0   255.89983338128914
510.0   247.88054503522898
511.0   240.83413247213483
512.0   244.5286354219619
513.0   244.82575573469933
514.0   225.21918155807137
515.0   225.72782229250367
516.0   227.91825249564357
517.0   232.67046137014233
518.0   222.81748691966428
519.0   234.51500667505712
520.0   216.01882594229923
521.0   225.39278457492458
522.0   233.03902779889452
523.0   228.61840904622275
524.0   234.4514178728261
525.0   242.5990151059347
526.0   247.9410156226627
527.0   254.6771118807332
528.0   264.79757951417287
529.0   275.51981754387697
530.0   286.715773185339
531.0   293.3055440284063
532.0   305.02924430254166
533.0   308.4853457830403
534.0   321.16464217384987
535.0   327.85280110980364
536.0   343.240835633035
537.0   353.9538785736363
538.0   360.95614116935064
539.0   370.3359928795355
540.0   367.4309048673588
541.0   362.23529230027145
542.0   378.0549852916465
543.0   375.54465499309197
544.0   360.4048153431013
545.0   354.12106531133793
546.0   348.98379828262966
547.0   334.7898943698509
548.0   326.939827990468
549.0   316.18831911345774
550.0   309.0127087771333
551.0   294.9750774887193
552.0   298.66753318654025
553.0   283.6701166300619
554.0   279.3065699210754
555.0   265.60180284704165
556.0   264.820751670993
557.0   259.84326399889017
558.0   263.9445768341286
559.0   257.227242179139
560.0   251.70501151329108
561.0   252.3615749456234
562.0   243.25028309443283
563.0   245.7621226909235
564.0   254.35625903585145
565.0   243.28121853093188
566.0   268.7412989296532
567.0   261.65166140443455
568.0   258.4975647943709
569.0   275.69285598621514
570.0   287.5160970635369
571.0   284.39065413941205
572.0   286.25988316499536
573.0   284.2993497250468
574.0   299.722428211213
575.0   318.5563553233908
576.0   315.8249273666907
577.0   326.3187391073738
578.0   330.5709145139896
579.0   345.0410474304634
580.0   354.96579444795657
581.0   367.220838938691
582.0   368.6270775938587
583.0   378.4249492384608
584.0   383.85815246450676
585.0   394.89934713393666
586.0   404.3275556216849
587.0   396.2251632801779
588.0   398.64946596576
589.0   410.0582839582818
590.0   400.373156490263
591.0   406.3353350224886
592.0   390.35154262646773
593.0   389.42203735173575
594.0   386.95606842078087
595.0   372.1560181419724
596.0   373.7030304933554
597.0   365.84939575304054
598.0   357.92536147118034
599.0   345.9121823762115
600.0   338.13898314045724
601.0   340.2060021565592
602.0   325.5334664645169
603.0   329.8168658304826
604.0   321.12241147417575
605.0   318.44839855637497
606.0   326.58262618165196
607.0   322.0656005373952
608.0   315.0763450799937
609.0   300.3222404866549
610.0   301.6332192148024
611.0   299.83117451373994
612.0   307.0222860945447
613.0   293.0062878265579
614.0   285.6147379319498
615.0   290.4014821166809
616.0   299.1228562143199
617.0   305.9664970423246
618.0   299.2509115120256
619.0   308.9033435644861
620.0   307.792290749681
621.0   322.7341925310278
622.0   320.72065308337216
623.0   331.78203186429204
624.0   346.903276998312
625.0   355.05718143239744
626.0   369.18731323535985
627.0   377.79533546813917
628.0   389.85615338027844
629.0   398.11045395714007
630.0   415.366230767271
631.0   426.87778035082374
632.0   434.71162909472076
633.0   439.25381150069137
634.0   452.6577426275612
635.0   459.13258174446923
636.0   466.9776092505861
637.0   472.2621694446587
638.0   477.9434880619235
639.0   488.14145539321277
640.0   489.1052712796344
641.0   491.1271931755892
642.0   493.55332589080274
643.0   490.1956584290607
644.0   489.30006483802515
645.0   485.8218792679555
646.0   489.8877516804299
647.0   481.1334745332812
648.0   470.20636588292723
649.0   469.9279563347816
650.0   464.1331665015646
651.0   462.8377854703727
652.0   455.5600443333685
653.0   450.76873652056184
654.0   448.30275261850284
655.0   441.3974729116885
656.0   438.5484127390824
657.0   440.20975505637176
658.0   436.25523869773986
659.0   437.1788310669515
660.0   438.4193950752416
661.0   429.87523549661546
662.0   434.8907743595504
663.0   434.462919582797
664.0   437.38818793541657
665.0   448.0381319662704
666.0   434.93117166360736
667.0   440.66470458058427
668.0   437.42524266176287
669.0   442.1699166708008
670.0   460.5077704409387
671.0   467.56791498553014
672.0   479.54141316202833
673.0   478.8911333618258
674.0   476.5994702329399
675.0   487.5456672763488
676.0   489.7116373286584
677.0   503.34876796413835
678.0   501.62323766913573
679.0   521.4028443429362
680.0   533.7634039284472
681.0   540.0329712763173
682.0   554.3259252983813
683.0   558.3805004675925
684.0   578.0442030816143
685.0   587.0050832630114
686.0   602.3136839419042
687.0   610.110796694906
688.0   608.5458534486577
689.0   628.1101113773243
690.0   642.305852897887
691.0   645.8031881093756
692.0   671.9226347369256
693.0   685.3756542875802
694.0   680.257660382485
695.0   695.4343970131753
696.0   689.4415986480969
697.0   677.2940810589937
698.0   715.5264581130367
699.0   709.415061172671
700.0   703.1675587370826
701.0   693.0887477791531
702.0   705.4178047154205
703.0   696.44959093511
704.0   697.3631888871524
705.0   703.503478965303
706.0   694.975406679763
707.0   688.9580648290927
708.0   682.8596696258527
709.0   677.4133840003262
710.0   663.3928089092568
711.0   656.4270152840475
712.0   647.8906986689368
713.0   637.9412660622484
714.0   631.7917735453045
715.0   626.8434877961
716.0   623.1298902974173
717.0   625.250381490652
718.0   611.6195675813891
719.0   613.3767946726366
720.0   597.8384222839593
721.0   584.2534702586029
722.0   589.8411520534596
723.0   586.2532304197025
724.0   586.367150747901
725.0   568.4412620079808
726.0   575.1676337307442
727.0   568.6020159989434
728.0   559.1595377029905
729.0   565.2008412933133
730.0   533.114835507927
731.0   547.0373584639201
732.0   563.0761586742027
733.0   559.1185581259624
734.0   556.071041642195
735.0   543.593088333959
736.0   527.9239979789053
737.0   532.342627984139
738.0   541.2923576300059
739.0   523.1709271615902
740.0   547.1154605917842
741.0   533.7273038067367
742.0   542.3871854949427
743.0   524.2430250568011
744.0   532.1407975710389
745.0   518.2728910664894
746.0   518.0500278402955
747.0   526.965825034031
748.0   519.3299722984675
749.0   520.3673616329544
750.0   530.4216675203752
751.0   536.093643627094
752.0   540.4917992421846
753.0   557.7534145199115
754.0   577.4243003128809
755.0   600.9860157319554
756.0   624.8642558642142
757.0   642.513788519974
758.0   668.3735214347513
759.0   681.5064004492863
760.0   706.4619756519595
761.0   738.2575309722909
762.0   761.6334746363646
763.0   787.9336289535931
764.0   809.9058956064094
765.0   827.0829129063225
766.0   844.5455225883567
767.0   842.7559015987707
768.0   881.462450893828
769.0   863.435865799123
770.0   873.5389494129984
771.0   881.8270215418534
772.0   886.3982669322324
773.0   860.374740478457
774.0   866.552350439863
775.0   852.4033725110825
776.0   850.3570362521441
777.0   849.3220944862941
778.0   843.5859935927108
779.0   809.9247547053636
780.0   809.1350197840783
781.0   788.9529228956883
782.0   776.7867231359076
783.0   754.4704053214842
784.0   738.8340169628457
785.0   709.5375368465689
786.0   701.0277250550561
787.0   679.2820367889944
788.0   668.5109169500529
789.0   647.917291118438
790.0   631.3529463604291
791.0   612.7714899999103
792.0   603.6269307949517
793.0   581.4378176427493
794.0   555.5324447256226
795.0   542.1452696806366
796.0   533.6261758059441
797.0   540.4781066682896
798.0   500.4958428197299
799.0   482.0130513246402
800.0   471.28530935876637
