500.0   337.15680228392546
501.0   335.98454676638926
502.0   328.8613040388796
503.0   329.85393386540295
504.0   326.49911033311736
505.0   316.3972314461979
506.0   306.50080030211825
507.0   299.44262431342366
508.0   280.8844663709567
509.0   277.4119710781862
510.0   270.69746584741523
511.0   261.03854209858855
512.0   265.0557311112392
513.0   268.24761926654713
514.0   247.28325022396078
515.0   245.7893480171079
516.0   250.36396154046923
517.0   251.40118583172296
518.0   242.55628990430992
519.0   253.53786752754974
520.0   237.1494478755479
521.0   246.11138997318193
522.0   255.39101832560905
523.0   248.9670697663021
524.0   254.25340274610667
525.0   265.30523934292415
526.0   270.2009999767166
527.0   279.70790997920244
528.0   289.65469249667535
529.0   297.8555707979655
530.0   314.31899036514443
531.0   321.3059522729584
532.0   332.8321652091038
533.0   337.096817886228
534.0   349.3891236886252
535.0   364.0233427584245
536.0   378.0308302457329
537.0   387.6613903493062
538.0   396.9847560355764
539.0   405.64594022058316
540.0   405.8895961668477
541.0   397.49097778839723
542.0   409.93303369322575
543.0   414.06227858837735
544.0   394.26109452944354
545.0   386.6401863275354
546.0   383.7407764743116
547.0   366.2008510172683
548.0   359.1012269969206
549.0   349.8683246783701
550.0   337.235236485104
551.0   323.57539730181475
552.0   328.22314783158714
553.0   310.2808303991084
554.0   305.76921451194727
555.0   292.8292881887834
556.0   294.24120323427917
557.0   285.58691063199245
558.0   291.6623865858203
559.0   281.7366285299023
560.0   277.29178589608466
561.0   277.1790110638534
562.0   267.4948128466989
563.0   271.7111254761502
564.0   279.38694547061186
565.0   268.02167436035785
566.0   294.2433248102168
567.0   289.08439325553456
568.0   282.6444686958507
569.0   301.87855233209524
570.0   315.6923960872839
571.0   311.09525536187596
572.0   314.29020146574373
573.0   316.3454877675216
574.0   329.27850886165913
575.0   349.3244661058361
576.0   348.2124466768912
577.0   359.2620043423034
578.0   365.4631583411525
579.0   379.1535656133529
580.0   393.68832329559064
581.0   403.02792694766885
582.0   405.7865248938445
583.0   420.6824251230385
584.0   421.45282279959366
585.0   433.50855608163806
586.0   440.6261148406955
587.0   436.40673052544713
588.0   440.58095653055943
589.0   451.8032300985798
590.0   438.20414226551134
591.0   445.5182073956978
592.0   428.5891432230996
593.0   427.7848658737764
594.0   425.04267437579347
595.0   412.4009325894314
596.0   410.8833179774273
597.0   398.78441206674677
598.0   391.7473619681145
599.0   381.12654493963373
600.0   374.0548435290263
601.0   371.6705838886278
602.0   356.2788454095328
603.0   361.4489606732076
604.0   353.2877927392957
605.0   353.4933967559176
606.0   359.2093983432538
607.0   354.06713316817655
608.0   348.10951086931163
609.0   330.18694428366996
610.0   331.4588496780007
611.0   330.7396003313413
612.0   337.96376035921855
613.0   323.9571236296875
614.0   314.9762234309811
615.0   319.18485044400575
616.0   327.27862800193327
617.0   338.20656348538466
618.0   331.0093043382932
619.0   338.75901759620547
620.0   340.29528045066695
621.0   354.1780593683194
622.0   355.7495623681137
623.0   367.1562615556855
624.0   382.07961913152496
625.0   391.40968450569244
626.0   407.66781003267647
627.0   421.4339218497461
628.0   431.9440718369352
629.0   441.7759112023235
630.0   457.79186453200344
631.0   470.7265974197745
632.0   481.8919837733551
633.0   485.97979210974523
634.0   500.6140265325698
635.0   506.08895450699356
636.0   516.6241457661881
637.0   522.2250105643363
638.0   527.3563539825016
639.0   538.3187570672976
640.0   541.7569658880352
641.0   546.4432326908307
642.0   547.8551279061496
643.0   541.6182654482352
644.0   534.7797442801988
645.0   540.0080490196076
646.0   541.0317584857037
647.0   536.7904864195889
648.0   519.9977510466146
649.0   517.9408437698698
650.0   515.4522325411614
651.0   509.8261042861763
652.0   500.7376802212881
653.0   499.6676837819277
654.0   496.8766191595183
655.0   488.476904644516
656.0   486.9733032754635
657.0   488.14636779168353
658.0   483.2161805205393
659.0   484.8464633616869
660.0   484.1705538652383
661.0   477.3120354842465
662.0   480.8343146049002
663.0   484.86404233667906
664.0   484.6177866715028
665.0   495.40812538682394
666.0   483.23642051320013
667.0   493.0640562533987
668.0   483.8416200184992
669.0   493.8795834176704
670.0   511.58496248575983
671.0   519.2922546604784
672.0   532.5559436619259
673.0   527.4532657887794
674.0   527.8360071140555
675.0   541.4975656018465
676.0   540.8181338509572
677.0   559.4097258672134
678.0   556.655069343897
679.0   580.3032683522129
680.0   592.2299306867823
681.0   598.395495790583
682.0   615.3505243699723
683.0   626.1047735223892
684.0   638.803824725951
685.0   651.856531859511
686.0   667.3366720821319
687.0   677.0907204089792
688.0   678.7072718918638
689.0   699.3634360237456
690.0   716.2974675890528
691.0   714.5359908844849
692.0   741.7814589291643
693.0   762.8424326795615
694.0   757.0303384760241
695.0   773.2502310260894
696.0   763.3751473301918
697.0   751.5623486028778
698.0   793.311993682298
699.0   793.7835296426175
700.0   786.8305297405961
701.0   769.9349751950562
702.0   785.7748330489353
703.0   772.6377185046225
704.0   773.4334600258023
705.0   780.8861187076047
706.0   773.6179638023605
707.0   764.0906946393993
708.0   755.0707396842815
709.0   755.433543657673
710.0   737.8375123700289
711.0   726.4613572579331
712.0   719.1546159870354
713.0   713.7231293949515
714.0   702.5157256666307
715.0   693.831527794066
716.0   695.7957081011634
717.0   696.2620461834634
718.0   677.5792514591805
719.0   681.3782576868563
720.0   663.2469020297387
721.0   649.684287736859
722.0   654.2253315918414
723.0   652.4735049406061
724.0   653.6984464179911
725.0   636.1138190364491
726.0   639.5965194247678
727.0   631.7470496897959
728.0   621.3070174801877
729.0   628.389742819928
730.0   588.8826752924708
731.0   605.9177031714644
732.0   625.291687436527
733.0   619.9885798542375
734.0   618.4976897970945
735.0   606.6710515708553
736.0   586.58238167448
737.0   588.7459890398385
738.0   603.1274015114291
739.0   581.5564941565386
740.0   611.5359833323449
741.0   596.6944299476021
742.0   604.0186723767952
743.0   583.4631514851859
744.0   594.9505213893782
745.0   575.1149178641567
746.0   579.8925138954633
747.0   583.2674907343811
748.0   577.0377292576372
749.0   579.485575451888
750.0   590.1382352063379
751.0   594.4516607825265
752.0   602.017035313978
753.0   624.0130665144486
754.0   641.798703430476
755.0   668.6664567018806
756.0   691.4906878807316
757.0   716.1435450964393
758.0   744.589563806651
759.0   755.3311694403485
760.0   788.1955746939974
761.0   818.0686470437818
762.0   849.8371977961461
763.0   882.1212590169605
764.0   898.7410583854531
765.0   921.209689310529
766.0   938.9182717022633
767.0   937.1641908645762
768.0   983.6729085756892
769.0   964.8549620659693
770.0   977.710831384501
771.0   983.5667722180613
772.0   984.2904579052431
773.0   959.9153698650902
774.0   968.7988160195907
775.0   947.3446672413917
776.0   943.6110071167222
777.0   946.361172564791
778.0   937.8271065079982
779.0   904.3261021916477
780.0   905.054722218217
781.0   878.9657909854747
782.0   864.0198956817686
783.0   838.5344279564614
784.0   821.9927649612112
785.0   791.6471396954264
786.0   781.333570367486
787.0   761.3865033570611
788.0   743.5487640907777
789.0   717.7651202505555
790.0   706.873315274152
791.0   682.6374577579229
792.0   667.8629971107243
793.0   646.2231978172158
794.0   621.5351008437292
795.0   604.38709859621
796.0   593.4937416066456
797.0   602.8960400056328
798.0   559.008020748661
799.0   537.1103419046875
800.0   523.883457187206
