500.0   367.9548301863067
501.0   367.7545660564148
502.0   361.6997527903223
503.0   360.70076192556644
504.0   357.19153069787234
505.0   344.05973534742907
506.0   336.16559360489765
507.0   326.3189005187053
508.0   311.41618618677774
509.0   304.118339231802
510.0   295.9330397636573
511.0   286.8895621613344
512.0   291.1878428287524
513.0   291.0013420243804
514.0   268.78699594460386
515.0   267.3207696052087
516.0   272.759838747248
517.0   276.23632005545574
518.0   269.093206523831
519.0   277.5175298482947
520.0   259.46096920396303
521.0   272.3090801561319
522.0   278.3069861897857
523.0   273.9678208237584
524.0   279.94922325986965
525.0   293.0093493824641
526.0   295.77086143664127
527.0   308.60800387375525
528.0   316.75384470788083
529.0   331.22416825997544
530.0   343.2135868919658
531.0   349.79724238361257
532.0   365.48520332001146
533.0   372.08855288899554
534.0   381.5675896137858
535.0   396.671037398761
536.0   414.0090254932817
537.0   426.22515586435145
538.0   435.5994953657089
539.0   445.6451378894079
540.0   444.2648669320711
541.0   438.859736061739
542.0   450.7144104857107
543.0   451.4815808747296
544.0   435.27449034872063
545.0   427.4475367487138
546.0   419.92830613126966
547.0   404.03890063477013
548.0   395.5562795632032
549.0   386.0189876459234
550.0   370.63878832479486
551.0   356.7347517360406
552.0   359.6343338893892
553.0   342.0577325186506
554.0   338.39247751759575
555.0   322.9620753175868
556.0   322.48894346550014
557.0   314.1033547128423
558.0   321.9767338703341
559.0   309.49807576315754
560.0   305.7296031995932
561.0   307.42311150127045
562.0   295.1668897023143
563.0   298.3792927916125
564.0   311.12318055810346
565.0   296.01397202825757
566.0   326.5768884638476
567.0   319.6007180954575
568.0   313.0960183284402
569.0   330.07138858251454
570.0   346.9133291281886
571.0   343.291524433899
572.0   343.95806306573525
573.0   348.89636721840355
574.0   361.1201150333528
575.0   387.8458551301884
576.0   383.8710873844037
577.0   399.7326818697119
578.0   404.1084213778571
579.0   420.26751043471546
580.0   436.72786684801736
581.0   446.64468718760617
582.0   448.72149222371075
583.0   462.6255433457106
584.0   470.06192782336126
585.0   479.5149702106353
586.0   490.72660510910947
587.0   487.6805169876348
588.0   485.43193745400106
589.0   497.2561248695649
590.0   486.9645888721856
591.0   493.4456567781664
592.0   476.1370023206519
593.0   475.90161426788313
594.0   469.7954428774551
595.0   455.3408862204147
596.0   453.6823745608707
597.0   444.63143282805936
598.0   438.6001337078587
599.0   424.48526736037866
600.0   416.61455486929975
601.0   414.72349340605103
602.0   396.0952625097682
603.0   401.4032639333443
604.0   392.18907896752114
605.0   389.7045633136196
606.0   399.20970160127234
607.0   392.4461965516892
608.0   385.8719705739536
609.0   367.8713705933135
610.0   367.7614818002358
611.0   367.1766853138363
612.0   374.78588507415895
613.0   360.54625077688394
614.0   350.36265503014727
615.0   354.54187982230667
616.0   365.7309452326323
617.0   378.85398871929044
618.0   367.3035421835797
619.0   378.3202966354478
620.0   379.052846764488
621.0   397.11298722479717
622.0   396.46778446918796
623.0   407.39115822649643
624.0   427.59240859623196
625.0   436.8021096011863
626.0   455.4244630544324
627.0   465.07761066287895
628.0   481.0362590358741
629.0   495.74335471203335
630.0   510.0023526388558
631.0   525.3542090852692
632.0   537.5073741960055
633.0   539.7631868561937
634.0   557.5021725886444
635.0   564.9288782418932
636.0   578.5078046510241
637.0   584.1539908932784
638.0   587.7919063257134
639.0   601.4279932079714
640.0   603.9378095875935
641.0   610.5738192730419
642.0   610.5932464307843
643.0   602.6288992836413
644.0   598.3922481503186
645.0   599.116559846714
646.0   603.3062069495539
647.0   597.9194710512558
648.0   582.7077785739764
649.0   578.1126983488327
650.0   575.1692394288539
651.0   571.1053336011328
652.0   565.6993323889664
653.0   559.8011252994872
654.0   555.1072782933128
655.0   541.298935986762
656.0   545.2107511768111
657.0   546.1181957978429
658.0   536.9096916353715
659.0   540.3415648212552
660.0   541.4062970128577
661.0   530.7833864307274
662.0   535.2142115089343
663.0   538.5696240428781
664.0   543.5997141424599
665.0   555.1403307029173
666.0   538.4872202231454
667.0   548.1800487243319
668.0   540.5159652936579
669.0   546.5247467843667
670.0   571.7725116154008
671.0   579.6316958928284
672.0   591.4828028444648
673.0   587.2324932329395
674.0   589.566606713718
675.0   606.5400764641993
676.0   606.5270751394305
677.0   625.764954007773
678.0   625.5610333150089
679.0   647.3560085391387
680.0   661.0006077886743
681.0   671.8287205302782
682.0   685.1906253605838
683.0   698.577259970557
684.0   714.9541061999341
685.0   731.5528624679106
686.0   745.9461872645851
687.0   757.7182150748408
688.0   758.4982621868396
689.0   785.6283666389934
690.0   803.1346872585206
691.0   802.4644028734673
692.0   838.1072728144445
693.0   854.9153826807681
694.0   848.2061369719669
695.0   865.8113415989137
696.0   862.3022434829018
697.0   847.2850445416577
698.0   892.3926010474335
699.0   889.2361646743567
700.0   885.4049869303742
701.0   865.145738685572
702.0   879.3705928005689
703.0   867.0852019503317
704.0   870.4863012293055
705.0   876.8660908898041
706.0   866.2373500880431
707.0   865.2868092505494
708.0   852.2387205954107
709.0   848.2423889053877
710.0   830.4138678428717
711.0   817.0190834385313
712.0   811.7332286086407
713.0   804.1293907870149
714.0   792.6610013167074
715.0   777.8986899314925
716.0   777.6607256387953
717.0   781.1890608156547
718.0   759.6992767165938
719.0   766.0630971634229
720.0   742.1319813299428
721.0   730.5545400187459
722.0   739.7083440252883
723.0   732.1646007850732
724.0   733.0898168121525
725.0   713.8640772431606
726.0   717.3468812930585
727.0   707.1892118994789
728.0   697.3201684878953
729.0   707.5035547443011
730.0   665.3502604668029
731.0   680.0931256035992
732.0   705.5569273710252
733.0   697.4184249768122
734.0   694.2939997713497
735.0   680.3903844062007
736.0   660.9161587497157
737.0   659.7566847189477
738.0   677.7977997893116
739.0   659.3959673342309
740.0   690.4621202247414
741.0   668.4425462170417
742.0   680.150426438627
743.0   660.3207478702545
744.0   667.9260142171963
745.0   651.963480237064
746.0   648.4392804158562
747.0   656.4604971484255
748.0   651.6032199455674
749.0   651.3303619047316
750.0   663.9966588788484
751.0   668.6973334244196
752.0   679.6508418487216
753.0   700.5551890853917
754.0   721.0966550090316
755.0   751.1717067751497
756.0   779.9670696039025
757.0   804.4649157814788
758.0   839.540248207819
759.0   853.5768938876125
760.0   887.9611087081674
761.0   924.8493169182842
762.0   955.5721362468045
763.0   990.1689127855059
764.0   1009.2575758174952
765.0   1033.5749244030496
766.0   1057.4710056236768
767.0   1061.4949075605332
768.0   1103.5951893906126
769.0   1086.790436410289
770.0   1102.7014295302006
771.0   1101.0549068605617
772.0   1105.9288754595984
773.0   1080.8586464252653
774.0   1091.2800552739466
775.0   1064.678322978907
776.0   1066.5932678903878
777.0   1067.7524967466827
778.0   1060.9633139598354
779.0   1019.5952773998519
780.0   1016.7667734968477
781.0   988.7145840092979
782.0   972.6631829614299
783.0   948.3089448802567
784.0   924.7571656791634
785.0   893.578955360797
786.0   882.6898927342369
787.0   856.6978245882892
788.0   837.633167893431
789.0   813.3135900703518
790.0   791.4216154271294
791.0   766.2126664801256
792.0   756.0370612139418
793.0   727.1439244755311
794.0   699.1451177954531
795.0   681.2546023725015
796.0   667.2627412473253
797.0   676.9348376188409
798.0   629.6689433881949
799.0   602.6690800136737
800.0   590.7294935989075
