500.0   401.3952077374382
501.0   402.7397613183539
502.0   395.3696875575792
503.0   391.18080542453686
504.0   387.6293577003366
505.0   373.0923741191581
506.0   362.2589722206182
507.0   355.47043083815163
508.0   336.4547651245014
509.0   328.1393302433597
510.0   320.1557568363237
511.0   310.70524393226344
512.0   311.9238839053144
513.0   315.5942052703983
514.0   293.77372754554517
515.0   291.02143066148784
516.0   296.1030077657926
517.0   300.3812851112674
518.0   289.61531305566075
519.0   299.9982347199634
520.0   280.842102288968
521.0   292.9139169458839
522.0   303.7598758314151
523.0   296.6702432959196
524.0   302.7491510043051
525.0   315.2427693028841
526.0   319.95695385240714
527.0   334.4858515644931
528.0   343.4342111515283
529.0   357.1353313550704
530.0   374.67903346128463
531.0   383.5900112694278
532.0   396.05901701689197
533.0   405.78143156990484
534.0   417.21535770387095
535.0   432.97428529034744
536.0   451.1177806291711
537.0   462.7217626951042
538.0   473.7634888781888
539.0   487.27687814518185
540.0   482.7154335786312
541.0   478.31115311043686
542.0   491.0922295570722
543.0   492.83460781660244
544.0   474.27851864506647
545.0   463.91837627760526
546.0   453.8766290057332
547.0   439.0149654363589
548.0   433.18315950964694
549.0   419.3689654017602
550.0   406.5957738799516
551.0   388.384117617474
552.0   391.519425925318
553.0   373.8740450578907
554.0   367.56922381644137
555.0   352.17835281465136
556.0   352.4544409972207
557.0   340.35323480114914
558.0   350.83052954341713
559.0   338.1491824161368
560.0   333.60256815740775
561.0   335.02832416079036
562.0   320.78843071231006
563.0   325.7224642536925
564.0   340.1897185879324
565.0   323.78170273518646
566.0   354.4581164733188
567.0   346.03054597644336
568.0   340.6953926321014
569.0   363.9015777762683
570.0   375.5314812210231
571.0   376.10246948161387
572.0   377.9307863603336
573.0   383.3746053814055
574.0   395.35268489934606
575.0   421.8516027040897
576.0   419.3158037051768
577.0   436.3121163473461
578.0   441.0626595964957
579.0   457.11722217696393
580.0   473.824859425668
581.0   488.73919001673147
582.0   493.80638236570843
583.0   510.3312032779018
584.0   514.534742674801
585.0   522.5498415887926
586.0   536.3815787329565
587.0   531.5147327963557
588.0   536.3521218256097
589.0   546.5715437600235
590.0   535.5178508828399
591.0   538.691427093614
592.0   518.7005569017338
593.0   522.0023866037794
594.0   512.9794280748279
595.0   502.17487385237365
596.0   499.9377310297846
597.0   482.6383470711519
598.0   477.3586265776301
599.0   466.1017247488164
600.0   456.49814797913774
601.0   453.7521256587145
602.0   435.4485604501431
603.0   442.2220670914687
604.0   430.0718570833652
605.0   429.29763552443546
606.0   434.9227421725573
607.0   430.31929705345095
608.0   425.71608871017986
609.0   404.4795444393428
610.0   403.4086303905179
611.0   403.94241344273644
612.0   412.90591302234805
613.0   398.76842725483067
614.0   387.62089588095307
615.0   390.20187530538306
616.0   401.43676577037286
617.0   415.20834955584337
618.0   404.026823372256
619.0   414.7845211425994
620.0   417.68583040141516
621.0   435.89101469024376
622.0   438.75342351001933
623.0   449.3449338522158
624.0   472.3765914084314
625.0   480.2810228635376
626.0   501.6228929759211
627.0   513.7856553629149
628.0   535.3507013357919
629.0   544.8496153300628
630.0   562.0353982144093
631.0   577.8910826311154
632.0   590.100964563406
633.0   599.0864892876386
634.0   616.6269493528746
635.0   626.8526733467439
636.0   638.5608825257193
637.0   643.9273429341454
638.0   652.3734971277129
639.0   669.6526603684572
640.0   664.7140711375263
641.0   672.4993881776177
642.0   673.8860586613688
643.0   668.07094339849
644.0   665.1915197515546
645.0   664.8074383393144
646.0   669.3455554641381
647.0   660.915961029398
648.0   641.6549664391467
649.0   644.1614355401672
650.0   637.2886100828226
651.0   632.2809141435955
652.0   623.9019237835487
653.0   622.5505412854179
654.0   619.1116459314361
655.0   603.658670343807
656.0   602.5328676313586
657.0   606.7490799666159
658.0   599.8988231181648
659.0   599.5344971698593
660.0   599.0345887280574
661.0   589.116583991182
662.0   592.9098032240988
663.0   596.637686521365
664.0   603.815508922511
665.0   618.63180398577
666.0   599.5842847452682
667.0   609.5043741141483
668.0   601.9549634367668
669.0   610.7845531523988
670.0   633.751722519002
671.0   644.6931736147095
672.0   659.7321403773716
673.0   653.4553057550984
674.0   654.9491772933602
675.0   676.659285577771
676.0   676.7342676763975
677.0   696.6713354383298
678.0   699.7684990144811
679.0   721.0067601431494
680.0   737.530600808167
681.0   748.5372376445896
682.0   762.912428227144
683.0   777.7672454626116
684.0   797.2127048740917
685.0   818.1687213641846
686.0   832.7566467264152
687.0   843.5158834990168
688.0   849.5775371180584
689.0   872.4129037084874
690.0   887.2973097874134
691.0   896.4068334344391
692.0   931.1392064614536
693.0   955.5971368682115
694.0   941.1223661002729
695.0   968.5048545038499
696.0   954.9456375509233
697.0   941.6520465105918
698.0   994.7872086992205
699.0   989.6520061076488
700.0   981.2754453874118
701.0   965.6286693468758
702.0   984.1009510155221
703.0   971.565908871722
704.0   973.7620026628061
705.0   983.541730881426
706.0   968.8337320051362
707.0   967.2340631096379
708.0   950.0292085622592
709.0   948.315717963074
710.0   930.1557593926672
711.0   918.411562177136
712.0   905.6663286500476
713.0   896.2102511128268
714.0   883.7144555790076
715.0   869.7631517227022
716.0   870.0650015364353
717.0   881.1020636928484
718.0   847.0815629604316
719.0   858.5182799055285
720.0   836.4591695476745
721.0   819.9773534195508
722.0   825.8533137436809
723.0   820.4258238170955
724.0   823.05677813599
725.0   796.60552574715
726.0   804.7058881312443
727.0   792.2475115416061
728.0   780.2355710371094
729.0   787.3413802827514
730.0   746.1244170595915
731.0   761.4366833265117
732.0   787.4508173446395
733.0   779.2883975018059
734.0   775.6598082473382
735.0   764.9742000429599
736.0   734.5919868725549
737.0   742.9652328343587
738.0   756.616466455732
739.0   736.6971994682395
740.0   766.9269057859567
741.0   746.3748972797512
742.0   760.4090551272485
743.0   737.7915096819112
744.0   743.7171984169698
745.0   727.3197716580012
746.0   731.9016111065399
747.0   737.6770735725703
748.0   728.0083487703948
749.0   733.5783860638726
750.0   746.0705683208646
751.0   751.321140617322
752.0   762.4418798312337
753.0   782.9648732187811
754.0   809.3750854831878
755.0   843.9880329192869
756.0   871.880079021461
757.0   902.8629960605067
758.0   941.4011984248908
759.0   955.5125360131861
760.0   997.0094279048207
761.0   1035.7732856366983
762.0   1073.322031585442
763.0   1117.7239650403205
764.0   1133.457245180904
765.0   1161.5002514739006
766.0   1183.9765970643305
767.0   1191.3497759019344
768.0   1244.1428944462664
769.0   1216.2393850394592
770.0   1233.5905521726079
771.0   1238.4589918798808
772.0   1244.103887635431
773.0   1210.8160475757786
774.0   1222.8349119074505
775.0   1196.1952266731307
776.0   1194.1538913739357
777.0   1194.3240147474924
778.0   1190.6269783719242
779.0   1142.7675151897447
780.0   1140.0589309646557
781.0   1112.6808540573425
782.0   1092.9703640020405
783.0   1059.1036283593858
784.0   1036.9060861351927
785.0   1003.9282671087033
786.0   984.2752732642881
787.0   963.86474583432
788.0   940.5732755579154
789.0   911.9718734782001
790.0   891.2041808693452
791.0   862.5285494614365
792.0   846.6060775524625
793.0   822.503405046254
794.0   787.208408110262
795.0   766.6450101376593
796.0   753.0034313247963
797.0   762.2247951599104
798.0   704.2966205653923
799.0   676.1589149439318
800.0   663.362931881969
