500.0   430.2002104888543
501.0   429.7683483067244
502.0   427.3081493985881
503.0   422.09932713045043
504.0   418.13978139120064
505.0   402.2739703076428
506.0   392.0688789653356
507.0   381.3245013388387
508.0   363.91036607188227
509.0   356.50065397276535
510.0   344.88268305362885
511.0   334.47182775874944
512.0   337.8169497824026
513.0   338.83619048087877
514.0   314.1045400900407
515.0   314.29999891685674
516.0   320.8200424230586
517.0   322.6671243190944
518.0   313.41634588710815
519.0   327.0251864657803
520.0   303.79553883739516
521.0   318.1612512750265
522.0   328.5071879780447
523.0   322.06297559382335
524.0   327.70810364061606
525.0   341.6787173696287
526.0   347.8952280519771
527.0   361.12018748915824
528.0   372.8748432696083
529.0   387.94832662924915
530.0   407.83771693883074
531.0   416.4583588278241
532.0   430.62428625981215
533.0   437.561424401836
534.0   449.0863834592135
535.0   467.8054370022094
536.0   490.0176597832667
537.0   500.99254627962307
538.0   512.4083654754472
539.0   525.9105684583197
540.0   527.8321683879867
541.0   519.4561139941585
542.0   531.7357395459456
543.0   532.2775435154464
544.0   511.017132822809
545.0   503.7991437123518
546.0   495.99029899176367
547.0   477.4640918832713
548.0   466.5586401192426
549.0   453.6701363687001
550.0   438.61179190154303
551.0   419.9547908685214
552.0   425.9567760828849
553.0   405.16129256004365
554.0   398.47654164642455
555.0   381.1319779639517
556.0   381.36093610167063
557.0   369.75557778218695
558.0   378.0377772346013
559.0   364.540697059285
560.0   362.56789498049045
561.0   361.84393877952095
562.0   347.4067739656275
563.0   353.8447475686035
564.0   369.07559254750396
565.0   353.0092253532751
566.0   381.6250946854808
567.0   374.90320213499206
568.0   372.94603774423433
569.0   390.3403303656134
570.0   410.87525724063687
571.0   409.18356067074797
572.0   409.4305069800522
573.0   413.60993845205786
574.0   430.0737433302344
575.0   459.89645694020294
576.0   454.83437958677257
577.0   473.23947992218905
578.0   481.53959121348214
579.0   498.5352991292082
580.0   517.486185513756
581.0   530.3121101844495
582.0   535.9371833549976
583.0   556.4987867772961
584.0   560.2285280895032
585.0   575.5358804967041
586.0   587.5654835579937
587.0   580.3444109309621
588.0   581.0671021990956
589.0   593.6407970405271
590.0   581.2024848639664
591.0   589.5742956902824
592.0   565.1486513846696
593.0   570.3287399827797
594.0   560.0307584764122
595.0   547.7725962412446
596.0   544.130846023891
597.0   530.0272132612052
598.0   523.734349063486
599.0   506.1556904728785
600.0   496.5494365699321
601.0   492.84238096182435
602.0   474.8741896284621
603.0   483.9010048248398
604.0   468.33197332233897
605.0   466.7750394823828
606.0   475.2884079081917
607.0   473.03850770832975
608.0   460.79609440221464
609.0   438.49917576955625
610.0   441.9819564133779
611.0   439.10777967963315
612.0   452.47824113147067
613.0   433.87345563846014
614.0   418.3399909395372
615.0   426.8930988917738
616.0   440.0573860739488
617.0   450.1256162680007
618.0   441.78202241607346
619.0   452.2809383879411
620.0   453.5259187133994
621.0   476.01463275971764
622.0   475.21125819713103
623.0   494.37189593675197
624.0   513.5813623724713
625.0   526.0866943674339
626.0   548.7921200883334
627.0   563.7947959604219
628.0   582.0544178019175
629.0   594.1244230009855
630.0   617.2638354802216
631.0   630.9620417902428
632.0   645.4493691930074
633.0   653.8412522485053
634.0   674.5761312698514
635.0   682.4771103539101
636.0   693.8177243193845
637.0   703.6688250260204
638.0   708.599589279942
639.0   729.8499509534695
640.0   728.4357221368788
641.0   736.4538624323777
642.0   737.4480826499997
643.0   732.6615679237158
644.0   726.555689751619
645.0   727.1463472659644
646.0   730.6968383202154
647.0   722.7247025591956
648.0   704.7423181708414
649.0   705.1386926590567
650.0   697.7270526989452
651.0   691.7732770653608
652.0   682.1119696547421
653.0   674.467052403123
654.0   672.0265475377036
655.0   664.7007232778667
656.0   665.2532684312625
657.0   663.3364011344629
658.0   652.93252749429
659.0   658.2093882735858
660.0   655.8542270768438
661.0   646.2552115015535
662.0   652.4518356109955
663.0   652.2859728666884
664.0   655.8752949071156
665.0   676.9887138658909
666.0   655.3682084796317
667.0   665.1351099517844
668.0   655.5437213314228
669.0   666.6505077650795
670.0   692.586624597496
671.0   708.3989735669348
672.0   718.2242397421281
673.0   713.9990384313994
674.0   717.8841872523548
675.0   738.5890892993675
676.0   742.9189457591441
677.0   765.4500787019454
678.0   765.6515580995539
679.0   788.6264389818643
680.0   808.0199048561266
681.0   821.1015378118127
682.0   841.0232069781745
683.0   855.2955263820221
684.0   870.9149757931602
685.0   896.1724275257
686.0   908.9449193464169
687.0   923.4799670394493
688.0   928.6873681783877
689.0   957.6446603234631
690.0   977.2799183904716
691.0   985.3211884389622
692.0   1019.9469939945466
693.0   1046.5993843894676
694.0   1034.4194664269858
695.0   1060.706656895503
696.0   1048.0380989093069
697.0   1032.1627936764687
698.0   1085.654351406982
699.0   1088.0663296567504
700.0   1079.568409826031
701.0   1057.5532909510387
702.0   1075.8347005722937
703.0   1060.1644741174355
704.0   1065.9094487138827
705.0   1076.484669778931
706.0   1064.2436013927068
707.0   1054.157776021733
708.0   1038.8942890012263
709.0   1039.244885205163
710.0   1020.7362295068577
711.0   1004.1107774615779
712.0   991.3487070526654
713.0   978.7831790227016
714.0   966.8468111098164
715.0   955.6584767544879
716.0   951.593218126185
717.0   955.8342984542113
718.0   925.9057787730147
719.0   939.1195175610394
720.0   911.816440817277
721.0   897.8467209213375
722.0   903.0436121533975
723.0   899.31909568693
724.0   898.3550709662652
725.0   876.2246426269427
726.0   876.3925056871341
727.0   870.5479439879906
728.0   857.6319568553549
729.0   868.062447004821
730.0   819.972419076352
731.0   837.2931878701957
732.0   863.2946779199532
733.0   855.5985638398454
734.0   849.0582869588656
735.0   842.7348798316119
736.0   808.7085433393784
737.0   814.9864379616404
738.0   834.0323753652331
739.0   806.8968406595792
740.0   840.325082445028
741.0   818.5215994501847
742.0   837.6194287653728
743.0   811.7705011574878
744.0   820.5667743466876
745.0   794.6074271681736
746.0   796.6668677524667
747.0   806.8304982037773
748.0   802.1061048839597
749.0   802.9209589997607
750.0   816.7814305367651
751.0   822.9111528555561
752.0   836.8790420365436
753.0   860.1557096135896
754.0   885.0663057115847
755.0   923.6936262591204
756.0   956.0368059199571
757.0   988.3254430603547
758.0   1033.7054433585292
759.0   1045.777910487519
760.0   1096.4756755464791
761.0   1134.1349104532003
762.0   1170.867266110909
763.0   1219.385052271876
764.0   1243.3284838265927
765.0   1271.2979704660797
766.0   1300.9535896947123
767.0   1300.0775610004046
768.0   1364.481908895844
769.0   1331.5498138209637
770.0   1354.8093836335772
771.0   1350.9635970163824
772.0   1361.2942272121893
773.0   1328.2998788987497
774.0   1339.3749619774364
775.0   1310.1437661661137
776.0   1307.6766411679873
777.0   1309.883666136407
778.0   1304.5526328097783
779.0   1250.8709405788584
780.0   1247.3933993336486
781.0   1218.5919707326689
782.0   1193.434379662689
783.0   1163.809331408836
784.0   1136.0796185848887
785.0   1100.7773242993494
786.0   1085.7589899406482
787.0   1054.1967246548209
788.0   1032.6775257630359
789.0   999.2627673764981
790.0   976.8107854664702
791.0   943.4515763944347
792.0   925.7903059925943
793.0   894.9195370862983
794.0   860.8465183700908
795.0   839.0562062172611
796.0   815.8235073492052
797.0   830.026699966031
798.0   771.6353362159696
799.0   740.2601725119115
800.0   725.6674732834831
