500.0   461.9749773133864
501.0   465.5410879694616
502.0   456.4128654581562
503.0   449.85213121884533
504.0   446.9995526496711
505.0   431.98314027305594
506.0   419.3599442955188
507.0   408.15459405791944
508.0   388.6303210278123
509.0   380.16880519626216
510.0   368.44672325974284
511.0   358.49850840004217
512.0   361.66259572816284
513.0   363.3924897817406
514.0   335.86291187738095
515.0   336.29397622903724
516.0   340.9352315096807
517.0   347.94922542767836
518.0   338.0094825992795
519.0   346.8054426202532
520.0   326.1028691899186
521.0   339.05599022416925
522.0   352.6909850432178
523.0   344.0404280269038
524.0   351.48284451263135
525.0   366.5329619935283
526.0   373.44210681887074
527.0   387.50276222364374
528.0   399.1464042058104
529.0   415.9356041583588
530.0   434.62024888092486
531.0   445.3367005485669
532.0   460.5533785366531
533.0   472.7185762985216
534.0   486.12421997132196
535.0   503.63297091529205
536.0   524.2469665350259
537.0   536.5998268578218
538.0   552.0847689325424
539.0   566.3228306096204
540.0   563.9250662966698
541.0   559.2978488356505
542.0   571.1530092223957
543.0   570.8271953883935
544.0   551.3292910842557
545.0   540.9699450605826
546.0   529.265368149451
547.0   512.250429194809
548.0   498.3907758112858
549.0   488.17059233147984
550.0   467.7629702483272
551.0   453.82475595336587
552.0   458.52791821970146
553.0   432.6687696913848
554.0   428.97370561903773
555.0   408.25977393989876
556.0   409.3785668182052
557.0   395.86889643556435
558.0   405.5100350212382
559.0   391.7408233244597
560.0   388.04971743287194
561.0   391.2976849391273
562.0   374.40888212901666
563.0   380.2115748835949
564.0   395.5442315878725
565.0   380.03368387307165
566.0   414.34896160337973
567.0   406.0048143407091
568.0   402.1954325847081
569.0   423.40434549980176
570.0   442.8786842465231
571.0   439.8697504944937
572.0   441.08831489314855
573.0   447.242862521488
574.0   462.8245842019828
575.0   492.0330138215444
576.0   490.47095866600534
577.0   508.93242671116
578.0   520.0283959829131
579.0   538.3729054305918
580.0   559.3263179132285
581.0   573.3434066630584
582.0   579.3219321199674
583.0   593.059223326665
584.0   598.0560104836206
585.0   618.7117059994018
586.0   630.6674402291712
587.0   627.0133997066405
588.0   624.8234201483668
589.0   639.9357000274356
590.0   624.6748664007679
591.0   630.987427535961
592.0   610.2111280933775
593.0   611.4916135624946
594.0   606.587359840195
595.0   588.5524530046009
596.0   585.2795736934315
597.0   569.3777933727606
598.0   561.3095139366428
599.0   548.223921696874
600.0   533.9009632697278
601.0   531.9727494038891
602.0   511.7659650133021
603.0   520.0115718963287
604.0   503.72681332002276
605.0   503.5027671654243
606.0   516.1762461884002
607.0   507.88847207446184
608.0   503.42759693367043
609.0   478.1206459249315
610.0   479.2874829873037
611.0   475.1430700264889
612.0   491.87571460661275
613.0   469.7849285832497
614.0   455.5745035876897
615.0   463.2761170586863
616.0   475.407726377146
617.0   491.06723076071364
618.0   475.78769654775954
619.0   489.018207801377
620.0   491.79176923673106
621.0   516.6269229937066
622.0   515.393786750129
623.0   533.9123785780462
624.0   554.2659971361151
625.0   566.7384672012844
626.0   595.4388470495802
627.0   607.3098051806728
628.0   625.5834630317019
629.0   646.927513561692
630.0   665.9535065984451
631.0   685.2199656426741
632.0   702.8946142458415
633.0   711.9860904484706
634.0   729.6267901236153
635.0   741.8219331738321
636.0   755.2948410122153
637.0   765.6165420546588
638.0   771.1520363726536
639.0   794.5995132492644
640.0   790.4944709299383
641.0   797.6004563282213
642.0   803.1738057305736
643.0   794.2641806281105
644.0   788.7105398004372
645.0   790.8326676745328
646.0   792.2078044617612
647.0   784.954274385959
648.0   767.0178402483134
649.0   763.0567611416437
650.0   757.3759627028566
651.0   749.2962876657887
652.0   742.3145913433276
653.0   734.6132189919929
654.0   734.4798711923272
655.0   720.6196399685309
656.0   715.036165942714
657.0   719.2083113264539
658.0   710.0171771396414
659.0   713.6545768725414
660.0   711.4447421763869
661.0   704.2153754190267
662.0   709.8565167532562
663.0   710.6981888887183
664.0   719.448413792593
665.0   733.6245734982836
666.0   715.3890181883608
667.0   722.2687969404868
668.0   715.9356327301139
669.0   727.2006955534289
670.0   758.031291406621
671.0   769.1133125842681
672.0   783.7824265826191
673.0   778.4310925774196
674.0   781.2105400426854
675.0   801.6216980586732
676.0   808.2343912551909
677.0   829.3584510797631
678.0   827.7111989202468
679.0   861.7390197810901
680.0   884.7264525591298
681.0   891.7949258585477
682.0   912.1120075934876
683.0   933.4729428019083
684.0   952.6088743434389
685.0   974.9967688310314
686.0   995.164176380384
687.0   1008.8748656476114
688.0   1013.6837892502431
689.0   1043.1634725559213
690.0   1069.9678923477218
691.0   1073.4033251009687
692.0   1114.7034564150997
693.0   1133.3994774271403
694.0   1125.5086509180903
695.0   1154.5597592966765
696.0   1145.134679409446
697.0   1128.686940894851
698.0   1185.0055605310126
699.0   1190.0792102647006
700.0   1176.1441191015358
701.0   1150.5921881159104
702.0   1177.3834675173546
703.0   1160.185508202469
704.0   1164.9139024304068
705.0   1174.225178118805
706.0   1163.8409985597602
707.0   1153.370393296967
708.0   1137.535330989313
709.0   1136.7788051987354
710.0   1111.9633022796675
711.0   1095.4855930508045
712.0   1086.1131422339645
713.0   1075.056403941
714.0   1057.8632146908142
715.0   1042.5236790218
716.0   1039.608675906838
717.0   1050.4601184580288
718.0   1013.610937330392
719.0   1023.7753191704262
720.0   997.1322185909451
721.0   980.8186038367644
722.0   991.4075507774018
723.0   981.5431214784248
724.0   981.9905703112654
725.0   955.8956951584936
726.0   959.3163175892311
727.0   952.8523189058909
728.0   940.033403825016
729.0   948.6377803524408
730.0   895.7526255213324
731.0   913.5982743627287
732.0   945.5661589405082
733.0   936.3433521772279
734.0   935.8293379999765
735.0   918.1353577040383
736.0   886.0198030888976
737.0   890.2758552484435
738.0   909.3217784982241
739.0   885.1840963250337
740.0   924.6093403117626
741.0   900.4111913490997
742.0   916.1965329648327
743.0   888.5398319791734
744.0   892.3542691053889
745.0   873.9257519034875
746.0   873.1881449817953
747.0   887.3578607131627
748.0   877.4578966860211
749.0   878.9342769771152
750.0   894.9733989134279
751.0   898.43172984798
752.0   914.9312992864703
753.0   942.8156114649873
754.0   968.8175396481626
755.0   1013.204325542012
756.0   1051.9982892996463
757.0   1082.2632594901447
758.0   1134.3535948839674
759.0   1151.4017123096617
760.0   1195.0307942595687
761.0   1243.0444471596297
762.0   1283.8069033409417
763.0   1336.021015627825
764.0   1364.1361102168894
765.0   1391.5371615795978
766.0   1424.2081201268275
767.0   1431.2908011010607
768.0   1494.5983862791047
769.0   1462.9991363949352
770.0   1488.1095756509287
771.0   1486.0473554703651
772.0   1490.3712005531365
773.0   1454.460989056165
774.0   1470.0563306024826
775.0   1436.017388804891
776.0   1430.1706735136431
777.0   1433.3874037622104
778.0   1422.2635518351342
779.0   1373.4937431511105
780.0   1370.3133136663234
781.0   1329.2032803029022
782.0   1312.7097911171325
783.0   1273.4041845469726
784.0   1248.2974763403065
785.0   1205.890368178719
786.0   1189.684900919887
787.0   1155.9437261679939
788.0   1129.5839366049727
789.0   1098.4753123766218
790.0   1074.2774197087049
791.0   1037.3410364174517
792.0   1016.3277377080472
793.0   983.3029814281394
794.0   944.9785060552064
795.0   919.388742911772
796.0   898.9726231923132
797.0   907.2365154289564
798.0   848.1143143629832
799.0   814.9729893196221
800.0   794.2100918086321
