500.0   491.8236599055184
501.0   490.76987439355673
502.0   483.0670381936122
503.0   477.0465884170933
504.0   475.54735701533576
505.0   458.88511201845574
506.0   448.1594325822055
507.0   436.70844740676694
508.0   412.93185092362165
509.0   406.7857281286531
510.0   392.12679156359127
511.0   383.72295922666353
512.0   384.9950794330364
513.0   383.5937606494967
514.0   354.5387629539507
515.0   359.27073130426066
516.0   365.1969666732667
517.0   369.2193683533816
518.0   361.6707145491906
519.0   372.16012669980023
520.0   344.47825355735085
521.0   360.88752347008074
522.0   373.14444202227287
523.0   368.38792051290886
524.0   373.26216901341024
525.0   390.3802401267549
526.0   398.5467427256886
527.0   412.1223925801465
528.0   426.9322818448177
529.0   440.807129556295
530.0   466.04730002994285
531.0   476.02553218307014
532.0   492.90635143440693
533.0   503.2754904669067
534.0   519.6269060555857
535.0   538.4082705245124
536.0   558.4503705141769
537.0   572.1256981993619
538.0   588.158369231384
539.0   603.5344337630062
540.0   602.1822755225074
541.0   597.186644972318
542.0   602.4755766482392
543.0   608.7176754834564
544.0   587.3476425032244
545.0   577.9987141404129
546.0   566.754858502795
547.0   548.334949549518
548.0   532.3668766410119
549.0   519.1859638657482
550.0   501.5304338216922
551.0   480.858318300399
552.0   487.9241235869634
553.0   464.1901172396043
554.0   456.3195352400216
555.0   435.70344650066295
556.0   437.04675936480453
557.0   425.51081339677614
558.0   435.6508369225329
559.0   416.95412677216314
560.0   415.08501548929337
561.0   417.0200342376587
562.0   402.8184877679935
563.0   407.77607744605024
564.0   419.8547494892728
565.0   407.89738672749485
566.0   444.35945446685184
567.0   432.26532538220613
568.0   428.5956574185092
569.0   453.7241783419366
570.0   472.8246920459601
571.0   472.8989070551661
572.0   471.6436500247238
573.0   480.66426387678194
574.0   498.94975129800525
575.0   526.5914772179086
576.0   530.7474492823545
577.0   547.1337191317574
578.0   554.6185865974556
579.0   577.5174992958166
580.0   597.8753446124286
581.0   614.6713849361201
582.0   622.8576677767128
583.0   638.896884314318
584.0   649.2929091292724
585.0   662.6021892859851
586.0   677.033373985252
587.0   669.6648739692832
588.0   671.4742365314582
589.0   686.2729447867988
590.0   670.5155680528644
591.0   676.9496290263701
592.0   657.7369913784232
593.0   659.1772433159703
594.0   649.0397420933443
595.0   632.0430830867442
596.0   628.845354321196
597.0   609.5844151792301
598.0   603.1651860924878
599.0   584.6142430194137
600.0   574.1485906347812
601.0   567.6868405342963
602.0   549.4249831091015
603.0   559.4015558633454
604.0   540.549828372833
605.0   540.6121137000889
606.0   547.6469523159064
607.0   543.5121325690602
608.0   536.1185858703557
609.0   508.94540648151894
610.0   511.0101180466626
611.0   509.11408435484395
612.0   525.1155083779711
613.0   502.4312110180081
614.0   487.8477546720287
615.0   495.6687336696365
616.0   508.6344324791901
617.0   524.3805715713503
618.0   510.0726675534887
619.0   525.3069005033009
620.0   524.8264452411998
621.0   553.0934537378974
622.0   551.7284043719362
623.0   577.0021328954599
624.0   594.5184317661445
625.0   606.5481296480433
626.0   635.1534781900414
627.0   650.6445174863138
628.0   672.1995714744911
629.0   692.4422630310522
630.0   713.2384204751183
631.0   735.2353964845537
632.0   747.4081610427111
633.0   761.5824352436739
634.0   783.1401208346098
635.0   796.228105091386
636.0   811.4735371503098
637.0   819.1709275188718
638.0   823.5242164208156
639.0   847.5161806648819
640.0   849.938910738475
641.0   853.0247161049235
642.0   855.2883993734914
643.0   850.2736950595319
644.0   844.893716564948
645.0   847.2754683536572
646.0   847.0353510276095
647.0   836.6104586411005
648.0   824.3473886304118
649.0   818.819650958786
650.0   815.880224375065
651.0   805.8221156317161
652.0   796.6654276286745
653.0   790.679634248932
654.0   784.7570134030607
655.0   770.6926835185359
656.0   770.005313636744
657.0   767.992220025257
658.0   761.8526320833389
659.0   764.0992713315383
660.0   760.4175915712586
661.0   751.9539402101925
662.0   757.3455313169457
663.0   758.1572245353307
664.0   767.7849824742513
665.0   787.678344149467
666.0   765.3870299154264
667.0   776.82140442963
668.0   765.3708867785319
669.0   781.0073936021195
670.0   810.5349793521855
671.0   826.3676641651642
672.0   838.6007101274303
673.0   834.3927172339636
674.0   830.727781659421
675.0   858.317035363641
676.0   864.82427318764
677.0   886.8001900780582
678.0   890.6659834067069
679.0   921.229792462934
680.0   940.791546288924
681.0   956.5051768732662
682.0   979.281033380731
683.0   997.394871668279
684.0   1020.2534536301534
685.0   1040.9384673920176
686.0   1066.835582733105
687.0   1078.2027852152135
688.0   1087.7901349565882
689.0   1118.4898073964457
690.0   1141.9125799243748
691.0   1153.1435390728097
692.0   1190.492627533773
693.0   1216.7742963772826
694.0   1205.339888409418
695.0   1236.742293578982
696.0   1223.2450221130978
697.0   1204.8331242983752
698.0   1264.8133162333334
699.0   1265.9858994758401
700.0   1258.5525390211735
701.0   1234.3828532652462
702.0   1258.019527697593
703.0   1243.224853690249
704.0   1246.8638506155448
705.0   1251.3487902639702
706.0   1241.1555171071684
707.0   1232.2007620419092
708.0   1217.7319063152108
709.0   1214.4822703539598
710.0   1191.3431633430132
711.0   1175.5718145026644
712.0   1162.3974151789566
713.0   1146.560935748087
714.0   1133.8917304944553
715.0   1118.6319876987232
716.0   1114.930192943449
717.0   1123.509503046142
718.0   1087.6247906497733
719.0   1099.7848240471205
720.0   1066.0497734290973
721.0   1049.7188190103732
722.0   1057.6102175756225
723.0   1055.2417806546296
724.0   1057.8337720503507
725.0   1023.5274374666454
726.0   1025.2035864252985
727.0   1021.5997043611263
728.0   1003.1498249364558
729.0   1015.9415835177049
730.0   960.1239342615681
731.0   979.4577735585087
732.0   1014.6778734331928
733.0   1004.3109224503039
734.0   997.3578035450524
735.0   986.5631668446146
736.0   946.9929848967079
737.0   950.4348180489889
738.0   967.1287087545477
739.0   948.4196541987641
740.0   989.7350508549711
741.0   961.9878446313262
742.0   978.1635917929399
743.0   952.596188428075
744.0   957.6237302571213
745.0   938.3224767327813
746.0   937.1892300308069
747.0   948.0774675412598
748.0   940.7226687442624
749.0   942.9982076933644
750.0   956.6724244210347
751.0   964.509477316517
752.0   979.476336774299
753.0   1010.1694478079653
754.0   1037.4823518873882
755.0   1078.6899636659846
756.0   1116.809894487113
757.0   1153.2538167252824
758.0   1207.5952758656026
759.0   1225.7075142248193
760.0   1274.779042925762
761.0   1329.9957859127048
762.0   1372.2493165927826
763.0   1426.6668584938304
764.0   1453.0126929870194
765.0   1488.6999411229624
766.0   1519.5355199593496
767.0   1522.492294350527
768.0   1589.386567639357
769.0   1562.2809503674428
770.0   1584.70695845064
771.0   1587.1176698520842
772.0   1591.1580290845823
773.0   1550.3289262567569
774.0   1568.8193425669572
775.0   1533.129378086883
776.0   1526.2052773125956
777.0   1534.304139947816
778.0   1523.7915656066161
779.0   1466.9668849812379
780.0   1456.4667398972988
781.0   1422.8155999376518
782.0   1398.5835609507874
783.0   1355.8890462849654
784.0   1329.443859564154
785.0   1288.157320497638
786.0   1266.7177590484318
787.0   1230.7187588047022
788.0   1204.4446368758443
789.0   1169.25065282879
790.0   1141.2183439388148
791.0   1102.1335505656073
792.0   1083.7646105892877
793.0   1047.668680967811
794.0   1007.3832897345775
795.0   982.9212772090046
796.0   956.9261174665305
797.0   967.4792643332635
798.0   902.7745406300397
799.0   865.6175141735653
800.0   845.8417338625686
