500.0   519.6755778094837
501.0   519.5452408539057
502.0   514.2568683487541
503.0   508.1109842337339
504.0   507.66032344848185
505.0   485.1429717073521
506.0   473.54628959081975
507.0   461.60189986194393
508.0   438.5375677017458
509.0   429.25637643342577
510.0   414.9597454251424
511.0   405.429844678491
512.0   406.3881154716147
513.0   408.664165168381
514.0   377.8463380939528
515.0   378.5661781356857
516.0   387.00706467742026
517.0   392.4992684797213
518.0   378.21209034563947
519.0   393.0016707316586
520.0   365.5252486702324
521.0   381.68730423282614
522.0   397.52931644963985
523.0   388.313192668198
524.0   395.14755113169394
525.0   416.3346139656733
526.0   421.01808009113114
527.0   439.0562162632037
528.0   450.78091698893434
529.0   469.11519224483317
530.0   491.92607658598666
531.0   503.8902117342866
532.0   522.2896549281037
533.0   533.3007217514811
534.0   550.4666054363995
535.0   569.4035986420065
536.0   595.097516319838
537.0   609.165625242658
538.0   626.0156712310222
539.0   642.3730442698479
540.0   639.4032966713467
541.0   627.3810385056038
542.0   641.7326191207802
543.0   647.704634706902
544.0   625.2066910379764
545.0   613.995607934777
546.0   604.0421957517995
547.0   578.9031152518445
548.0   564.3186682778005
549.0   553.2886749589323
550.0   533.1356486697522
551.0   512.4124095576448
552.0   515.8874687550497
553.0   493.5427163969773
554.0   485.1521293380744
555.0   466.6698331342934
556.0   464.8055960381246
557.0   454.07336619173657
558.0   458.0774795764836
559.0   446.64961698906836
560.0   441.9510478255677
561.0   445.3279024585206
562.0   426.6843176053932
563.0   432.943192921744
564.0   448.89302568349837
565.0   432.1133844315031
566.0   467.93763881625887
567.0   465.3421646880315
568.0   456.14201029854405
569.0   482.86678991210186
570.0   502.658406019936
571.0   504.46500927872125
572.0   502.17050600569337
573.0   512.7345682810651
574.0   529.7257028738939
575.0   560.471280248331
576.0   559.7189165169206
577.0   581.4335766970496
578.0   593.0311224791752
579.0   615.4247484269267
580.0   637.7270671382795
581.0   656.3257469690384
582.0   659.0962595842382
583.0   679.8638161586055
584.0   686.988362342981
585.0   703.69115390835
586.0   717.9250796081014
587.0   714.3848653864918
588.0   714.0927226267689
589.0   730.5272216435769
590.0   716.9096175372358
591.0   720.4409207259648
592.0   698.1191856092069
593.0   699.6727839691537
594.0   691.8638701139522
595.0   674.3297220339889
596.0   667.660995423696
597.0   651.1231125380895
598.0   640.8590373507991
599.0   628.959185953276
600.0   609.2061940180497
601.0   610.4489631895295
602.0   582.8466505789378
603.0   596.6499565228174
604.0   575.4875467393055
605.0   576.5569891124306
606.0   589.2543638251209
607.0   580.2092023189496
608.0   572.8059019643008
609.0   544.3408231402431
610.0   546.9578271837568
611.0   544.3822883599387
612.0   559.0508840304927
613.0   536.0161473025321
614.0   519.864541894479
615.0   529.5443069787592
616.0   545.4159368654102
617.0   558.6467509288663
618.0   546.2364536892533
619.0   560.6877406629418
620.0   561.9216242536983
621.0   591.0823378186439
622.0   588.4836389421646
623.0   615.1175592764739
624.0   635.1346389215679
625.0   653.2597982807007
626.0   681.4875326436403
627.0   703.0739163026672
628.0   723.6125792383713
629.0   740.8907487219984
630.0   763.8941887922065
631.0   786.1768772926056
632.0   805.4581888903294
633.0   816.1580403483842
634.0   839.0540835072972
635.0   849.7848591196632
636.0   874.4472590209639
637.0   879.7884865819251
638.0   884.3751014328027
639.0   910.310926328481
640.0   910.5978567390048
641.0   919.6739614705073
642.0   923.3675307716113
643.0   912.3500935841663
644.0   909.6701009029131
645.0   909.3205989117943
646.0   913.2146913417348
647.0   902.1145813586659
648.0   884.9939026277159
649.0   881.5829888641655
650.0   873.9517650534171
651.0   867.0168367747824
652.0   854.2995695951854
653.0   849.4994937320009
654.0   843.2351435116407
655.0   829.8801106769971
656.0   827.5875627143562
657.0   829.0967306067225
658.0   818.856390704715
659.0   823.2785261691323
660.0   819.9575185426982
661.0   812.1780512829439
662.0   813.7190330634147
663.0   818.0443260147675
664.0   828.0063492341852
665.0   851.0274846153121
666.0   828.2023166739048
667.0   837.2338733180474
668.0   825.4299239654488
669.0   840.526469337012
670.0   875.3581681270582
671.0   891.5829665024506
672.0   908.2164105669898
673.0   901.0445921561068
674.0   905.1750935105044
675.0   929.0535904424405
676.0   932.1936717809957
677.0   962.2552356513224
678.0   968.3179178789748
679.0   994.2450117695669
680.0   1018.5990896012673
681.0   1034.3436281366446
682.0   1056.3012123323035
683.0   1075.5541769563056
684.0   1104.2988199323086
685.0   1123.8899364438091
686.0   1149.6191435079593
687.0   1172.2973724440876
688.0   1174.1855763300384
689.0   1206.5581111111755
690.0   1233.4156913426878
691.0   1240.2005008406447
692.0   1289.5097903090639
693.0   1318.3699764148005
694.0   1303.307741349309
695.0   1338.285184438822
696.0   1323.3076214086684
697.0   1307.2665440598043
698.0   1371.905885289639
699.0   1373.6358626917317
700.0   1362.5816953193755
701.0   1336.7179917243586
702.0   1363.134265084961
703.0   1347.5107445199646
704.0   1345.5661229956472
705.0   1358.1257616514324
706.0   1347.6283935984131
707.0   1337.0958268081943
708.0   1318.9008199994546
709.0   1319.7112500167186
710.0   1291.1595599853267
711.0   1270.420306205548
712.0   1259.0436826679593
713.0   1241.9161359340878
714.0   1229.0284935482903
715.0   1211.1312113358993
716.0   1211.2989489559639
717.0   1212.4567632306785
718.0   1177.216356733332
719.0   1187.3559849213882
720.0   1160.1211619336484
721.0   1138.2366079359467
722.0   1148.7691101233263
723.0   1145.3305327384098
724.0   1148.4562145311563
725.0   1111.5062969943447
726.0   1115.2697740467854
727.0   1107.5968998593007
728.0   1094.6266832602357
729.0   1103.5365514505631
730.0   1041.5373312450693
731.0   1063.7153416188996
732.0   1098.2267400914698
733.0   1091.7747118383988
734.0   1084.8091115641569
735.0   1072.6455369892167
736.0   1028.0539589570792
737.0   1034.8746669769228
738.0   1054.0346800675975
739.0   1029.9928783082378
740.0   1072.5949194981386
741.0   1045.3437439936827
742.0   1067.8860667894867
743.0   1031.7671112248624
744.0   1043.174084399053
745.0   1016.55976639755
746.0   1019.868707039068
747.0   1031.5186059916978
748.0   1023.6819822441828
749.0   1025.371945359168
750.0   1042.5531933495924
751.0   1052.5274921605824
752.0   1062.0642199636961
753.0   1094.9337471486201
754.0   1129.080692397637
755.0   1179.4120663878093
756.0   1221.6183698358768
757.0   1253.496452625572
758.0   1319.1605591105244
759.0   1334.058185856491
760.0   1395.839463608117
761.0   1449.1098114033996
762.0   1491.5046647705092
763.0   1550.3357202231696
764.0   1582.1042591212317
765.0   1618.2477527943242
766.0   1658.4149180767424
767.0   1651.1606922795795
768.0   1728.5768406572083
769.0   1696.9560008195701
770.0   1726.679978145701
771.0   1721.914036519139
772.0   1724.011821125007
773.0   1682.720210297949
774.0   1704.0993547410264
775.0   1668.1757554249573
776.0   1664.850297556362
777.0   1665.41633509599
778.0   1649.4635646464417
779.0   1591.7424154225505
780.0   1590.2288561245402
781.0   1551.0953983671557
782.0   1523.3693334110962
783.0   1478.515603802915
784.0   1444.2284395579602
785.0   1403.9970080556911
786.0   1381.2662995098597
787.0   1339.9745697609171
788.0   1310.1096282178987
789.0   1275.094857491833
790.0   1245.954184103236
791.0   1205.480100642333
792.0   1182.5131750188457
793.0   1140.521235648919
794.0   1092.9269535351186
795.0   1070.248219008005
796.0   1050.36963226508
797.0   1056.380785840977
798.0   986.1884538438713
799.0   946.9377472888939
800.0   926.0166972104341
