500.0   549.3995077143891
501.0   549.7749875108576
502.0   542.5648419405632
503.0   534.368031646724
504.0   532.1178255089587
505.0   512.7222438111249
506.0   501.2551965933192
507.0   488.5538091878026
508.0   463.2739068464568
509.0   453.11344708239574
510.0   439.6255804558642
511.0   427.90760454290694
512.0   429.3744281294454
513.0   430.0457883777577
514.0   401.20451132330936
515.0   400.2015231893104
516.0   411.7156108845509
517.0   414.5700624760766
518.0   399.7331781107082
519.0   415.75641095486617
520.0   387.7949422481305
521.0   406.78357666521435
522.0   420.22211861145774
523.0   412.5967383767322
524.0   420.12801053373335
525.0   439.71779996711945
526.0   446.88506457305954
527.0   464.27938712970473
528.0   475.2275638186791
529.0   497.468442163313
530.0   519.5788953249858
531.0   534.0519258324292
532.0   552.1722387999298
533.0   564.1215338966897
534.0   582.1036489443858
535.0   605.5198942945656
536.0   632.7887921764691
537.0   647.0506914582596
538.0   660.8929254531386
539.0   678.8435913600447
540.0   680.5631355114551
541.0   670.8990954643452
542.0   681.2050966626508
543.0   687.2879930556066
544.0   664.64625488923
545.0   653.4098858586211
546.0   638.6703421956802
547.0   618.6040402542926
548.0   598.3179043474117
549.0   585.6691308754147
550.0   563.6686216538678
551.0   544.6036774038623
552.0   551.4392180774487
553.0   522.490396660626
554.0   516.9116520805558
555.0   495.5192431812309
556.0   494.3359510816721
557.0   478.4973875015585
558.0   487.04113666631565
559.0   471.7081676723104
560.0   472.0620384910835
561.0   468.1869456165065
562.0   452.10834752541894
563.0   460.04112809059876
564.0   477.16432203792243
565.0   458.5438654796589
566.0   500.9260512751987
567.0   490.89428151858226
568.0   484.89316221031663
569.0   512.4123764483252
570.0   535.9829533068095
571.0   535.5828347988405
572.0   533.8271217315985
573.0   543.9395566291198
574.0   563.5180914622263
575.0   596.9927752266708
576.0   595.3510421595226
577.0   618.7741272851546
578.0   629.4657221227505
579.0   656.2137320141392
580.0   674.8508096546727
581.0   696.2728472654055
582.0   705.3374003620077
583.0   725.9109112063427
584.0   733.0455682318586
585.0   752.1481141552847
586.0   765.8825020365077
587.0   758.9526330915442
588.0   762.2327177434261
589.0   780.596001089198
590.0   759.9032313224048
591.0   773.3924799246593
592.0   748.0979138005805
593.0   746.2091898605033
594.0   738.9831718689443
595.0   718.3920663987569
596.0   715.6901541070212
597.0   693.0522496960396
598.0   686.3072969728112
599.0   668.9935246408213
600.0   649.3415638321576
601.0   646.1612618461528
602.0   622.5418969425907
603.0   636.5288275658755
604.0   617.7801455175099
605.0   612.7343354491511
606.0   627.8546776245244
607.0   618.8608881525079
608.0   613.0129394605942
609.0   580.9814515043272
610.0   582.9580925224986
611.0   580.6181614716984
612.0   596.6081756785096
613.0   573.9972567176931
614.0   553.971119705308
615.0   566.8908043735063
616.0   580.5012974048442
617.0   595.1089437909154
618.0   580.8579315997149
619.0   599.4416680704832
620.0   594.7710824958565
621.0   630.1910270639765
622.0   630.887713497696
623.0   653.8326954825493
624.0   680.1825401370528
625.0   691.4435131574357
626.0   730.0473392134122
627.0   747.043514892074
628.0   770.1256757223325
629.0   795.3268081073984
630.0   816.7212742672095
631.0   838.800084358557
632.0   859.6979628150855
633.0   868.0637469605235
634.0   895.7489375196685
635.0   911.9302314462266
636.0   928.6510379515444
637.0   934.6934634602617
638.0   945.1326332179615
639.0   970.0546544873077
640.0   971.7987670176819
641.0   982.6072407349366
642.0   980.2534298283005
643.0   971.6183033972603
644.0   967.0214871663403
645.0   967.9223191976743
646.0   971.6135021778532
647.0   963.6355004059269
648.0   942.3181661594954
649.0   936.7095216928539
650.0   929.2355696013856
651.0   924.2836328381882
652.0   911.0025555452569
653.0   902.8424562482546
654.0   898.7887806874214
655.0   882.6151547701841
656.0   883.1491663817942
657.0   883.8886665661278
658.0   871.0821751494078
659.0   875.3156235066916
660.0   875.4081868290484
661.0   862.9947276438506
662.0   868.0934606015267
663.0   871.0664268737686
664.0   881.626090561792
665.0   899.9329136676785
666.0   879.5610120213535
667.0   891.2718866002014
668.0   878.0776528948325
669.0   894.9963890794431
670.0   928.7012933254464
671.0   944.0391864030724
672.0   962.53724887388
673.0   956.4479097495191
674.0   960.0555822954027
675.0   989.5239110603886
676.0   991.2468040995697
677.0   1017.7290551223455
678.0   1025.45983147209
679.0   1059.1015314180056
680.0   1082.609412379896
681.0   1097.7338087865844
682.0   1125.8184716872377
683.0   1143.5573623124587
684.0   1170.608893946109
685.0   1198.5064225176393
686.0   1225.0249292983237
687.0   1243.442763136458
688.0   1248.131363543775
689.0   1285.7903720285635
690.0   1317.4789858495674
691.0   1320.0431755029674
692.0   1375.9108945400935
693.0   1397.4668008904914
694.0   1386.7884740858833
695.0   1424.1565612761003
696.0   1405.3731627962968
697.0   1393.291252989916
698.0   1457.0439107158732
699.0   1458.433587593408
700.0   1448.2841262010875
701.0   1416.87388092859
702.0   1449.701814112974
703.0   1423.8140457419527
704.0   1432.39199834819
705.0   1438.4731329325903
706.0   1434.3154681006265
707.0   1421.7854587077854
708.0   1401.6613577038288
709.0   1394.5566279499353
710.0   1370.2317986016287
711.0   1350.2573337538022
712.0   1336.2835099439567
713.0   1322.8465408533834
714.0   1307.1275300298794
715.0   1289.1039115423673
716.0   1288.3416348855205
717.0   1294.7004058170605
718.0   1253.461709913668
719.0   1268.1583868192922
720.0   1228.496187198895
721.0   1214.4954063000898
722.0   1222.8438058674801
723.0   1216.2505626078473
724.0   1216.4178582889538
725.0   1181.7272819840018
726.0   1179.6471282215293
727.0   1176.6477573607551
728.0   1156.4954477776985
729.0   1171.6655903620435
730.0   1110.167966510425
731.0   1129.9767497969951
732.0   1168.9506360080015
733.0   1160.776437050778
734.0   1150.4563413457395
735.0   1138.576014898996
736.0   1091.8950902213264
737.0   1096.0792753866892
738.0   1121.6915329847375
739.0   1094.1581597655595
740.0   1143.4449806651705
741.0   1112.449933462856
742.0   1136.1008498374574
743.0   1102.8281204055563
744.0   1107.6409794048252
745.0   1082.5434948249756
746.0   1079.3086371229838
747.0   1092.8495488028084
748.0   1084.2758440692041
749.0   1083.2094125515282
750.0   1106.1090250786156
751.0   1112.462171304783
752.0   1132.2369977164708
753.0   1164.0526212003954
754.0   1195.1902158466135
755.0   1243.8528053085265
756.0   1290.116064692092
757.0   1332.8139110607672
758.0   1399.223001687083
759.0   1414.6858988986692
760.0   1472.4091311821212
761.0   1532.2586498821113
762.0   1578.3455260800717
763.0   1645.5456989259353
764.0   1676.9376433113512
765.0   1715.329047761392
766.0   1747.84929605782
767.0   1756.8561706172156
768.0   1829.491453386657
769.0   1796.9377053591627
770.0   1822.2023548659088
771.0   1824.1443528637783
772.0   1829.1599943095162
773.0   1785.5051282700215
774.0   1803.4516367341596
775.0   1763.6150383905606
776.0   1764.3125902828908
777.0   1763.1690105552557
778.0   1749.2106930486073
779.0   1691.8542103534749
780.0   1682.0858739975015
781.0   1643.0951436281273
782.0   1609.9718793419713
783.0   1566.2750072509095
784.0   1533.0067724933626
785.0   1483.8273792228595
786.0   1458.4947950225674
787.0   1416.5767317660504
788.0   1381.154012086169
789.0   1349.8180598760619
790.0   1320.246610466583
791.0   1273.5874022333155
792.0   1249.5874427829497
793.0   1206.4147979883203
794.0   1158.5694938744582
795.0   1130.794463098728
796.0   1107.8801832496301
797.0   1118.9909330314495
798.0   1040.9592923634616
799.0   992.454963007131
800.0   976.8023196975523
