500.0   571.4661892929714
501.0   574.0841999502876
502.0   565.523478326272
503.0   556.715809991446
504.0   555.7185799351823
505.0   533.6942162924336
506.0   519.9526107916256
507.0   507.90000704928593
508.0   483.7749720445659
509.0   471.35592427378685
510.0   457.84519876753586
511.0   443.9444193971972
512.0   447.8010227318473
513.0   451.2085777412622
514.0   417.06752559296683
515.0   417.6547723198203
516.0   426.7575781378013
517.0   429.592113339879
518.0   420.3473333885976
519.0   434.92735077208295
520.0   404.41341834557295
521.0   421.17517673729765
522.0   436.8632913975382
523.0   430.15260974766386
524.0   435.7051465841338
525.0   455.4385438105185
526.0   466.48978676924827
527.0   487.49405116850704
528.0   500.06936157786515
529.0   517.860928015351
530.0   543.0450607362675
531.0   555.672960160619
532.0   577.3754193745264
533.0   589.0893592944487
534.0   608.6216668108807
535.0   635.3682391697156
536.0   658.6401580330511
537.0   677.4424467586581
538.0   690.1312236067721
539.0   708.9920048630365
540.0   710.25775179016
541.0   696.6668056162266
542.0   714.2171536346405
543.0   717.3712804511042
544.0   694.2514896909445
545.0   680.1185307053945
546.0   666.4005639231705
547.0   642.80508889946
548.0   628.313188479267
549.0   614.598110718186
550.0   591.5772391708605
551.0   569.2448165427951
552.0   578.1128922581793
553.0   546.202399296829
554.0   539.7590644889217
555.0   520.9509930488077
556.0   516.5230921685271
557.0   499.3300369798674
558.0   509.04294389681024
559.0   495.96361512992223
560.0   491.54512580882545
561.0   492.40367056520904
562.0   472.9642128086141
563.0   480.568408465207
564.0   501.3302932721661
565.0   481.3418328213848
566.0   523.2553491371551
567.0   514.3435496115693
568.0   507.29349789573655
569.0   535.5297572733991
570.0   559.4813422331443
571.0   559.1286454061785
572.0   558.535624266268
573.0   570.155399996625
574.0   588.5609909694494
575.0   627.7520306105031
576.0   627.3473169877967
577.0   650.457266561216
578.0   660.8981982148368
579.0   679.9960123543624
580.0   706.5167923228205
581.0   727.9937034934242
582.0   736.4772113952554
583.0   754.7441585639028
584.0   766.1353651036243
585.0   787.6009791135623
586.0   799.1480180094179
587.0   794.4531855132693
588.0   795.5211383037805
589.0   817.3233852257472
590.0   797.6041038840069
591.0   805.9430587042963
592.0   780.9455768198236
593.0   782.7380914735982
594.0   773.2242877414874
595.0   753.0749416775786
596.0   749.1724131131197
597.0   726.0109760256668
598.0   716.1725648421188
599.0   700.676005453486
600.0   683.3748244455237
601.0   675.4893158499808
602.0   653.2496009581491
603.0   669.7050176785651
604.0   648.1588240398072
605.0   642.1032323900415
606.0   657.4243632956732
607.0   648.0577828219716
608.0   640.9589814862683
609.0   609.4224299635422
610.0   611.4381931599366
611.0   606.4153507625722
612.0   627.1329603453588
613.0   601.0589364721459
614.0   581.9864871788208
615.0   590.3762957720435
616.0   607.7087355645501
617.0   627.48658202152
618.0   610.4555672125099
619.0   626.3435386610781
620.0   627.6103103579411
621.0   661.6654148855025
622.0   662.441066892543
623.0   690.1071816147064
624.0   713.6749483522327
625.0   731.1729118075826
626.0   762.3000915011377
627.0   787.0198428177982
628.0   809.9105069791262
629.0   832.3339748590903
630.0   859.4737674626663
631.0   878.2019835584314
632.0   902.3353085939423
633.0   917.6617957979731
634.0   940.6996960439426
635.0   954.0225639660591
636.0   977.0879047117612
637.0   985.0476052760578
638.0   991.1394831762539
639.0   1021.7471831446933
640.0   1023.3333530897753
641.0   1033.383933363334
642.0   1034.808526662
643.0   1024.4556848253608
644.0   1019.0751285038215
645.0   1018.5752804848697
646.0   1021.5371415733327
647.0   1013.5344104083604
648.0   995.9842880070523
649.0   984.5677988740935
650.0   979.4263759131609
651.0   969.5306317519571
652.0   962.5046666667754
653.0   950.479247392391
654.0   947.0310113972919
655.0   931.5252662707055
656.0   929.516550163866
657.0   934.6779542640018
658.0   916.2057031442924
659.0   922.3522245702269
660.0   922.4053706479265
661.0   910.0456889377506
662.0   916.4497181456456
663.0   917.676521698637
664.0   929.0885493755876
665.0   952.4470150226883
666.0   928.9858596390086
667.0   939.3128874579526
668.0   929.7226599773915
669.0   942.2583023326285
670.0   982.0997680035098
671.0   997.5142557380115
672.0   1016.5010103517587
673.0   1004.6659556870111
674.0   1010.7874417807254
675.0   1040.617094304858
676.0   1052.2515783988147
677.0   1078.9050879606482
678.0   1083.7707770434874
679.0   1117.1622277623087
680.0   1139.9891814579803
681.0   1163.4658538753151
682.0   1189.2942641634986
683.0   1208.7684602121508
684.0   1237.416853144089
685.0   1265.5832602749101
686.0   1291.3805797646276
687.0   1312.238261139009
688.0   1318.9727013718689
689.0   1357.3126672650537
690.0   1382.9222429192705
691.0   1395.055212458845
692.0   1446.582379492506
693.0   1479.177666042155
694.0   1465.9239390829784
695.0   1498.7340236773434
696.0   1485.8134312534596
697.0   1465.7506208598274
698.0   1541.899742520151
699.0   1545.3340689521328
700.0   1532.2594577750372
701.0   1498.3426606750722
702.0   1532.5639917624626
703.0   1513.5580874348875
704.0   1515.0990054969443
705.0   1529.1558715806946
706.0   1514.5832648969117
707.0   1503.423792985838
708.0   1485.385711676217
709.0   1479.320320092781
710.0   1447.3249841707411
711.0   1429.56083190658
712.0   1414.45816796087
713.0   1398.7883804833264
714.0   1384.1123563177669
715.0   1360.6908080158003
716.0   1361.9721204597313
717.0   1368.312936852485
718.0   1327.6019391958505
719.0   1342.0002962997366
720.0   1302.6557209331006
721.0   1288.636512893956
722.0   1297.3076858300833
723.0   1283.9171734546
724.0   1288.2278285514058
725.0   1253.0913020841626
726.0   1249.592140896852
727.0   1244.4040864889807
728.0   1221.377946566232
729.0   1240.378536328444
730.0   1174.998259320573
731.0   1201.4338471743488
732.0   1238.2402766375737
733.0   1226.3821774596438
734.0   1221.0199581134475
735.0   1201.315536944968
736.0   1161.2774378094082
737.0   1165.331009991648
738.0   1185.2570838783865
739.0   1156.5458518882297
740.0   1209.1403479468963
741.0   1178.8955281468222
742.0   1201.693345754878
743.0   1169.4921882459012
744.0   1173.4287676431452
745.0   1143.9170889376655
746.0   1145.3201656120254
747.0   1160.8130860016904
748.0   1149.975593822994
749.0   1154.568499626183
750.0   1170.7224978779313
751.0   1180.3428113106916
752.0   1203.7214202353641
753.0   1231.874715584135
754.0   1274.162917794788
755.0   1316.023886793152
756.0   1367.2766742176236
757.0   1414.1904997448084
758.0   1480.2138972003581
759.0   1495.3404251032528
760.0   1562.1660052393568
761.0   1624.9102511544993
762.0   1675.083695128477
763.0   1742.287799322439
764.0   1773.2101741877154
765.0   1815.2652087932283
766.0   1854.2259856913533
767.0   1856.3109320353437
768.0   1938.1787232871075
769.0   1902.0977093994748
770.0   1927.0906953411506
771.0   1929.7747724681144
772.0   1942.5933522583734
773.0   1890.7324295827357
774.0   1909.1788774403922
775.0   1871.0334187562487
776.0   1863.7498464860187
777.0   1871.5728637326174
778.0   1854.7931010862617
779.0   1790.4234529609903
780.0   1778.1717674367997
781.0   1734.0498464819527
782.0   1706.6754509905518
783.0   1656.2687239450745
784.0   1623.58201327708
785.0   1579.121027292956
786.0   1545.3621421905614
787.0   1505.723251395688
788.0   1471.006981641101
789.0   1432.8957301794599
790.0   1401.6696458261251
791.0   1347.7722038173863
792.0   1327.921494000898
793.0   1278.792672002031
794.0   1233.4854389336206
795.0   1198.651461931226
796.0   1172.5533751602495
797.0   1187.752749584391
798.0   1106.101962864095
799.0   1060.0865526369869
800.0   1040.5806330693151
