500.0   355.7185729200161
501.0   358.3508764634481
502.0   358.9585014168625
503.0   354.91532045514634
504.0   355.895957956367
505.0   342.9815091466704
506.0   337.60595897544994
507.0   332.2355637592534
508.0   316.469692593368
509.0   309.95125984111166
510.0   302.1861735677901
511.0   294.704698615124
512.0   300.7134760538159
513.0   301.97076881334715
514.0   282.44547382912197
515.0   283.2489908529662
516.0   290.9938824572389
517.0   293.7424840445881
518.0   286.0079917350172
519.0   296.1583073436866
520.0   278.20297885966977
521.0   291.9949035877418
522.0   300.019580334976
523.0   297.0478848689794
524.0   302.7713818434478
525.0   317.3168488252522
526.0   323.2857075782011
527.0   337.38715473866586
528.0   349.0114067141851
529.0   364.3490705043592
530.0   380.5927587793993
531.0   393.3288226931094
532.0   407.21843956930127
533.0   416.10193730740093
534.0   434.1346061286806
535.0   450.2647281150222
536.0   469.63852977189197
537.0   484.0169513521356
538.0   496.903165442308
539.0   515.5077846638392
540.0   514.1507408134712
541.0   513.8943536310119
542.0   521.8900707831104
543.0   528.5609205069674
544.0   511.40724915945
545.0   501.08452424760446
546.0   495.80356676801
547.0   480.0025128604608
548.0   467.81816694793025
549.0   458.8660579796557
550.0   446.0397350673484
551.0   429.3167053902679
552.0   433.81572013727686
553.0   411.7986490366029
554.0   408.01725367574096
555.0   396.2880329143028
556.0   395.58808805426816
557.0   382.01312963358
558.0   392.1740502134812
559.0   383.8447120077416
560.0   378.0523464804761
561.0   379.9290089429653
562.0   365.3169778554485
563.0   370.26407242966417
564.0   385.9594029127216
565.0   372.3798673493214
566.0   407.2876330190967
567.0   401.8774257050875
568.0   397.6921027054684
569.0   420.74226875408004
570.0   439.6408170865475
571.0   441.082758237514
572.0   443.78868347161927
573.0   450.95371959528387
574.0   466.04973363979514
575.0   499.7324204041622
576.0   500.6178373865341
577.0   516.4935940951259
578.0   526.3675150969704
579.0   546.7829818159935
580.0   568.5246805599423
581.0   588.2870594146484
582.0   594.7027767898535
583.0   614.1937879909924
584.0   620.4151588700827
585.0   638.7858464444411
586.0   655.2874440066946
587.0   650.169884687863
588.0   654.7606824810922
589.0   674.051765245796
590.0   661.2822308607692
591.0   670.2865602445917
592.0   649.0552204603869
593.0   649.6992315085446
594.0   646.0506705090913
595.0   631.8261867105252
596.0   628.9681951672321
597.0   610.9347694734331
598.0   604.82017928809
599.0   591.6914099423375
600.0   575.5295014730777
601.0   573.9161737219263
602.0   555.4573155761892
603.0   565.3558441635295
604.0   547.0230751088798
605.0   550.4055542242152
606.0   561.6768864371475
607.0   555.30547859342
608.0   549.8976312631123
609.0   520.6386329026218
610.0   528.3575992016101
611.0   528.8726907696287
612.0   545.1921914213762
613.0   520.5856348010288
614.0   508.3428895196778
615.0   513.5849508398401
616.0   529.4872902316276
617.0   544.4194737281933
618.0   530.3225268856455
619.0   548.5342186010961
620.0   545.432282112045
621.0   576.7901854684011
622.0   578.8944481144883
623.0   604.3609965068183
624.0   624.4594013320662
625.0   638.0584961754374
626.0   672.5913193855578
627.0   687.9974537343103
628.0   715.1163656215659
629.0   737.8085286957518
630.0   759.7850100655646
631.0   784.1283237678433
632.0   803.333778139531
633.0   818.8486015820627
634.0   846.104266014639
635.0   861.6871131397809
636.0   881.8181227831503
637.0   892.7652910346355
638.0   893.6081433227966
639.0   927.8398318748555
640.0   928.8530644618263
641.0   941.4217465827148
642.0   943.5477608007151
643.0   936.21311491074
644.0   930.4906717802627
645.0   934.4585183019789
646.0   941.439503478193
647.0   934.0590895065379
648.0   914.8520010214413
649.0   909.3316942200328
650.0   905.0723141815704
651.0   904.6707048349829
652.0   893.5069438677135
653.0   887.2983099824248
654.0   881.9128640864742
655.0   875.8293301173285
656.0   871.616784227059
657.0   871.2838495919375
658.0   864.6367088077549
659.0   870.4488977712366
660.0   870.2177231569071
661.0   858.4111114726004
662.0   866.4721755479782
663.0   867.8908509472179
664.0   883.5808572603297
665.0   906.5218541464479
666.0   883.4465091816664
667.0   895.0939914816055
668.0   882.6261580529097
669.0   899.0837725563845
670.0   939.1830582252719
671.0   956.7668872866064
672.0   974.5869757211427
673.0   972.275097834505
674.0   975.6624811391232
675.0   1004.6722450687391
676.0   1012.7109445110665
677.0   1041.7424444386954
678.0   1048.6771668630656
679.0   1086.120576246176
680.0   1106.6514325922012
681.0   1128.6142534717528
682.0   1156.72620395971
683.0   1180.8096449049617
684.0   1206.5142999312534
685.0   1237.6275967390816
686.0   1259.9199396105075
687.0   1288.777072744082
688.0   1294.3827229062233
689.0   1338.8876381795176
690.0   1370.5479379923677
691.0   1377.246024619489
692.0   1430.7316570601097
693.0   1467.4925746382064
694.0   1457.1561745744668
695.0   1495.3211569125087
696.0   1482.1684093259162
697.0   1461.4102272718587
698.0   1541.760995160577
699.0   1552.7209692841302
700.0   1537.5758618391649
701.0   1504.4222984495275
702.0   1539.2321299411665
703.0   1518.4113088371587
704.0   1529.9273285297763
705.0   1543.647908968194
706.0   1527.3630111582952
707.0   1522.8611869077936
708.0   1508.803822434666
709.0   1504.8871943116296
710.0   1478.9071656155897
711.0   1455.828741062321
712.0   1443.7551587900002
713.0   1430.7878337196294
714.0   1419.6389532930225
715.0   1402.3069867180773
716.0   1390.8124637449105
717.0   1404.4447964477786
718.0   1366.7701302599398
719.0   1382.7295944774608
720.0   1344.6791424550804
721.0   1328.4073687788566
722.0   1340.5870348239753
723.0   1327.5215761937177
724.0   1335.9765368050662
725.0   1300.8564475256617
726.0   1299.600312097046
727.0   1298.2101212553844
728.0   1280.1779951756225
729.0   1295.687438362098
730.0   1229.4107024108923
731.0   1253.4108010142425
732.0   1298.581541021379
733.0   1289.5333504472783
734.0   1283.0079943349342
735.0   1265.615192589468
736.0   1218.4272165726866
737.0   1227.5795626949423
738.0   1254.930384788901
739.0   1223.985744435215
740.0   1279.6549733437432
741.0   1246.867199464895
742.0   1270.0055474667656
743.0   1236.2307885564019
744.0   1240.0047319733173
745.0   1208.3220731946199
746.0   1209.6353620640143
747.0   1228.6391624297203
748.0   1215.685045889799
749.0   1219.1817596653882
750.0   1255.8808652458988
751.0   1277.3636192398146
752.0   1314.949938497346
753.0   1358.664317025358
754.0   1413.6562928081876
755.0   1483.1186172638445
756.0   1544.8280854828681
757.0   1596.7598269986593
758.0   1673.9177926087568
759.0   1706.6312963608616
760.0   1778.7697192213268
761.0   1846.476205295883
762.0   1913.0418348800029
763.0   1987.2449372392987
764.0   2024.3804037508912
765.0   2070.5963763846553
766.0   2118.3149989304584
767.0   2123.8557446219165
768.0   2220.7962389387803
769.0   2179.0560156873407
770.0   2217.9526933732714
771.0   2213.253317152055
772.0   2231.7325531229058
773.0   2190.889523256052
774.0   2213.4751924179177
775.0   2171.365461885504
776.0   2168.228868374025
777.0   2179.2017603487716
778.0   2167.5768653883674
779.0   2102.46265560469
780.0   2101.2296038431855
781.0   2059.425142558619
782.0   2032.1828279541057
783.0   1986.6379032728382
784.0   1949.67691059482
785.0   1903.6014684421955
786.0   1874.1205536902232
787.0   1828.2445853840863
788.0   1800.7135679704077
789.0   1763.5496053373513
790.0   1732.0967367212518
791.0   1680.4331964058567
792.0   1659.414507808252
793.0   1608.3928308293378
794.0   1560.408549545462
795.0   1529.9811975861835
796.0   1499.2908086269256
797.0   1526.8694485779663
798.0   1428.2963510639795
799.0   1369.2888225070024
800.0   1356.5405777973726
