500.0   74.34832918716336
501.0   77.4135219462267
502.0   73.69333995490967
503.0   77.53617776676282
504.0   75.6451897566671
505.0   75.02585997798673
506.0   68.37981138881179
507.0   68.13774582695635
508.0   63.699769280436556
509.0   62.71145588625302
510.0   62.50547616289697
511.0   58.025463687667695
512.0   63.66627523122497
513.0   67.20120160720342
514.0   57.884101044315
515.0   57.69047290555284
516.0   55.72422343542348
517.0   58.350144066882365
518.0   55.252092953269425
519.0   59.77573064429362
520.0   51.984355388648794
521.0   57.462120214338654
522.0   56.70490269881458
523.0   56.01129859554385
524.0   60.55723462505506
525.0   61.030191630420006
526.0   60.3177057602706
527.0   62.695830324485314
528.0   66.2376215451668
529.0   68.79576076757246
530.0   73.75479886944424
531.0   70.08063039483102
532.0   75.5566090654458
533.0   73.72102645738403
534.0   75.36905022056447
535.0   78.29436017805233
536.0   81.73222302885165
537.0   86.27138965832455
538.0   87.06139311774893
539.0   90.86871003118097
540.0   88.85197777116355
541.0   86.64562580350434
542.0   98.59315280607257
543.0   97.23183887616665
544.0   87.0233010441043
545.0   85.76750760039818
546.0   87.70135706086592
547.0   80.39440972939565
548.0   81.49433319224909
549.0   78.61043498907429
550.0   74.89919654304367
551.0   73.27644016691181
552.0   72.21757888017288
553.0   69.68410924460306
554.0   68.45287462639425
555.0   60.113632576649536
556.0   63.92073108359256
557.0   61.711642561670715
558.0   66.74476579952199
559.0   65.77510521117676
560.0   59.20439018977356
561.0   58.79245031073009
562.0   58.767130452487265
563.0   59.094288166472666
564.0   60.001195855044784
565.0   53.29226468064758
566.0   65.37610616768205
567.0   60.83772878108715
568.0   59.85888493579745
569.0   64.09459627715984
570.0   69.21394455303857
571.0   65.54165186393482
572.0   69.370821631902
573.0   64.28201185890157
574.0   70.60685180985593
575.0   78.92401826298033
576.0   74.32343722186351
577.0   79.09772053497352
578.0   75.98736629533278
579.0   81.33878082956198
580.0   85.58871057982981
581.0   88.55579373614523
582.0   83.62974898337848
583.0   87.89712675658689
584.0   89.46820393707912
585.0   91.20332473359667
586.0   95.06116247851571
587.0   92.4698156925009
588.0   89.61020317034047
589.0   97.70788451900455
590.0   93.77293424600498
591.0   95.72839641245184
592.0   89.26487012540315
593.0   89.94580699609753
594.0   91.37690848738634
595.0   86.02336372656919
596.0   88.32879869942599
597.0   87.05503845256601
598.0   83.19990073609074
599.0   78.55740862543291
600.0   80.95441365793022
601.0   82.15844188328413
602.0   76.36155834703061
603.0   72.74781329435336
604.0   75.03529979149107
605.0   74.63113794926812
606.0   76.35175484536205
607.0   74.83182769229984
608.0   71.07531190053226
609.0   68.32899692035437
610.0   65.3002716591352
611.0   68.02756525128291
612.0   68.68224080430684
613.0   65.1712699366384
614.0   63.24450055157922
615.0   65.19265179965748
616.0   67.9956275735467
617.0   71.2074018662563
618.0   68.6461508856994
619.0   71.25830521051864
620.0   70.44154299172965
621.0   71.62830290028649
622.0   72.42239965648446
623.0   71.65509787109443
624.0   79.94910783463752
625.0   81.42042204189158
626.0   83.59405034786244
627.0   83.50041602829333
628.0   88.58403133209436
629.0   88.17651827168356
630.0   94.93271693750182
631.0   97.68299083462705
632.0   97.71899974622329
633.0   95.15700858242212
634.0   103.05779581663887
635.0   99.73578005629861
636.0   100.28913653443533
637.0   100.22224507407782
638.0   108.62004766077143
639.0   108.3561049092923
640.0   105.21470943642407
641.0   108.95748492481789
642.0   110.14337411110773
643.0   109.53012169767317
644.0   106.28662258296481
645.0   108.13639547078196
646.0   108.62830371066048
647.0   108.00498073086715
648.0   99.7057348309047
649.0   102.65038751358065
650.0   101.6846769834483
651.0   100.87847666643097
652.0   97.4405765296724
653.0   98.30588348751007
654.0   98.27933051021182
655.0   94.20001538382394
656.0   93.32334934472306
657.0   96.19106878020261
658.0   97.331784589471
659.0   96.95409640021057
660.0   95.71619301425199
661.0   92.17444928849022
662.0   94.9420429600234
663.0   95.84351794000486
664.0   91.93851798047626
665.0   93.5667890240668
666.0   89.09812290746913
667.0   95.23896759205763
668.0   91.77624663462302
669.0   94.64902637690193
670.0   97.81995948881217
671.0   98.69451759262074
672.0   104.45808019129367
673.0   105.6343323389126
674.0   103.41458112966393
675.0   102.8781281557956
676.0   106.53987176138457
677.0   109.57321857439615
678.0   100.3702993814652
679.0   111.58715751259979
680.0   111.85138164452223
681.0   111.67874767523585
682.0   117.61149641253382
683.0   113.90490804656292
684.0   120.40266797040135
685.0   121.50817068090578
686.0   126.9928241945895
687.0   127.6153332576614
688.0   125.21786807372587
689.0   128.93885231190984
690.0   133.13742345574497
691.0   133.04946203559393
692.0   137.56891074586224
693.0   144.38814217227628
694.0   140.43329174931296
695.0   146.25186592641535
696.0   140.85691022290257
697.0   136.9549351912092
698.0   149.8931187549033
699.0   144.70495829413449
700.0   144.1382394216448
701.0   144.7643976910283
702.0   143.98757606362688
703.0   141.08900167230922
704.0   140.73556465703587
705.0   145.5922133821373
706.0   142.11891502600247
707.0   137.77475631856214
708.0   136.51146615426046
709.0   140.00465196289133
710.0   134.37870435377272
711.0   131.56872795213553
712.0   129.89645780987075
713.0   128.67121546983117
714.0   126.26657584762393
715.0   125.00388765363664
716.0   127.13536692646062
717.0   127.34493538336937
718.0   125.18052481025438
719.0   124.34127674252022
720.0   120.88068444919463
721.0   111.75092631181246
722.0   115.76730406917477
723.0   117.58418645183792
724.0   117.12042384235474
725.0   113.70698251886279
726.0   119.93636909469546
727.0   112.41170395106974
728.0   111.1247249994633
729.0   111.0056853192632
730.0   102.51922653658312
731.0   108.74081214971193
732.0   112.33753584162764
733.0   109.84772329619932
734.0   110.2212013660378
735.0   106.3509536160459
736.0   105.59430378577213
737.0   104.84487158532988
738.0   112.0451170247461
739.0   103.04352007223906
740.0   106.91566640440078
741.0   105.46083730308033
742.0   105.20791405203022
743.0   100.96004262110614
744.0   107.08103316489087
745.0   100.29996092976035
746.0   103.00492580073865
747.0   103.53756058646059
748.0   100.901656930331
749.0   101.61649662508466
750.0   105.7797125484442
751.0   108.06412362103401
752.0   106.48567097243176
753.0   109.2921136443565
754.0   110.73161519757446
755.0   117.8128292749991
756.0   121.60792322908082
757.0   124.11669883681861
758.0   125.38655799096887
759.0   126.4144470801084
760.0   136.52229429004683
761.0   140.79663940968976
762.0   145.822827174768
763.0   148.31654178568306
764.0   153.746046382425
765.0   157.5635658528863
766.0   159.66558307086507
767.0   159.56077577374572
768.0   166.27485249226493
769.0   160.36175030842287
770.0   159.71403664389936
771.0   165.2879600275901
772.0   167.49039393003477
773.0   163.1510444755413
774.0   164.25541322023355
775.0   161.67265104197622
776.0   160.705582910869
777.0   161.39765789567082
778.0   159.9987197285718
779.0   150.03033272645416
780.0   154.11152825774116
781.0   149.57126965725774
782.0   149.83620546449492
783.0   139.62348466512003
784.0   139.5774563631344
785.0   127.71270908169436
786.0   131.13735739145432
787.0   125.78715933563308
788.0   126.49033764673777
789.0   113.58673481511505
790.0   112.65624505673486
791.0   112.97959888015112
792.0   108.8324407229693
793.0   106.70915826896271
794.0   95.90798745725124
795.0   94.43477891922839
796.0   93.82189944804304
797.0   99.2061448938507
798.0   87.27084087990966
799.0   88.42957385264185
800.0   81.466695453498
