655.0 656.0 657.0 658.0 659.0 660.0 661.0 662.0 663.0 664.0 665.0 
9.96 13.218062256081907 47.939555299382505 1908.171542116201 478.67068718486536 38.932615671443784 14.984509584132411 2.8304655233864935 2.607596737155319 3.506390511293432 0.880081427189964 1.6830201924391872 
14.96 2.4612601934602196 8.40268189358207 355.89766425472885 91.72517172754533 13.570724350393618 4.645208483827304 -0.9091615354001021 0.548899495870927 1.8194070933490991 0.04705451421784801 1.3581238575468717 
19.96 0.07688156918479194 1.0157444343958844 50.58088111595586 20.656296784507816 2.2730608973336075 1.7487552884881268 -0.8389614827110563 0.32130278588834926 1.9473599762170863 -0.07050126200576301 -0.17610770990486913 
24.96 -0.3175413242250329 0.6745558697107299 3.1928564990232644 10.993368084567237 0.9176354911336944 1.1045932138039802 -0.6301923382940515 0.72145089048297 0.6751659568607522 0.2247116128400819 0.7561184502873743 
29.96 0.25280264632365856 -0.5149003699638399 2.4585779772382637 2.756661267685331 0.13595453421035586 1.3720493505887532 -0.3922705895067793 0.2258159262546542 1.0109209078900676 -0.24394952327196506 1.26095834440315 
34.96 -0.10945052559225132 -0.12006613769767682 0.7641185904700194 0.5174476205743872 0.9824761084195757 2.277043127208316 -0.7802408867722477 0.7632729416201016 1.2025944908385497 -0.3256023597713522 0.8745996301223329 
39.96 0.19152506732882557 -0.5047675891032668 1.9245863800753398 2.408653878057862 1.1861832415194726 0.6322372325936101 -0.2099510465405956 0.8972657755408306 2.1969761899209175 -0.3404576791078 0.19238109553134564 
44.96 -1.1026109206827357 -0.9261912024816183 2.328426828581769 1.0378005292272405 2.3842515151483497 0.5836613842027703 -0.979024187017302 -0.2084599175698827 1.4785628016224734 0.37777097472130095 1.2999176297469432 
49.96 0.0752667837265335 -0.1325473135122479 2.087048668858216 0.9447602315396182 0.7836007061301018 1.5422144040140608 -1.169090005723234 -0.21228620542947851 1.8226207142355122 0.3732883923899806 1.4522648773019 
