500.0   204.40445811566437
501.0   208.11748859954415
502.0   204.30637599090798
503.0   201.94112323130574
504.0   204.47185519516339
505.0   205.36518894205895
506.0   205.63395119731823
507.0   206.1831393770008
508.0   201.93996350691742
509.0   203.26114240649676
510.0   204.56624293782585
511.0   205.8483220474222
512.0   202.17545958579117
513.0   200.98138631254614
514.0   200.89735151077016
515.0   198.6128481984375
516.0   200.35128151400323
517.0   202.50964164649614
518.0   199.76168336814615
519.0   206.37333786189097
520.0   198.90722437889565
521.0   206.4247543462606
522.0   202.4342969274885
523.0   202.85485311491507
524.0   201.04774189380427
525.0   200.76195417530846
526.0   202.80527565269344
527.0   204.0461150464162
528.0   206.4141356459695
529.0   202.8892297734195
530.0   205.4347901991485
531.0   205.99405023166972
532.0   209.12184635180924
533.0   207.66980113989055
534.0   210.1565869679917
535.0   206.2195802603405
536.0   204.50339388776325
537.0   205.1548534130093
538.0   211.34431852461086
539.0   206.1321761645669
540.0   205.7666241763901
541.0   201.14378876058765
542.0   214.02163251685508
543.0   207.92453469137524
544.0   207.67267516988557
545.0   203.84882972348905
546.0   203.28900375280122
547.0   206.59955759741072
548.0   206.13456319733808
549.0   203.96534975363014
550.0   208.98493070234332
551.0   205.13985561987943
552.0   202.28476629606507
553.0   204.71421778790545
554.0   204.32555360629598
555.0   206.81878587638215
556.0   198.94559158805842
557.0   207.47110146448424
558.0   199.22743426235448
559.0   205.08851519813356
560.0   201.12721822654657
561.0   207.5201424648536
562.0   205.66443532476444
563.0   204.6818256877876
564.0   199.1017451039704
565.0   203.3408783828003
566.0   203.8060593610316
567.0   201.6650588172504
568.0   203.9973478771293
569.0   208.7156742392917
570.0   202.62234408313333
571.0   201.62953066759812
572.0   207.94845599271846
573.0   203.4038288995892
574.0   204.9066990449422
575.0   204.6895850280901
576.0   206.1564221948232
577.0   204.76902740130237
578.0   205.03819959741
579.0   212.10261822161206
580.0   211.12281591330012
581.0   199.8425285326499
582.0   209.14331679227084
583.0   209.40614757388983
584.0   208.25945762575765
585.0   213.7869269644314
586.0   211.2440166864737
587.0   215.1083124883443
588.0   218.7675845317796
589.0   217.55453947378066
590.0   211.96931784738126
591.0   220.0174263367775
592.0   214.13559429871046
593.0   212.767364423801
594.0   210.56823991065076
595.0   207.4281975744443
596.0   207.30760477641715
597.0   212.21937525374145
598.0   211.04266574979115
599.0   207.71139384335473
600.0   209.30424906397818
601.0   215.71315590089017
602.0   207.49063641308163
603.0   209.40358250526452
604.0   210.18715779347065
605.0   206.00864467336697
606.0   208.18149306763328
607.0   208.17024698856076
608.0   206.60799730638703
609.0   205.65840213433114
610.0   208.21496979860493
611.0   206.6165285403289
612.0   203.60259352558475
613.0   208.83331585832138
614.0   208.366930032183
615.0   205.82377442510744
616.0   213.65946113258306
617.0   213.822757163014
618.0   203.81640896971555
619.0   208.77127761692768
620.0   209.57578010225797
621.0   210.0177908599471
622.0   213.1953584494119
623.0   211.04529222221433
624.0   210.28849699539163
625.0   222.05899989265538
626.0   211.13933210774903
627.0   209.98049866873936
628.0   213.94791494923055
629.0   216.4309589520061
630.0   214.70835398954873
631.0   220.34061756217721
632.0   215.93198225470562
633.0   215.10165430610795
634.0   220.99799676991069
635.0   216.35828707572705
636.0   218.11704141265977
637.0   222.21647518683847
638.0   217.0140851334919
639.0   220.87111808667694
640.0   224.31832319308546
641.0   224.64062052774977
642.0   223.2683694722223
643.0   223.14218706531656
644.0   216.51389724545845
645.0   222.42560762172056
646.0   214.0747268400129
647.0   220.22767889075527
648.0   214.45267351250286
649.0   217.70856334659618
650.0   220.8986676895352
651.0   221.2679166309959
652.0   221.10217029075665
653.0   220.9430009570806
654.0   219.15106413067085
655.0   216.36701973021462
656.0   223.62046902909702
657.0   216.7620569359599
658.0   216.77796373385888
659.0   220.12852929627863
660.0   213.5761776285188
661.0   217.38927175675738
662.0   214.85831882571938
663.0   215.4123594443882
664.0   216.2795251973955
665.0   215.87421341361798
666.0   214.507790030049
667.0   219.16283838813732
668.0   215.958433458249
669.0   218.57686067106235
670.0   220.91453861417307
671.0   219.3767311819766
672.0   222.98097461847848
673.0   219.85189748893424
674.0   219.26434752771198
675.0   222.25184287894928
676.0   221.1324246426894
677.0   221.23754298360836
678.0   222.94152218249656
679.0   226.1035181721969
680.0   224.4783101020096
681.0   221.3726813421056
682.0   229.92201274063981
683.0   234.19732225717215
684.0   228.99285090319458
685.0   226.35869715334277
686.0   233.0508367553774
687.0   232.50792597411402
688.0   228.13082392893054
689.0   227.78216320546164
690.0   231.73223983960125
691.0   239.3692132266923
692.0   233.88648687467446
693.0   233.92257876636342
694.0   238.77663029924722
695.0   230.96101427798772
696.0   236.63597243160112
697.0   235.01895877749465
698.0   239.25323830487062
699.0   240.2949413777665
700.0   239.2856666135551
701.0   235.86314891405473
702.0   240.1306079974953
703.0   235.0325090064129
704.0   233.9369697134592
705.0   236.42602919509454
706.0   228.69544417607264
707.0   231.34346376300562
708.0   235.82389446811993
709.0   239.24720896098304
710.0   236.5852072527058
711.0   236.4470137583166
712.0   242.2440620504467
713.0   234.72513577181564
714.0   230.752572384251
715.0   233.74183271021082
716.0   236.12324476322422
717.0   233.50358203496359
718.0   235.10502096167068
719.0   229.24027070812699
720.0   232.29179417049662
721.0   234.57894217479844
722.0   229.51165837383567
723.0   233.7333840433146
724.0   233.1067130997817
725.0   226.91828385990516
726.0   229.05309769259307
727.0   228.0106983477753
728.0   230.91407286838944
729.0   234.56618416908887
730.0   225.72931050490646
731.0   230.494463248187
732.0   230.50879307435093
733.0   227.39505516544094
734.0   231.70489287130107
735.0   227.3632138721326
736.0   229.10681931361876
737.0   224.45097997677752
738.0   230.06399622410774
739.0   227.47533159134412
740.0   232.03929846020745
741.0   228.88436098303043
742.0   225.25894035462989
743.0   234.30050116157938
744.0   226.12761738559692
745.0   226.81133553846433
746.0   231.48223992643966
747.0   225.7632370651945
748.0   226.75928423529305
749.0   225.2568112995227
750.0   226.13314646885541
751.0   228.94908860127975
752.0   225.0525261955591
753.0   234.92384328784215
754.0   227.3497270373787
755.0   236.79777746012283
756.0   235.21651416373481
757.0   232.84237686385273
758.0   240.76413381020006
759.0   241.63066451400272
760.0   248.6048795210506
761.0   245.338548182025
762.0   241.09036922883786
763.0   248.09773915595622
764.0   240.53854251076567
765.0   251.1589418928249
766.0   243.38971772116915
767.0   251.97078717331587
768.0   257.74840875294075
769.0   257.7463810741251
770.0   259.50383481627205
771.0   258.0273817689827
772.0   260.22895632857234
773.0   253.0052197561018
774.0   260.0081591395401
775.0   248.3757268344436
776.0   253.51037449162754
777.0   249.55638177688297
778.0   254.55428488674957
779.0   253.7623799748668
780.0   249.94529308243267
781.0   244.9150364927965
782.0   257.88116569126385
783.0   249.2493624189811
784.0   246.03191191222345
785.0   248.18216648167663
786.0   239.34192270582392
787.0   244.04457718073812
788.0   249.46854569815437
789.0   242.38594965097283
790.0   235.8406333533978
791.0   236.55580051912557
792.0   238.52461898471637
793.0   237.93851208760557
794.0   239.09034045613066
795.0   240.43105734794946
796.0   233.02950404450073
797.0   235.41725620918152
798.0   226.79466960413234
799.0   230.84752876732733
800.0   223.9961951598361
