500.0   193.86332114001686
501.0   196.9612631885468
502.0   192.3775753183702
503.0   198.01086387636605
504.0   196.8670273678477
505.0   196.8325513062689
506.0   200.93559556192196
507.0   193.99816808562238
508.0   195.05492145389775
509.0   192.0824536000933
510.0   198.18762651556062
511.0   200.43596856173423
512.0   193.38133150437568
513.0   193.34530718757023
514.0   194.2210215322651
515.0   196.36099402986542
516.0   195.77047426827403
517.0   191.88914078067054
518.0   199.53608136280832
519.0   192.9556388203792
520.0   198.03434669255077
521.0   192.24821128384323
522.0   186.84210382018674
523.0   196.26471465461145
524.0   195.08651141955116
525.0   195.18075766358785
526.0   193.0760872772118
527.0   196.01105419234284
528.0   199.48772078937338
529.0   195.24605624984932
530.0   197.01605693515742
531.0   200.02480012653356
532.0   198.7593902855331
533.0   198.55233838648104
534.0   194.01204738287333
535.0   197.6365411438099
536.0   196.08924353272673
537.0   194.22235314537036
538.0   196.01251528234678
539.0   198.55395499401826
540.0   200.0853925259758
541.0   199.3141716973652
542.0   196.96993515986313
543.0   198.72084985988099
544.0   198.89277412634652
545.0   200.1138965134234
546.0   196.35750031997148
547.0   199.33631545140705
548.0   198.70373998823834
549.0   190.86733312104735
550.0   196.04127015365216
551.0   196.41908690265325
552.0   191.68457368876656
553.0   196.00782178472406
554.0   194.2692827055877
555.0   192.69856143683492
556.0   198.48498755314313
557.0   196.16139236240122
558.0   195.7877843908645
559.0   192.02687696846667
560.0   198.76199212359785
561.0   195.68661861417425
562.0   197.68544933579247
563.0   194.61562661581632
564.0   201.00888484742376
565.0   192.82150177314256
566.0   199.43635249621676
567.0   196.91085859931758
568.0   192.0053319122126
569.0   196.23726088261134
570.0   193.39743754173398
571.0   197.8925311415765
572.0   194.51449472439316
573.0   200.68375988654418
574.0   192.54275404417297
575.0   195.13521458300744
576.0   203.60607559742448
577.0   197.77153353081545
578.0   197.92170689513134
579.0   199.3016381050681
580.0   199.72458146313906
581.0   197.0518322075902
582.0   199.8352418406748
583.0   202.42335185271602
584.0   202.71607688103452
585.0   199.3742447700059
586.0   199.37718314704173
587.0   197.04822148163424
588.0   204.8450688990221
589.0   194.24294180102135
590.0   199.91616466322185
591.0   195.92008539095573
592.0   199.32482809443
593.0   199.16203362238028
594.0   204.1246032457585
595.0   195.3180245535293
596.0   196.4279923336968
597.0   204.23731411371088
598.0   196.694003015688
599.0   199.41076853950184
600.0   198.74884338517703
601.0   196.89566825079837
602.0   199.3596244736926
603.0   205.16953736130552
604.0   196.8346410043986
605.0   196.98696827085843
606.0   206.78164434549097
607.0   198.24542988984223
608.0   200.6303713226986
609.0   197.22825768539894
610.0   196.8565466562234
611.0   195.7179253796277
612.0   197.21039009083148
613.0   194.3712820293608
614.0   198.4085680613702
615.0   195.1497782788334
616.0   202.53886682066764
617.0   199.80670725523575
618.0   198.08999823990663
619.0   204.50602114997105
620.0   193.93791834386747
621.0   194.3071943406511
622.0   197.95875205508415
623.0   196.72305412122577
624.0   196.8067669629244
625.0   202.96179223624313
626.0   204.94759667606422
627.0   202.95559086273218
628.0   200.84242312430592
629.0   202.43134157289836
630.0   200.06261663206456
631.0   199.5962170708745
632.0   201.21124418550758
633.0   201.8343171000024
634.0   202.3172021538395
635.0   201.12162578229865
636.0   207.53811015988964
637.0   201.59723999490475
638.0   200.94708996278777
639.0   201.52890023434165
640.0   201.3838492871615
641.0   201.48741138326923
642.0   206.97109548222662
643.0   207.63907300088806
644.0   203.29651830698955
645.0   201.4301566893461
646.0   198.4284498165364
647.0   206.6373050030594
648.0   203.80097597568684
649.0   204.0847031116656
650.0   202.64938754657675
651.0   202.9692905072255
652.0   206.3585217350762
653.0   203.06297822856502
654.0   205.51282897602135
655.0   206.97388734104516
656.0   200.8949218406085
657.0   203.61495588086544
658.0   201.923790845527
659.0   199.21363294733052
660.0   200.56943187954045
661.0   200.9676992478561
662.0   202.18771164321902
663.0   209.1412886025651
664.0   204.16237821043927
665.0   202.53425783395915
666.0   200.2245576869892
667.0   200.00384390664178
668.0   194.40550822889537
669.0   202.48868944713183
670.0   200.22776223916566
671.0   197.89358332243904
672.0   204.3567902479288
673.0   201.43797861794562
674.0   205.28079397511917
675.0   208.1714455440603
676.0   203.8450917982114
677.0   202.77162816704964
678.0   204.43033130030642
679.0   213.54118706601668
680.0   205.90220168236323
681.0   208.8508035630628
682.0   203.3440309560942
683.0   212.79731369258207
684.0   211.99487613857676
685.0   207.12422442659155
686.0   213.83340364289043
687.0   206.32184453332454
688.0   206.52867243043576
689.0   212.00795687482267
690.0   207.49202913388322
691.0   215.67944569188398
692.0   201.94613827627302
693.0   210.87587409230423
694.0   210.38197094383634
695.0   207.9425614205915
696.0   212.03730847429097
697.0   212.06967469690252
698.0   214.1114629901728
699.0   208.9600964469797
700.0   218.62574128690085
701.0   211.27425453830764
702.0   207.10855389637808
703.0   215.0149812556809
704.0   209.2125763144921
705.0   212.48092257898335
706.0   211.88016062223062
707.0   214.12103167744985
708.0   210.21407794800908
709.0   208.69293245961288
710.0   207.4149333393686
711.0   210.22404752004354
712.0   210.09638090922388
713.0   215.03955960928425
714.0   210.00721901363838
715.0   213.72397025920642
716.0   206.2159881627575
717.0   199.07081441096338
718.0   205.33777478106984
719.0   203.26483177648913
720.0   211.59770604432606
721.0   206.77548229599162
722.0   206.65046403706907
723.0   208.9836201257745
724.0   209.59485762692586
725.0   204.15120549385492
726.0   205.1795284414809
727.0   204.99436567892747
728.0   211.65262337828779
729.0   207.9043353011309
730.0   203.64781762308468
731.0   209.2338917625438
732.0   208.4976026968762
733.0   206.45809325250573
734.0   204.78463717750213
735.0   206.71490581219805
736.0   205.01250142653385
737.0   207.8549987591229
738.0   206.45927203283213
739.0   206.4356228327322
740.0   209.3769726852331
741.0   207.36556262874643
742.0   209.0286696499663
743.0   207.39014760788444
744.0   212.9587778320272
745.0   216.128375667757
746.0   206.52917174197364
747.0   208.5553657895416
748.0   209.4100244046116
749.0   211.46585812484213
750.0   199.55196261555602
751.0   207.5915931212687
752.0   213.9501418495213
753.0   202.8301969219329
754.0   211.20476291030494
755.0   210.40327307892167
756.0   213.08751613392303
757.0   215.09137609271812
758.0   211.63520451790865
759.0   210.1224848412925
760.0   215.5117563097313
761.0   213.62283432763803
762.0   217.51246126459904
763.0   211.544664287582
764.0   213.8122409793772
765.0   212.01979957670662
766.0   213.13277271897684
767.0   213.69260053841032
768.0   221.56776464636374
769.0   216.9511749884593
770.0   217.57640229419073
771.0   216.88765530294438
772.0   215.46025546777832
773.0   216.9589900522427
774.0   226.27630585746167
775.0   222.54984854707712
776.0   219.13378989945275
777.0   217.1318786096597
778.0   218.48201762741985
779.0   218.92339026515603
780.0   219.81519225976993
781.0   215.95009056813745
782.0   216.76496688346063
783.0   212.90539206449895
784.0   216.45861916933328
785.0   211.23124376387034
786.0   215.0119740056184
787.0   212.93143921951153
788.0   219.53687075490183
789.0   213.77867721167965
790.0   212.06091323269948
791.0   211.72316687050403
792.0   212.94760858773
793.0   210.67168316657825
794.0   213.40927064743474
795.0   207.11497143568008
796.0   206.3366791439774
797.0   204.40531308716123
798.0   208.53085128839248
799.0   211.1968947957992
800.0   207.99290270589557
