500.0   188.9584548202508
501.0   190.0898541110537
502.0   193.7554569117849
503.0   193.60226063364146
504.0   193.92900064644954
505.0   191.28927630883382
506.0   191.13598427363635
507.0   189.0920112165617
508.0   193.81768736307694
509.0   194.7768741458872
510.0   185.02752385877164
511.0   184.53849729734287
512.0   191.1834109189567
513.0   184.4474473996246
514.0   192.85485735349056
515.0   188.20466254502676
516.0   194.32846731906187
517.0   198.26632173203154
518.0   190.2591655654578
519.0   190.52631654807834
520.0   189.02581347717714
521.0   196.26506124510735
522.0   191.14608452553313
523.0   193.35486110513088
524.0   188.0923041429913
525.0   191.40269219081947
526.0   190.45642467725364
527.0   191.99164050206994
528.0   187.28988172741398
529.0   196.02284274230882
530.0   193.5431398824956
531.0   192.30576408324143
532.0   191.8889827224171
533.0   186.96104896216002
534.0   192.93522140099503
535.0   195.5617728961851
536.0   193.71039376979803
537.0   191.06530650941488
538.0   191.68808851282
539.0   196.37922647081874
540.0   192.6697596897343
541.0   194.09317846853716
542.0   191.9852104092587
543.0   190.99619958388354
544.0   192.14468393824845
545.0   188.7131871225664
546.0   191.8546138339371
547.0   193.31287566557967
548.0   196.6701780934133
549.0   194.93872780321257
550.0   194.00726899938482
551.0   195.7141632992627
552.0   193.8521450465176
553.0   190.51279090986836
554.0   189.59569931464307
555.0   189.0659434636769
556.0   191.80761886193008
557.0   193.84770098718633
558.0   189.36797103322502
559.0   189.89868200104098
560.0   194.31284980128268
561.0   191.03721509606387
562.0   188.66772942832458
563.0   195.3190859464987
564.0   189.85627243500986
565.0   189.71133601936396
566.0   200.37467380356983
567.0   198.15590312029582
568.0   184.00202973890794
569.0   194.22429680319698
570.0   189.515089307976
571.0   190.53617683519587
572.0   192.29413379387626
573.0   192.541392653325
574.0   193.7576788654127
575.0   191.71185482069794
576.0   190.52700157081244
577.0   196.0742561322309
578.0   191.04677936871133
579.0   191.8933871466686
580.0   195.77485627901348
581.0   193.0244696669579
582.0   194.0665646901089
583.0   196.3955992647626
584.0   194.86347644623234
585.0   191.47479576260284
586.0   194.28606328710794
587.0   196.57755124649086
588.0   197.59479517605553
589.0   193.71413170206336
590.0   194.08744599122184
591.0   192.1963068510594
592.0   192.11455485788588
593.0   194.79767277893006
594.0   190.1299315256169
595.0   196.63275543435864
596.0   192.54145799020037
597.0   195.08937727084813
598.0   193.1837582310147
599.0   195.07654185257175
600.0   193.07280569162842
601.0   194.57775466335744
602.0   188.08976343475396
603.0   195.76822775863073
604.0   190.38147750615943
605.0   192.973334191962
606.0   195.76882678493382
607.0   191.62816048200526
608.0   189.3434184266613
609.0   189.40742662055362
610.0   195.51532440495558
611.0   192.17311414533353
612.0   191.45697534222649
613.0   188.88397007380692
614.0   195.39552671199
615.0   189.58029942750358
616.0   194.7234880022128
617.0   191.18025344021729
618.0   192.1534627001784
619.0   194.01519467301455
620.0   193.35823362297035
621.0   190.47074655074732
622.0   194.74072437012694
623.0   188.5418098875804
624.0   195.85448528787134
625.0   195.94931521321845
626.0   196.17034231258128
627.0   194.45954325812926
628.0   186.949311897908
629.0   188.73679252478058
630.0   191.48198623834887
631.0   192.54703899434693
632.0   195.76039381348437
633.0   190.43281680588447
634.0   194.55930122189676
635.0   193.18852837495825
636.0   191.58141967846973
637.0   192.39231161349517
638.0   197.00348312447522
639.0   194.75941083342695
640.0   195.55365506734148
641.0   190.62197953097012
642.0   192.1440279831835
643.0   199.8580140114157
644.0   191.93158222899984
645.0   200.24648839664715
646.0   193.15824464766465
647.0   193.3550290478619
648.0   196.3491354348376
649.0   196.85950187935487
650.0   195.08965799850898
651.0   192.21563222787748
652.0   192.8233135952189
653.0   194.83421214852424
654.0   193.08266742057515
655.0   198.03587076327605
656.0   195.83763391838485
657.0   199.21445737428348
658.0   193.57668970407673
659.0   197.03814710022456
660.0   191.04337792326493
661.0   194.88352679222135
662.0   196.40616104804724
663.0   192.83411094020596
664.0   191.2702619105141
665.0   192.5120523746867
666.0   196.8775776780809
667.0   197.1053372099089
668.0   192.86414523424617
669.0   197.65338592415426
670.0   194.48848541687642
671.0   195.6436752122939
672.0   190.7898942981026
673.0   197.04312202894644
674.0   192.94438102113284
675.0   194.17352638893885
676.0   190.56235866918422
677.0   190.51739359280765
678.0   192.7674122222866
679.0   190.95515422384835
680.0   192.3584550262866
681.0   197.6322508194355
682.0   195.9753203610288
683.0   198.15232027760817
684.0   196.00010935631659
685.0   193.80343068468252
686.0   195.71740050439809
687.0   198.33403027940864
688.0   195.1972376870789
689.0   199.65514318093093
690.0   201.20228176210904
691.0   196.26581481980313
692.0   197.54972200872814
693.0   196.61611418530157
694.0   202.5325502928731
695.0   199.74309193490774
696.0   201.07789666922915
697.0   198.30147849457106
698.0   202.7849197989185
699.0   199.9606565372174
700.0   201.28434218175138
701.0   200.20959347904696
702.0   196.54231635517633
703.0   202.01305089995984
704.0   199.7467352020005
705.0   192.6445201111298
706.0   203.06212399600548
707.0   195.80310678528534
708.0   203.14939520437093
709.0   197.566399495877
710.0   195.46300988930207
711.0   195.72854045328225
712.0   197.60886495284925
713.0   197.22944576702182
714.0   195.39822305712673
715.0   201.29227635724288
716.0   200.98218579513616
717.0   197.8465676048852
718.0   192.78355559493363
719.0   197.5177577743744
720.0   196.22485012480678
721.0   199.22067381669513
722.0   193.38968592323806
723.0   192.98138043940799
724.0   196.47979244572556
725.0   197.72206200395144
726.0   196.73574118690618
727.0   196.01301869582346
728.0   193.0734054365835
729.0   200.70970631831017
730.0   200.8583356490934
731.0   199.97891101999795
732.0   196.91519865718178
733.0   196.18963249230532
734.0   196.67955206593248
735.0   196.38649808597123
736.0   195.02595629238044
737.0   194.04260055484164
738.0   195.01502864490206
739.0   195.90228810375487
740.0   195.20159992826
741.0   199.71071146067183
742.0   195.34656887517377
743.0   201.43369415441097
744.0   201.28790181996374
745.0   196.9403532696112
746.0   193.4131361574319
747.0   197.4380155862781
748.0   193.54371047200908
749.0   201.15427133662115
750.0   198.23532083521948
751.0   197.4232282250653
752.0   195.0883804114918
753.0   196.65253082993922
754.0   194.44686827169213
755.0   199.12251490018807
756.0   198.46983928023798
757.0   196.07531861667294
758.0   195.95265064406072
759.0   195.96331674114597
760.0   198.6646913781839
761.0   197.3507345153254
762.0   200.66231767272527
763.0   199.078873254372
764.0   196.42751318278033
765.0   196.94230559522867
766.0   197.3197143061515
767.0   202.74792479096698
768.0   200.09227252336973
769.0   195.41930756347776
770.0   199.63075880961762
771.0   201.81313562393527
772.0   203.4020412209399
773.0   200.6423142583525
774.0   201.15705567887395
775.0   203.45909044991166
776.0   202.10024504744507
777.0   197.64439206987035
778.0   200.72153308197755
779.0   199.85237011438926
780.0   201.5778830976532
781.0   199.6562129456041
782.0   200.15117936755493
783.0   202.36964281621692
784.0   196.85427079797486
785.0   200.05493339174356
786.0   202.63325559639304
787.0   197.1058828315115
788.0   201.19403366200984
789.0   193.07314276947258
790.0   199.58126826328422
791.0   193.70595126007066
792.0   198.96468116711426
793.0   200.76655003838667
794.0   197.61954462126408
795.0   201.55159303406296
796.0   202.13417555264297
797.0   200.19738030872503
798.0   191.08623563481171
799.0   193.96429529640176
800.0   195.71589832744195
