500.0   191.27963757001473
501.0   192.9659807957914
502.0   191.03195117580785
503.0   188.06205979100602
504.0   190.36862111763207
505.0   193.3031307833876
506.0   189.4775443343367
507.0   189.99521235396506
508.0   189.06295893519683
509.0   190.22598900968117
510.0   195.45294539232307
511.0   197.37886853715307
512.0   186.7890424207779
513.0   188.9677666373225
514.0   194.17284244414014
515.0   196.9668291178213
516.0   191.00905784473008
517.0   195.15722361096846
518.0   188.66135404908133
519.0   191.68069735401195
520.0   187.90607920093154
521.0   189.08477534856766
522.0   190.99169741075147
523.0   191.81754325372515
524.0   189.3758562384997
525.0   191.8961294135661
526.0   188.73543838144826
527.0   196.98289941022423
528.0   191.48602981674435
529.0   190.71890191712112
530.0   193.10405070523802
531.0   189.843337364629
532.0   186.61050807742748
533.0   196.02038219163333
534.0   190.85021212430104
535.0   190.06651774296142
536.0   190.13706546973793
537.0   189.34928212525054
538.0   197.40887864840914
539.0   193.72258052282626
540.0   192.4484071786748
541.0   190.38517203946617
542.0   191.04622094362455
543.0   196.34592654051903
544.0   197.71500557518527
545.0   191.52769358039203
546.0   190.5255199954199
547.0   190.8768444548337
548.0   194.5902134069218
549.0   194.44805632906
550.0   191.97593621824805
551.0   191.70332728927784
552.0   192.6172738600932
553.0   191.45146587492727
554.0   195.0168270978707
555.0   190.35748726853117
556.0   193.12190647934472
557.0   191.98881168549843
558.0   193.30920457446385
559.0   186.75766940489083
560.0   190.50604069382794
561.0   193.2196773008367
562.0   195.28423766020322
563.0   192.91241402928546
564.0   192.5430676272898
565.0   188.48810882159188
566.0   188.9909035167356
567.0   195.09497195789413
568.0   194.99788798069923
569.0   187.32149944170558
570.0   194.49391249986226
571.0   197.28937589984787
572.0   194.06389828204206
573.0   190.53779614934467
574.0   193.90740208871472
575.0   190.06441250244148
576.0   186.78350357358616
577.0   197.14913729266067
578.0   189.26577139386478
579.0   192.77745664249682
580.0   188.61123269831398
581.0   190.76523719182575
582.0   197.66790597050115
583.0   186.10278928018212
584.0   192.22482884677876
585.0   194.14656388623467
586.0   194.40462859273592
587.0   195.55703581391606
588.0   194.3667247029706
589.0   195.0822337182353
590.0   195.98772995796392
591.0   200.05828110440672
592.0   191.52141393005135
593.0   197.61724445876513
594.0   196.525807440919
595.0   195.74130344057576
596.0   185.8142242534405
597.0   191.3305553889121
598.0   189.35334470580557
599.0   195.37967430720192
600.0   195.27976960071777
601.0   196.95536209738287
602.0   189.65685892904818
603.0   193.23708239171066
604.0   191.66719741471294
605.0   191.03368131779246
606.0   193.11148590834497
607.0   193.73326305058958
608.0   188.15850301931744
609.0   194.47264110105425
610.0   194.79255063560623
611.0   189.57384678032756
612.0   189.76716300267776
613.0   194.95919890091676
614.0   192.1341448835966
615.0   194.3154988903428
616.0   195.46855969776414
617.0   194.80848130338134
618.0   188.75618488398877
619.0   190.96827320982402
620.0   188.76001988829367
621.0   191.56548854476983
622.0   196.7555434262074
623.0   190.98143809967294
624.0   190.96639242905334
625.0   192.04704091891756
626.0   198.82101466436964
627.0   193.70891080137443
628.0   196.3525692763326
629.0   188.25160586024347
630.0   190.44480189811668
631.0   194.62951962703076
632.0   188.72695019720115
633.0   195.30243449149265
634.0   199.2389681698455
635.0   198.23520555544926
636.0   194.00197302803906
637.0   195.1359523429944
638.0   192.99053389935798
639.0   194.7122103286805
640.0   193.2262539001185
641.0   197.06467171126067
642.0   198.9369730946285
643.0   193.84540898677938
644.0   192.47960657089078
645.0   195.15810028613933
646.0   197.49755179822785
647.0   193.22943165228577
648.0   194.97489877073028
649.0   196.0040430335548
650.0   195.14855230445957
651.0   200.45927615423437
652.0   196.12575062964868
653.0   196.56589074687986
654.0   198.37319717558424
655.0   199.34296222685705
656.0   194.55977999800118
657.0   191.6504441112547
658.0   191.8290749528068
659.0   195.51454746633812
660.0   202.85815226073257
661.0   196.3791099172144
662.0   191.36847210752015
663.0   192.4278736307237
664.0   197.13581934854736
665.0   193.48432052694096
666.0   194.37955527048865
667.0   197.50470784922646
668.0   192.4362185689111
669.0   194.05733753058973
670.0   194.52439651521362
671.0   194.6277163703675
672.0   198.9539722310081
673.0   196.54366206494285
674.0   198.01128614815434
675.0   192.88107224186888
676.0   194.80450225347482
677.0   192.60048751232995
678.0   193.49428381604977
679.0   194.63322681355055
680.0   200.31974535617755
681.0   192.26127456477178
682.0   198.15548625549337
683.0   197.99583281840685
684.0   196.00243475886106
685.0   196.07400781628394
686.0   195.6191040860748
687.0   195.3822370402352
688.0   197.57372278890955
689.0   196.57147986999252
690.0   198.3717447090138
691.0   199.0626738007217
692.0   199.58355188041443
693.0   197.19741466132172
694.0   194.05903865671556
695.0   203.02319488726573
696.0   201.47179277588816
697.0   196.74329128101957
698.0   195.5849977462345
699.0   195.114459858067
700.0   201.44095534025774
701.0   198.09510735748336
702.0   193.62713788243315
703.0   197.01380510343492
704.0   204.11864047532893
705.0   197.46205078648163
706.0   196.36399096434414
707.0   193.48002301425137
708.0   198.14767053986648
709.0   193.14171621065987
710.0   197.12818287039093
711.0   204.57202787940224
712.0   196.44825162593003
713.0   197.85173868776616
714.0   197.92614738320435
715.0   200.51955973464612
716.0   199.05203374661482
717.0   195.11571629758166
718.0   198.2332613712755
719.0   198.2689080613104
720.0   201.30429041300448
721.0   196.00187923092565
722.0   195.80392529772877
723.0   197.06494334678922
724.0   196.190110873901
725.0   196.80966618874697
726.0   196.14078827087457
727.0   195.0057848458117
728.0   200.3981131369002
729.0   194.32708568246332
730.0   197.2242452686818
731.0   199.7012349715328
732.0   192.05595215336245
733.0   196.7702007203587
734.0   196.304608952776
735.0   194.37332587495632
736.0   197.02599828655977
737.0   196.54622819635753
738.0   201.95978296638515
739.0   196.17494005805588
740.0   197.3679725701589
741.0   194.77985206758638
742.0   196.40495905631605
743.0   199.9882970441955
744.0   195.9963764655167
745.0   194.86336441244177
746.0   197.302241225068
747.0   196.3956104827767
748.0   198.35696643124285
749.0   198.77690031148416
750.0   195.4508117253279
751.0   195.1866468099149
752.0   199.1057185180479
753.0   189.07607067925431
754.0   198.921299385495
755.0   194.7713300319825
756.0   200.60134299321317
757.0   202.37150607902174
758.0   199.93976308176187
759.0   196.20790892086447
760.0   196.646340094373
761.0   204.7174354830624
762.0   198.08498544831295
763.0   197.36386540044788
764.0   210.09722563714274
765.0   198.9428102700985
766.0   199.25064514763088
767.0   201.79574626631359
768.0   203.23167144930676
769.0   204.7377629709946
770.0   204.2650671082799
771.0   199.75905934500898
772.0   201.68476654816095
773.0   199.04092389226201
774.0   196.4693648385149
775.0   198.20117064471148
776.0   199.73948766819657
777.0   201.77654542685733
778.0   197.32295116257168
779.0   201.4059522155005
780.0   202.62255172343754
781.0   195.03850686256962
782.0   201.07141121007317
783.0   200.9242482960552
784.0   198.90621490761933
785.0   202.1044734521174
786.0   199.98621552067502
787.0   195.09380585656416
788.0   199.8339407740165
789.0   194.89073942322855
790.0   195.6115065788128
791.0   195.54664535628058
792.0   200.66980255087566
793.0   192.07972616056782
794.0   191.6963215929884
795.0   200.66362438893378
796.0   195.82383477183
797.0   193.2076776552323
798.0   197.01703805943626
799.0   189.03450531094882
800.0   193.65543955063808
