500.0   214.771604947359
501.0   211.92025111457286
502.0   202.9180757330021
503.0   206.15329162748287
504.0   214.7973266183729
505.0   204.22709661120857
506.0   203.26503170949496
507.0   206.87648089421867
508.0   202.48985130084782
509.0   202.1951099422326
510.0   203.5843383894073
511.0   204.84914384040312
512.0   202.82899421628161
513.0   203.9143651757596
514.0   205.29815995154226
515.0   207.22263128209215
516.0   202.39003704870927
517.0   201.41997531645927
518.0   204.86861874432117
519.0   199.59432998898683
520.0   203.96446125740647
521.0   203.06427473623927
522.0   201.20057750361784
523.0   200.18777486454897
524.0   203.85440506295126
525.0   203.88280863540422
526.0   208.94830918219952
527.0   207.98105495035196
528.0   207.32689527694083
529.0   204.9018663082454
530.0   210.98305798734268
531.0   215.0365421584733
532.0   203.5586511330275
533.0   211.69804146729805
534.0   216.02472261538523
535.0   209.67466575091467
536.0   215.36615048071963
537.0   217.21366828150283
538.0   218.93754136158518
539.0   211.27969649220742
540.0   220.33563765884463
541.0   213.69113798059132
542.0   218.86815802172995
543.0   219.56151629079812
544.0   213.99186712628062
545.0   216.98212502614118
546.0   214.57333165668052
547.0   209.35315521246594
548.0   215.8161287513915
549.0   210.60143248641995
550.0   214.04989114064153
551.0   209.98610029401488
552.0   213.54714116934358
553.0   208.54740973198736
554.0   210.01609599108406
555.0   205.67584294148267
556.0   213.12776518448294
557.0   210.9187896571799
558.0   212.0264677198916
559.0   212.06486092480796
560.0   208.90561058136484
561.0   213.03033893429827
562.0   212.86444959642705
563.0   211.84191525091185
564.0   215.58582236504145
565.0   208.57839628724736
566.0   210.87855352955017
567.0   212.26905022211386
568.0   209.9969963028217
569.0   214.52934521117731
570.0   212.36573436436436
571.0   212.99252412153004
572.0   217.49859595067883
573.0   215.79241317254582
574.0   218.736228889425
575.0   215.65137447042255
576.0   217.800661299469
577.0   221.20576765943002
578.0   220.99910044328394
579.0   221.78359527245718
580.0   223.10573699282736
581.0   221.9935297454547
582.0   222.94600840150906
583.0   225.11556433136647
584.0   225.17481295031124
585.0   222.4307870487996
586.0   226.02191408556908
587.0   230.288276276358
588.0   223.48975332481842
589.0   225.51723108168358
590.0   224.04540353394393
591.0   227.89773619814676
592.0   226.92740326723688
593.0   232.67028598566873
594.0   230.18181542714007
595.0   223.05648921445527
596.0   224.26748575102616
597.0   227.71900331889998
598.0   226.27456442696808
599.0   224.48573001416023
600.0   227.53911524180856
601.0   225.49245504470508
602.0   225.4440811162289
603.0   224.08803572563443
604.0   223.83976656921158
605.0   218.0431057604483
606.0   218.99003136435834
607.0   222.17973262172427
608.0   221.86857551306218
609.0   221.69620957453026
610.0   217.45803932744923
611.0   223.27630207886529
612.0   217.0270182543701
613.0   218.94257651731834
614.0   216.91192500510883
615.0   221.13348603437618
616.0   216.05217505102434
617.0   219.92195498222654
618.0   220.4055831651775
619.0   217.9528003731716
620.0   220.23702380431877
621.0   227.29063158203488
622.0   227.2775626031453
623.0   226.31185984500337
624.0   229.15985256696865
625.0   229.98938038051998
626.0   229.07545049792031
627.0   233.04276517171775
628.0   232.23954387151127
629.0   229.26929981684864
630.0   236.65102540578525
631.0   237.0670328313392
632.0   241.15508766782446
633.0   234.31978460348776
634.0   244.90191081309186
635.0   245.8874356099917
636.0   243.90487840354953
637.0   232.91540507000846
638.0   239.48688180488497
639.0   240.44755190044722
640.0   249.07210718875584
641.0   246.76512000524068
642.0   240.76584646145452
643.0   241.54215670653815
644.0   244.99240564370493
645.0   247.30008182324823
646.0   242.42017837045063
647.0   240.77100299409267
648.0   244.39291432846338
649.0   244.29922371726724
650.0   245.2522649226239
651.0   245.1867006466278
652.0   238.70455963939895
653.0   242.09933360003458
654.0   240.3459101658753
655.0   239.2738460294178
656.0   241.4941943239673
657.0   243.84307878934325
658.0   244.67062038448756
659.0   238.08142622056076
660.0   246.03206615657754
661.0   236.18379810509276
662.0   240.07313011407658
663.0   243.40626871374792
664.0   239.9037327604543
665.0   247.64158408300833
666.0   244.0885174232113
667.0   237.67575987100204
668.0   247.74905601713334
669.0   243.67992501032143
670.0   249.57637091834502
671.0   248.4412243844094
672.0   249.5979634869059
673.0   253.40346894550584
674.0   245.6803977091404
675.0   249.2144767108228
676.0   251.06572049172996
677.0   247.4109794169062
678.0   253.1837184980801
679.0   257.03454295785
680.0   254.1518955353015
681.0   257.9420717176319
682.0   256.0542908605116
683.0   261.89576787768215
684.0   262.9931187126973
685.0   267.96135545534537
686.0   266.4556370375215
687.0   268.70477621950783
688.0   274.33503890534234
689.0   275.9795128458227
690.0   272.447784710352
691.0   273.793120765715
692.0   281.81433463227467
693.0   285.4763182615973
694.0   274.9400190894995
695.0   282.8216447646007
696.0   280.6805876862589
697.0   283.02024827452135
698.0   283.68863352925746
699.0   282.83772736402796
700.0   277.87092279202193
701.0   285.05750038005823
702.0   278.9947698855878
703.0   286.0184441572027
704.0   279.54037831115176
705.0   286.9836464578281
706.0   283.08986956062495
707.0   277.33675580587294
708.0   279.84124405554905
709.0   281.78741123204964
710.0   280.4623968612668
711.0   274.39374274445476
712.0   281.0500104039603
713.0   280.31357946735346
714.0   280.2834763685297
715.0   277.63836099328256
716.0   279.92122211369184
717.0   270.15826024713755
718.0   280.770810473459
719.0   282.0847427654025
720.0   275.1811694199054
721.0   278.48805694931434
722.0   277.8176563181745
723.0   272.8637012427406
724.0   267.3985786972891
725.0   266.7679102327876
726.0   269.3167985028525
727.0   271.9873639149914
728.0   269.30619861753564
729.0   268.0711673231001
730.0   263.3301292849684
731.0   269.2164667917547
732.0   270.33336019970545
733.0   271.274336248398
734.0   270.9755087354689
735.0   266.11672292799716
736.0   260.72434907477094
737.0   267.31941456117113
738.0   269.72705127957914
739.0   273.23268659998627
740.0   272.0032288356376
741.0   275.5148291548554
742.0   264.3223365542878
743.0   267.4303874871581
744.0   270.8647383419764
745.0   265.9772429501337
746.0   271.17856629570525
747.0   267.36881678703855
748.0   268.1483056027247
749.0   267.45010334831426
750.0   273.0431786039659
751.0   272.3997280498818
752.0   274.90961453456254
753.0   274.8453076037905
754.0   279.74530763027644
755.0   276.4849440253272
756.0   287.0709849884801
757.0   287.9887307349446
758.0   297.6598421018826
759.0   291.83541142223913
760.0   297.6849299855399
761.0   305.0793205902125
762.0   307.8505038088278
763.0   316.6284833613917
764.0   312.72497436346276
765.0   320.95799519773874
766.0   323.8077634750752
767.0   326.330644738284
768.0   331.47449108304056
769.0   324.85597285386336
770.0   332.87410876330483
771.0   324.9141836653965
772.0   337.4799762557463
773.0   326.1655923899659
774.0   325.21915715289407
775.0   328.04029772977924
776.0   326.07980054694514
777.0   329.1248277766015
778.0   328.1180914672629
779.0   329.3031493458243
780.0   316.97551003817625
781.0   321.4158614537529
782.0   316.9202446213412
783.0   319.80478234702423
784.0   313.5594164032187
785.0   307.121203654919
786.0   305.6123840747664
787.0   308.0061691057281
788.0   305.5712079760213
789.0   302.2703874737453
790.0   297.0773820069588
791.0   295.2247422205961
792.0   289.6355730045778
793.0   295.68010720548375
794.0   288.56429502521786
795.0   290.93423139401784
796.0   282.95843843474006
797.0   285.0779374440588
798.0   275.07597372489624
799.0   268.26142235935765
800.0   277.60826345844015
