500.0   200.62567618427482
501.0   202.7944937127924
502.0   206.25488858540947
503.0   199.07523690971848
504.0   202.22720215271977
505.0   199.29625101368006
506.0   199.52349814937088
507.0   199.9145845522681
508.0   201.1932508905833
509.0   197.75149368611542
510.0   199.46446227114026
511.0   200.536926343998
512.0   202.27594025980784
513.0   202.69880678431423
514.0   196.0371056819826
515.0   197.0550321768412
516.0   202.32774113779584
517.0   200.71379418992268
518.0   201.3618922448449
519.0   198.0157617867052
520.0   198.01001068492553
521.0   198.0272439181949
522.0   198.9344062930353
523.0   202.42910580233186
524.0   198.31639250462126
525.0   199.21547048265836
526.0   199.89564819183283
527.0   203.99378552856106
528.0   198.5600587652209
529.0   197.7250810651181
530.0   201.85214509304194
531.0   199.5880061117357
532.0   204.3493495992748
533.0   204.33311097707977
534.0   196.04759048019318
535.0   206.74510676398006
536.0   204.76318150535633
537.0   206.1022904586485
538.0   206.18157024531598
539.0   208.29496541074238
540.0   201.73417377866468
541.0   207.184180586224
542.0   203.0530766681081
543.0   207.67987526690985
544.0   207.17057527191423
545.0   211.39726047374336
546.0   204.82318077800926
547.0   208.97354868563204
548.0   209.66806959074643
549.0   207.62759981516763
550.0   201.0476994425901
551.0   202.24429762618377
552.0   203.17601194862908
553.0   203.3120752376477
554.0   201.82813790552666
555.0   202.51100011983826
556.0   208.32866493479003
557.0   202.82018431568346
558.0   196.8660903238253
559.0   207.1646790033801
560.0   197.97426716651057
561.0   201.95227297745694
562.0   206.61589611017385
563.0   204.2234570603738
564.0   204.5075337364704
565.0   205.63830136228432
566.0   205.24827080802692
567.0   203.7675461980522
568.0   207.00241492369412
569.0   199.86033319921043
570.0   204.92812096973424
571.0   207.87806952451052
572.0   208.37358830083693
573.0   209.0352189040928
574.0   212.07306859359804
575.0   207.7284658690489
576.0   202.1720841055721
577.0   204.6779124487897
578.0   203.90927227992566
579.0   205.26903271106988
580.0   206.68199175227684
581.0   208.1010064394103
582.0   213.32970587995953
583.0   208.41208161582884
584.0   208.64848525040523
585.0   216.39179199416466
586.0   210.31241289337345
587.0   214.54907538021806
588.0   212.07721862342814
589.0   214.99695223550128
590.0   214.95634135593428
591.0   211.19302867517516
592.0   212.46343014974923
593.0   215.02277160013836
594.0   210.9341484960769
595.0   212.44137316675196
596.0   209.9217834090582
597.0   216.89246304213577
598.0   213.87227162018962
599.0   208.7260389465563
600.0   212.80763156614435
601.0   208.08836663035285
602.0   209.787868810843
603.0   210.13162466682715
604.0   208.7535047258295
605.0   206.98937707552895
606.0   211.81893424727707
607.0   210.35757613614325
608.0   209.6961277959502
609.0   206.37005148158462
610.0   209.7599361411185
611.0   206.28931459368857
612.0   212.3339981015337
613.0   207.012306740257
614.0   205.47015328222565
615.0   211.51068191570283
616.0   205.0175707797959
617.0   208.0580130349083
618.0   213.98821369851115
619.0   207.95459756227433
620.0   210.25170960431913
621.0   213.12794647270815
622.0   207.6774080198479
623.0   208.04944750608738
624.0   214.11263065333733
625.0   214.98676388358166
626.0   215.07481257051433
627.0   217.44826476006904
628.0   217.24189656853272
629.0   222.92765123462775
630.0   213.50390042385533
631.0   218.20754581620855
632.0   218.02260444773688
633.0   221.84289884944343
634.0   216.06118293517085
635.0   222.93057609795832
636.0   225.07355551137803
637.0   224.52192006547838
638.0   219.25897972690137
639.0   221.61832012968605
640.0   228.66733449130044
641.0   224.7324258812377
642.0   227.9655297449063
643.0   230.3640609200755
644.0   223.77810544558008
645.0   218.6123574720593
646.0   220.1752554571564
647.0   224.25771109047895
648.0   225.63947544445477
649.0   226.04816232066176
650.0   226.64857677427756
651.0   222.32809044285275
652.0   221.50549638933444
653.0   218.75332554157436
654.0   222.72265272447555
655.0   221.01987025848555
656.0   221.3959164000985
657.0   215.29624957558653
658.0   220.31421392152322
659.0   221.52673421190585
660.0   216.36745382753347
661.0   224.16718700651842
662.0   219.8679430713109
663.0   218.61084380638002
664.0   218.66004001624484
665.0   224.8593877690615
666.0   219.5021471231671
667.0   224.31833450819886
668.0   223.6801946061179
669.0   219.89182452462103
670.0   224.6608416886913
671.0   221.2051557405855
672.0   222.494393927419
673.0   225.9637677436278
674.0   229.90449684702986
675.0   229.76674214606786
676.0   228.38535840558708
677.0   231.48997668336332
678.0   231.1582409902741
679.0   228.80776354220032
680.0   235.1101956658778
681.0   225.67668862350482
682.0   238.84814972404914
683.0   235.18230159304892
684.0   232.99854278927884
685.0   235.95220192597174
686.0   232.27092452533282
687.0   238.09764245846432
688.0   231.3257562475531
689.0   246.7048227015564
690.0   239.98582758836844
691.0   240.25105782191864
692.0   246.86948091026673
693.0   248.42663661042351
694.0   240.67934829505626
695.0   248.4471853967261
696.0   249.538964937886
697.0   244.2192203282832
698.0   244.7183970481821
699.0   249.59502673177607
700.0   252.12903517769686
701.0   243.94987929747634
702.0   248.92475225416808
703.0   241.0150972143216
704.0   247.70707701235708
705.0   251.0427521816191
706.0   244.2343524651835
707.0   246.0309400936815
708.0   250.8091572154502
709.0   243.2291540342274
710.0   248.0122067744789
711.0   244.87756004815918
712.0   247.05585776966828
713.0   245.5423457276892
714.0   242.8081093522354
715.0   245.7741862750422
716.0   240.08404476878457
717.0   247.56663906045767
718.0   239.7364963894974
719.0   239.036659050316
720.0   240.96018064778198
721.0   243.6430408303973
722.0   244.74530006633077
723.0   244.98645413973102
724.0   244.99890210184827
725.0   241.33257736772157
726.0   240.3213570473118
727.0   236.00428715057694
728.0   235.92722892680476
729.0   239.50059768511198
730.0   237.1902029843719
731.0   242.7718851271069
732.0   243.93184950209186
733.0   237.7924389098528
734.0   236.75808880446186
735.0   238.5068214885541
736.0   244.96006987323713
737.0   240.45403959159256
738.0   242.17541599239402
739.0   236.5976563151791
740.0   245.43024136512363
741.0   239.79798733882626
742.0   239.53022931052504
743.0   232.7034207893712
744.0   236.92004599001044
745.0   244.24688122559925
746.0   242.7895999991008
747.0   240.15383732853493
748.0   238.39942156924948
749.0   240.33962963622238
750.0   242.56001958014372
751.0   235.52306197630628
752.0   248.6201576553956
753.0   238.95936080721518
754.0   240.01441383349683
755.0   244.3352994601059
756.0   245.0046368367617
757.0   243.514520918043
758.0   246.32326371722533
759.0   251.46804949365293
760.0   251.34840445529102
761.0   255.23973396467244
762.0   261.55124737310257
763.0   266.6191195321178
764.0   266.5801599334268
765.0   270.3949597496688
766.0   273.5079760386607
767.0   269.74667911560266
768.0   272.70200922739957
769.0   275.55264906512747
770.0   275.115228257583
771.0   277.04723525373015
772.0   276.97148355918256
773.0   268.78506031321126
774.0   273.7259125158233
775.0   271.41186103605514
776.0   266.643561997782
777.0   271.88368655953246
778.0   273.7469421988762
779.0   269.36091116567104
780.0   272.30250216722794
781.0   268.1249754274416
782.0   267.1698141180158
783.0   263.83460481167896
784.0   263.8677405730526
785.0   267.39022910229556
786.0   254.76012118231236
787.0   259.7939457322483
788.0   254.69749067713073
789.0   253.63717107465501
790.0   252.6440241399211
791.0   254.7649555716585
792.0   255.19516199239138
793.0   251.5343628990229
794.0   250.35206987676472
795.0   248.93372559236465
796.0   240.26757622858355
797.0   248.31367063699875
798.0   239.55718358837754
799.0   235.67244883142754
800.0   242.4193840068944
