500.0   201.11621205827842
501.0   196.98344704043643
502.0   202.86494553506586
503.0   193.41701939905948
504.0   191.51531686764088
505.0   198.01484971836285
506.0   196.3841253128344
507.0   196.02266399682412
508.0   194.49483744861305
509.0   194.48062433268947
510.0   193.731448241395
511.0   195.07269695328213
512.0   192.96433988700065
513.0   193.52070243909333
514.0   196.5519753709235
515.0   194.15371519043993
516.0   199.9422614019646
517.0   194.55237607597766
518.0   195.1302925670564
519.0   197.4978888819171
520.0   193.0200966417872
521.0   196.0861773998794
522.0   193.68658404858118
523.0   196.0008551322747
524.0   196.32510901598502
525.0   198.1791778539281
526.0   194.8264567417508
527.0   193.02777368522496
528.0   198.55741931938007
529.0   196.95362938306945
530.0   191.74636762807475
531.0   197.1544513890089
532.0   195.89488975889256
533.0   199.68086766381305
534.0   194.9926070837438
535.0   193.60293044884213
536.0   199.11077109320075
537.0   199.5747877514604
538.0   200.22489975961372
539.0   199.63684292446285
540.0   194.43292997424624
541.0   199.73419884398126
542.0   201.01926072930752
543.0   199.34393267029728
544.0   197.70143821112978
545.0   195.86401203844878
546.0   196.62242301209798
547.0   196.46059699365767
548.0   192.67628797034618
549.0   195.41373533898212
550.0   197.0334402354994
551.0   199.04784134134974
552.0   195.00136129551143
553.0   195.13846284370732
554.0   197.67642031126812
555.0   200.89081661593883
556.0   197.10375433565738
557.0   201.48047954661413
558.0   199.95476428126008
559.0   198.2388824203438
560.0   195.1409022781663
561.0   188.99895583203644
562.0   201.77222623520703
563.0   197.60578130174517
564.0   196.35097303487777
565.0   198.47532088825469
566.0   198.1090170704926
567.0   200.943192962498
568.0   194.99720027907253
569.0   202.13612900340425
570.0   199.81221118587337
571.0   200.56483662834253
572.0   193.03821739308393
573.0   202.26328120421888
574.0   200.7988644387119
575.0   201.70120917363946
576.0   199.83558459353853
577.0   197.17252150953232
578.0   194.83645400548386
579.0   196.08697030414874
580.0   199.43154871300857
581.0   201.4873115831151
582.0   197.83331621739404
583.0   202.57975362197524
584.0   203.4412063250392
585.0   200.72060210787058
586.0   200.55056923852862
587.0   203.1338602992501
588.0   196.65756058266578
589.0   202.73934973981875
590.0   205.75459222213365
591.0   204.13532760107344
592.0   205.05374958063678
593.0   199.92443768167857
594.0   204.82508455281516
595.0   205.69242959316938
596.0   196.58586458311206
597.0   202.7159509074274
598.0   195.9123314657218
599.0   202.340160426047
600.0   199.89761280615687
601.0   195.6000133925224
602.0   197.36804337269908
603.0   205.24574268481368
604.0   200.1320630442445
605.0   207.97578711514444
606.0   201.81482261947673
607.0   198.44494829488522
608.0   200.2940295425316
609.0   196.933248076115
610.0   202.0778908565255
611.0   197.89892338414134
612.0   205.71099156982
613.0   197.4997681570389
614.0   204.82886429707116
615.0   201.91828328276125
616.0   201.48901975206314
617.0   201.82507957803602
618.0   200.884102673464
619.0   204.76979697905233
620.0   201.73486156594467
621.0   202.99732793254313
622.0   199.40283019984625
623.0   203.41451785429533
624.0   197.86529703927897
625.0   202.0465038373638
626.0   203.00277018309583
627.0   203.00027796206615
628.0   201.77891936588335
629.0   204.16351312412837
630.0   201.75846654072717
631.0   198.62286242368066
632.0   206.43708267276142
633.0   202.38218535620038
634.0   209.17283736450318
635.0   206.09516312688405
636.0   203.96069953299371
637.0   210.86093831865693
638.0   208.24534367621098
639.0   208.44584794702692
640.0   209.27103758139586
641.0   208.56165946614033
642.0   208.59094768427002
643.0   200.08198105059247
644.0   203.1046192853662
645.0   203.6203304573563
646.0   207.88305385844765
647.0   205.46380195019162
648.0   210.17291953606644
649.0   206.45289859401217
650.0   205.51424084977398
651.0   214.00899735104218
652.0   206.66042697515314
653.0   206.11548980410421
654.0   206.1242347660365
655.0   204.41928094609884
656.0   205.07600235495715
657.0   208.89807873558993
658.0   208.84246750705478
659.0   208.55456538442925
660.0   207.50523210835036
661.0   205.33011776040593
662.0   211.63533775841967
663.0   211.4234734157145
664.0   206.73328248941243
665.0   209.3747725276225
666.0   206.09418051501635
667.0   203.54819705828638
668.0   209.78698629445526
669.0   204.78729117601773
670.0   207.62946244049195
671.0   209.56354943689513
672.0   209.14009778773274
673.0   210.89848147490227
674.0   209.87427266028212
675.0   207.8252016525207
676.0   208.29531199945802
677.0   213.3162730255094
678.0   209.17214432403551
679.0   210.58248717556924
680.0   208.37944016924357
681.0   210.39192635482908
682.0   204.98284730233846
683.0   216.01766535933314
684.0   213.00995764190992
685.0   215.8220549780141
686.0   217.47925415801282
687.0   215.62256268270554
688.0   218.59635601937796
689.0   216.22338326343325
690.0   217.42852013103226
691.0   221.14746923329707
692.0   222.00336033995617
693.0   215.74638036104054
694.0   221.64760941831108
695.0   222.50675786273703
696.0   219.05530262107703
697.0   221.6363993296222
698.0   222.94792594122933
699.0   225.92570928654703
700.0   225.98720602256822
701.0   220.58755818662905
702.0   218.83380999734914
703.0   214.01852125023967
704.0   217.0826304033026
705.0   217.50207288171714
706.0   223.17568277711027
707.0   220.26056374438437
708.0   219.66725799897583
709.0   220.80548486262995
710.0   219.7670090003858
711.0   222.9180174186644
712.0   222.05242596229255
713.0   216.43339739656798
714.0   211.2530851249496
715.0   218.18993153204406
716.0   214.9435225585373
717.0   217.18880057096237
718.0   216.0410057487787
719.0   214.85202173407592
720.0   217.23958799620445
721.0   219.81444040920863
722.0   216.6807537027447
723.0   217.35849415663668
724.0   222.98944438354215
725.0   214.7003512439138
726.0   214.01760194771896
727.0   214.00518352743245
728.0   220.05712240816862
729.0   215.84023466533955
730.0   217.25330590245466
731.0   217.2557642414671
732.0   216.85428153475456
733.0   221.05149787095436
734.0   219.0304054648976
735.0   215.35196462057834
736.0   216.0438152510104
737.0   219.93530881833806
738.0   216.8598566406457
739.0   218.86195519712993
740.0   210.70508633701655
741.0   219.07235489860537
742.0   218.65874826384132
743.0   216.60981845312978
744.0   218.15896239675627
745.0   215.7518201134889
746.0   221.63599879539373
747.0   212.842208288759
748.0   220.83212715565372
749.0   220.02072182347868
750.0   219.81698207408812
751.0   216.11350095023363
752.0   222.1689491732689
753.0   217.05868638585025
754.0   221.42660474873477
755.0   220.5853517030876
756.0   219.36437873209312
757.0   216.5463596790374
758.0   223.65634411560782
759.0   223.42315462826318
760.0   228.49550795533975
761.0   226.74193491314284
762.0   228.46346333053887
763.0   223.47685671220444
764.0   228.7744230221829
765.0   234.05204942223233
766.0   236.65468797416253
767.0   230.527824294968
768.0   232.4505138811803
769.0   235.2493031663666
770.0   234.77842821460587
771.0   235.8641610005842
772.0   236.09082415757655
773.0   232.9719880880965
774.0   237.97565219257922
775.0   235.4228173617654
776.0   234.4036125032789
777.0   225.9175569857281
778.0   235.11121245273563
779.0   231.5935268469212
780.0   233.12291706117762
781.0   231.05243372217552
782.0   229.77220821643908
783.0   230.68017009271944
784.0   228.54205189692908
785.0   224.90346038783554
786.0   231.13157509361497
787.0   223.63539442138833
788.0   221.41608365200182
789.0   225.62688915206132
790.0   227.07055595980984
791.0   218.95550137228273
792.0   217.74938199844973
793.0   223.06656880760917
794.0   222.3877152227321
795.0   219.86920836900939
796.0   219.93823035127062
797.0   222.01449327848266
798.0   217.5605447629008
799.0   212.861025860231
800.0   214.04733156855391
