500.0   194.2256175866246
501.0   195.93296460215944
502.0   194.86761753816762
503.0   192.04709763435295
504.0   193.85453567562186
505.0   193.9596775173072
506.0   195.2469837578651
507.0   194.7226993150499
508.0   195.92595046611058
509.0   191.82792466655943
510.0   200.5900026635919
511.0   195.745804214482
512.0   197.35550107832813
513.0   194.13703786392543
514.0   191.82290699025705
515.0   192.93113987567773
516.0   188.36762312328983
517.0   197.6399866488217
518.0   197.4598220547056
519.0   196.50334766681968
520.0   194.01762610494046
521.0   189.86972313488963
522.0   194.25541410565165
523.0   193.31732482592165
524.0   193.59210272564349
525.0   193.0187761437885
526.0   198.09263873536958
527.0   198.05881860824348
528.0   191.93786508282676
529.0   195.71112103236817
530.0   201.13409099441068
531.0   193.65708162685868
532.0   194.65272882293567
533.0   194.0203033031142
534.0   193.06461624951
535.0   198.47356336784466
536.0   197.00452779064057
537.0   200.45753262935568
538.0   196.13746037013726
539.0   195.64488673954028
540.0   195.0031145334584
541.0   196.50592951799487
542.0   195.9240813244517
543.0   194.56433081330297
544.0   195.23442562559165
545.0   197.10136696019075
546.0   197.2539165997256
547.0   193.09132735131817
548.0   192.76640119711539
549.0   198.12260805970203
550.0   195.0275494850888
551.0   191.47171360894285
552.0   191.19771021093817
553.0   193.35237026443642
554.0   194.1283103368119
555.0   194.6499493434686
556.0   191.28771099332687
557.0   194.02077616073345
558.0   195.0855042080802
559.0   192.03192027241906
560.0   193.5807824992643
561.0   191.65901259517196
562.0   192.71948165431027
563.0   197.00975121693983
564.0   192.02265125803535
565.0   194.64645561670753
566.0   198.51318993922254
567.0   193.6847051840415
568.0   189.99952729487998
569.0   194.35376505089616
570.0   194.094907440852
571.0   188.9498640486417
572.0   194.38688926361777
573.0   200.1574743137082
574.0   193.99050889664028
575.0   197.78901000637288
576.0   194.5138772569376
577.0   193.4527182889872
578.0   194.09439098845866
579.0   193.91881700772902
580.0   195.15841822709996
581.0   195.05779014821175
582.0   189.57492463211835
583.0   201.1520637133501
584.0   195.70320558601182
585.0   199.54487147260224
586.0   199.89547977861335
587.0   195.6279055766138
588.0   199.51341415463082
589.0   194.15482927636572
590.0   196.8201956959413
591.0   195.84918149331804
592.0   195.78271328492352
593.0   195.1513874296726
594.0   197.21940098223502
595.0   197.8048951085387
596.0   194.7693862129948
597.0   190.85926301643585
598.0   198.46595288512466
599.0   197.19155628549385
600.0   195.54136225358806
601.0   195.144676869302
602.0   195.04897130382105
603.0   195.86000014315974
604.0   194.07944187473495
605.0   192.0216179748934
606.0   191.2572191818073
607.0   199.69308880877307
608.0   197.2131891913965
609.0   195.65374291034487
610.0   199.68178990337321
611.0   193.66438463614128
612.0   191.8034522043341
613.0   198.2494550137177
614.0   198.05365847999224
615.0   192.4262663597005
616.0   191.6883796384579
617.0   197.29022740084736
618.0   196.65760802327432
619.0   195.17473291508372
620.0   193.66170584521686
621.0   196.81868264233134
622.0   199.38649195032463
623.0   193.85553559515705
624.0   193.16239072473638
625.0   197.0637127556757
626.0   194.87443781257286
627.0   196.37442805019856
628.0   198.22792054242936
629.0   195.8034617082726
630.0   196.61189785836382
631.0   204.5255501713939
632.0   194.62110129120416
633.0   196.6680545461198
634.0   196.26940015216292
635.0   196.9645556219344
636.0   203.7947813454862
637.0   199.96344126884676
638.0   199.74972436479734
639.0   200.81990671992688
640.0   201.45286787159117
641.0   198.1212261440208
642.0   196.5090684258247
643.0   201.31477021212118
644.0   196.18468784673206
645.0   199.05726936970734
646.0   202.75656122155337
647.0   201.87631946346576
648.0   202.31972818394325
649.0   199.35304156006254
650.0   199.69844960827095
651.0   196.58103556023804
652.0   203.36968922920101
653.0   198.62102569600805
654.0   198.27142437268327
655.0   197.26847729523084
656.0   196.4950041809454
657.0   202.36797988785685
658.0   195.90793548962563
659.0   197.84210821801244
660.0   202.72815931396696
661.0   197.33696229895546
662.0   201.06278428800792
663.0   196.6839403211961
664.0   197.59358940400597
665.0   198.6692882868846
666.0   201.10408014360453
667.0   198.40071681392556
668.0   199.26791624843236
669.0   198.2261328298851
670.0   201.41943084272376
671.0   200.2036395446622
672.0   195.41445462800877
673.0   203.8935534368351
674.0   200.38862704238932
675.0   196.06014039701773
676.0   196.18735791729227
677.0   196.87347007851926
678.0   200.1034053477076
679.0   196.82819210530576
680.0   196.94733647386326
681.0   203.34149603193688
682.0   200.7289133407569
683.0   205.0880882944234
684.0   199.99691599142372
685.0   202.14048900847396
686.0   202.93952593104424
687.0   199.962217386937
688.0   200.76024603691602
689.0   201.94772826530107
690.0   203.5473439857662
691.0   203.67051620623855
692.0   199.92675354639323
693.0   206.05431843620696
694.0   203.9428175052105
695.0   204.10837937255423
696.0   203.71148464094313
697.0   205.5348744833301
698.0   204.32976086778436
699.0   200.79221044539648
700.0   207.48463862673026
701.0   199.43330435792967
702.0   203.27443273408667
703.0   206.01361133284317
704.0   210.3567422052491
705.0   207.869690227818
706.0   202.7299880150926
707.0   200.30969327392907
708.0   203.19134586166598
709.0   203.65654036366357
710.0   202.09166702700622
711.0   204.10189672883777
712.0   205.76666001156573
713.0   204.3192467623265
714.0   200.45175922289548
715.0   205.2025315658695
716.0   203.00925552206857
717.0   203.5762480236151
718.0   198.5188578119921
719.0   202.3542429492067
720.0   202.23968150832303
721.0   203.85363377614934
722.0   204.3850200253516
723.0   203.89774864819032
724.0   197.82267383759506
725.0   205.9409842667192
726.0   207.93031630204015
727.0   203.0043812631093
728.0   205.06751932902097
729.0   204.55021849502253
730.0   205.68458201164236
731.0   203.53262341057868
732.0   205.28438274126208
733.0   202.0221646775715
734.0   203.29592111475824
735.0   199.55856697905782
736.0   203.02051517462894
737.0   202.98323494730673
738.0   204.35435055802154
739.0   200.39127396745633
740.0   201.0532682620458
741.0   204.3397927150269
742.0   207.89751722953602
743.0   202.29453431607502
744.0   197.97789915583184
745.0   199.18624559738083
746.0   204.7708217182976
747.0   205.61507348443547
748.0   203.19287860649362
749.0   202.99397642420385
750.0   198.15852300773182
751.0   206.57560884857108
752.0   198.84770000109725
753.0   203.49615925239746
754.0   197.1162458863713
755.0   205.70512905103698
756.0   200.81891238109304
757.0   205.15041002299762
758.0   206.0810247273068
759.0   200.6510079292175
760.0   204.40553228430824
761.0   206.7607660959256
762.0   207.81491032703195
763.0   208.1420850263146
764.0   204.15249791549925
765.0   206.13115690141444
766.0   211.3384999325388
767.0   208.17951664457772
768.0   205.25906674946614
769.0   206.57017968932502
770.0   202.26739872521526
771.0   200.1823905918418
772.0   204.31450522536932
773.0   207.51494256318458
774.0   211.34790870367698
775.0   206.1503346809153
776.0   209.7883729786482
777.0   213.60463174757385
778.0   207.23230061613202
779.0   205.35636352149456
780.0   201.680918684872
781.0   206.31307322912446
782.0   207.75089541066018
783.0   202.28013734814425
784.0   208.54607091362493
785.0   208.35543038902554
786.0   205.18362461756047
787.0   208.01328300072444
788.0   201.61535705080905
789.0   207.54859414522846
790.0   206.8618640395504
791.0   201.11925187575997
792.0   206.75167286076052
793.0   197.0465033530237
794.0   203.77238573829473
795.0   204.05227686540175
796.0   206.99305447068753
797.0   198.2818574889077
798.0   198.89755734049805
799.0   194.90751084776215
800.0   196.05867493278834
