500.0   197.8084474154808
501.0   196.9314466908209
502.0   201.69875062151772
503.0   196.02803948540083
504.0   194.57689230846924
505.0   193.75878798600584
506.0   197.51258977698586
507.0   197.83290404553836
508.0   198.89696624416504
509.0   196.01669618865023
510.0   193.99647086712508
511.0   195.03170452868184
512.0   194.95207338032307
513.0   192.19531920421136
514.0   200.03350631528886
515.0   192.1346814322209
516.0   197.0032259824883
517.0   197.62372374803962
518.0   196.71059810805664
519.0   194.29964198988287
520.0   189.03219590128725
521.0   199.98050181431728
522.0   193.75769212492202
523.0   193.90553177639492
524.0   196.53804966372863
525.0   193.5195847249571
526.0   201.56820753759254
527.0   197.97279575059682
528.0   193.730180303685
529.0   198.47682652715542
530.0   195.53379930229363
531.0   193.0555273027142
532.0   197.49648078507033
533.0   196.88378331038945
534.0   198.08568321177788
535.0   194.63021029448046
536.0   198.5113565095503
537.0   197.52546436518801
538.0   197.29354006780216
539.0   198.69046462225035
540.0   202.421701435438
541.0   196.25508732379964
542.0   196.01280298603987
543.0   195.0028136081972
544.0   199.84864605603406
545.0   195.90726128600534
546.0   200.24321962120175
547.0   201.744937743649
548.0   194.97217221932289
549.0   197.58408201395537
550.0   195.9723026731365
551.0   192.42582893623543
552.0   196.8071203722907
553.0   198.23955464423383
554.0   198.67271533712304
555.0   193.5979419256112
556.0   199.43542946430216
557.0   193.81492102261473
558.0   194.73792529472846
559.0   191.9339169511557
560.0   194.22876125174074
561.0   193.6294428795146
562.0   190.52988452350425
563.0   192.2467960790773
564.0   193.82909293464692
565.0   197.31982132856575
566.0   191.45516308056474
567.0   194.5922427022304
568.0   191.0004143096816
569.0   192.53205315976956
570.0   200.54620618205823
571.0   194.09349700547682
572.0   193.5454761107193
573.0   191.8216861226245
574.0   199.12072356035836
575.0   199.20926852050312
576.0   196.27937311642268
577.0   195.72531253428016
578.0   198.99514054885273
579.0   196.2015757778408
580.0   192.64932947220512
581.0   194.28736173539806
582.0   195.66437241428912
583.0   195.27614182547174
584.0   196.92666174540568
585.0   197.26750076665917
586.0   199.49230474386576
587.0   198.16886962137784
588.0   201.44486629957726
589.0   195.7134673940643
590.0   199.09716834351772
591.0   196.77481093103435
592.0   192.5663576681259
593.0   189.4004279481287
594.0   197.39132834195988
595.0   197.9536081412467
596.0   195.71561343173195
597.0   192.1040961546782
598.0   193.4566634267381
599.0   193.03293002742393
600.0   201.43924060561616
601.0   192.74606743417888
602.0   195.24236610230946
603.0   191.2941406371532
604.0   192.08991710401975
605.0   190.96290473498223
606.0   197.09313317398252
607.0   192.87939022344523
608.0   195.83663655831094
609.0   198.448702172635
610.0   192.9802191047549
611.0   195.50511538364566
612.0   196.1497774750715
613.0   192.0429698581796
614.0   191.2847775688359
615.0   194.9883001987351
616.0   194.75781088386663
617.0   195.598025683427
618.0   190.80610045009965
619.0   199.30392052822094
620.0   193.2537359721277
621.0   197.7428949914685
622.0   195.81141834196342
623.0   197.1467697397263
624.0   195.0843074673863
625.0   197.05783342934336
626.0   192.14216005655086
627.0   193.43031672308038
628.0   196.40700879330393
629.0   196.8564367284195
630.0   194.63766074235122
631.0   191.19589427410605
632.0   196.17051927095156
633.0   195.90572244357696
634.0   195.64161888783224
635.0   195.81423732567544
636.0   199.6623076457044
637.0   196.0993448336655
638.0   197.342307470663
639.0   193.2615618160227
640.0   196.6770506117537
641.0   198.44559642934416
642.0   194.46898659337361
643.0   193.57673348064128
644.0   194.33089612443516
645.0   197.45991738849085
646.0   196.42912793864062
647.0   195.9940302548169
648.0   196.63537955135078
649.0   193.13807975203903
650.0   195.95626279851504
651.0   202.91114330899777
652.0   194.60578891506125
653.0   197.3526482765735
654.0   193.52234639111228
655.0   194.5011069638226
656.0   199.13465553378273
657.0   199.20945564800573
658.0   192.51186505294922
659.0   193.7058084661462
660.0   196.08066367532751
661.0   198.55941201142252
662.0   194.39903466730678
663.0   193.80609663696734
664.0   193.8346251980986
665.0   192.2888623944762
666.0   196.59204630248294
667.0   193.6829765413222
668.0   193.42867257266172
669.0   193.40616177691126
670.0   194.5462439767003
671.0   200.8238050988023
672.0   193.98362032815177
673.0   199.7059946788328
674.0   192.3003629392083
675.0   198.02408585161214
676.0   191.5316874751963
677.0   194.66578116335805
678.0   194.9318734409314
679.0   195.66966041258172
680.0   200.2493702339679
681.0   196.0746424617664
682.0   197.68908296832586
683.0   198.03001198209364
684.0   197.99125136414676
685.0   200.74826508314766
686.0   200.87776506672807
687.0   195.04680589109458
688.0   200.7332515668074
689.0   195.22563732230697
690.0   203.55803956784013
691.0   204.65987376098886
692.0   197.752398935971
693.0   202.28878577354914
694.0   199.4385868292716
695.0   196.61986001756966
696.0   199.88785442103844
697.0   197.71340916028987
698.0   194.7028066379917
699.0   200.4430302520572
700.0   195.48702931732927
701.0   202.33464906824082
702.0   198.05785447528163
703.0   197.99822571778557
704.0   199.27248694300448
705.0   201.50618009687034
706.0   196.28824749255597
707.0   200.7833497110485
708.0   197.6171263812522
709.0   199.81335077572038
710.0   199.7606157150409
711.0   197.62681081283432
712.0   194.48508418012148
713.0   197.9022343696886
714.0   201.7433780942084
715.0   196.0772106126019
716.0   204.06576392355558
717.0   198.16247948646475
718.0   196.99079170821867
719.0   198.06497567701783
720.0   194.95464398124395
721.0   195.33038617639048
722.0   198.24278768751824
723.0   197.9576645187007
724.0   198.408305080647
725.0   200.2692340117584
726.0   190.06528852869664
727.0   196.01902519020183
728.0   198.872218497192
729.0   199.06892290542638
730.0   196.32011509759909
731.0   204.30040658369236
732.0   199.30335921154534
733.0   194.46710041011605
734.0   198.94798841163237
735.0   197.02580504347637
736.0   197.96422225227826
737.0   201.23455093292745
738.0   194.64557187507987
739.0   195.63749290753185
740.0   200.66824117133407
741.0   196.0700143938423
742.0   202.59309346048693
743.0   197.4425065212648
744.0   198.12069653844668
745.0   198.01511674318095
746.0   195.33087967450558
747.0   194.67763752813087
748.0   202.13911678979076
749.0   198.07500484891833
750.0   191.88304580137194
751.0   204.39635593227678
752.0   196.2818833838035
753.0   195.42344600505348
754.0   196.9240598453986
755.0   198.717554796009
756.0   198.98449547072863
757.0   202.20857684718686
758.0   196.1632258207407
759.0   202.76647336673201
760.0   202.17747705804152
761.0   197.43793741484058
762.0   197.692951856324
763.0   204.13140420871522
764.0   200.87527636841796
765.0   203.0745853283968
766.0   203.40855480809142
767.0   200.17456785889564
768.0   200.05566307282436
769.0   202.97224532712335
770.0   198.43170313079347
771.0   191.17672970203404
772.0   200.0427890532095
773.0   197.2296765728641
774.0   197.9043749631372
775.0   200.78883378674306
776.0   201.07920288250313
777.0   199.59474629888584
778.0   199.42307369318263
779.0   202.4118748891194
780.0   201.31041242017966
781.0   197.87936799458964
782.0   198.97618686475357
783.0   197.79519281035874
784.0   196.4461370474914
785.0   202.1927971621594
786.0   194.03455996909568
787.0   201.01704922317205
788.0   192.25313140062946
789.0   195.95339695567642
790.0   193.43923206606743
791.0   197.94553253275
792.0   200.02267485736195
793.0   196.62088320213462
794.0   196.5568019504178
795.0   194.0954885252692
796.0   195.01222064806674
797.0   194.102203837538
798.0   194.08980302253858
799.0   197.8282869716596
800.0   191.08985925965712
