500.0   201.9381982241126
501.0   195.16439036999807
502.0   197.4462422581978
503.0   195.30219447307968
504.0   199.93944381938053
505.0   200.0160081128961
506.0   193.39912021261662
507.0   201.9365100730127
508.0   199.85175617988293
509.0   195.99633775833223
510.0   195.7058203889446
511.0   193.72260355413593
512.0   192.0884568012619
513.0   199.51923629706062
514.0   201.12516568565906
515.0   195.94837079866792
516.0   193.08109199193873
517.0   192.92272099774917
518.0   196.179489994807
519.0   193.33811323631178
520.0   195.14739514270192
521.0   196.0868739791592
522.0   195.63383852589317
523.0   195.03159362495356
524.0   196.43838730980812
525.0   194.3596950837828
526.0   192.8598917781295
527.0   194.0333418925314
528.0   198.63576408030383
529.0   199.7445848140644
530.0   193.6328177267815
531.0   196.00869554432612
532.0   191.14194067450043
533.0   198.38389994375564
534.0   202.85174680748727
535.0   193.29181878623157
536.0   199.25019568162207
537.0   195.15634844871445
538.0   198.12522377080248
539.0   192.95837720899056
540.0   191.82203828689117
541.0   193.60042199078828
542.0   198.0277349062138
543.0   199.55184975754327
544.0   195.056061470876
545.0   192.56788220470497
546.0   194.96099211743268
547.0   192.61241868694464
548.0   191.91572620452428
549.0   199.8540804706438
550.0   193.97328122707614
551.0   197.28084918312427
552.0   194.30148920458223
553.0   197.5113415751112
554.0   194.41928438283927
555.0   197.65410280192282
556.0   196.19102045159872
557.0   195.03601209820658
558.0   194.03489831327622
559.0   197.03347997636604
560.0   193.24197327266182
561.0   193.07678341233927
562.0   195.39042051223382
563.0   193.51557524934617
564.0   193.14167110701334
565.0   194.15899496348916
566.0   196.26262544112515
567.0   191.7794318009516
568.0   197.99935621053774
569.0   195.05724663673558
570.0   198.73715226441635
571.0   191.2779841346591
572.0   194.2890239201241
573.0   191.01288138604383
574.0   196.08390033343045
575.0   189.53278747141454
576.0   196.53244021623394
577.0   193.15836718071319
578.0   189.86437582446695
579.0   192.03809280897312
580.0   199.3092146019106
581.0   201.83311482522475
582.0   199.16646283783928
583.0   195.8503588784081
584.0   194.73588775255106
585.0   193.24606301107545
586.0   198.40676462511587
587.0   193.41934318356653
588.0   193.1948181724014
589.0   196.22373596037713
590.0   200.99441826605843
591.0   201.95076473620756
592.0   188.7849895953151
593.0   194.10336627920347
594.0   191.11860272176966
595.0   194.39577739373564
596.0   195.5494533150393
597.0   194.90866996493247
598.0   197.25522976590216
599.0   194.51901312156926
600.0   197.402068443677
601.0   197.55601306953548
602.0   193.75420650145307
603.0   198.14586119247298
604.0   194.08380515633382
605.0   193.98491307811886
606.0   197.38048442296255
607.0   195.51201381427643
608.0   197.89872050356067
609.0   193.84807092398194
610.0   198.3385499042177
611.0   199.23844283878057
612.0   197.11250796972692
613.0   195.4383993764115
614.0   196.05958185104708
615.0   196.03563571041295
616.0   188.7264449777368
617.0   199.71126468883375
618.0   196.2914647955793
619.0   198.56290585256298
620.0   198.03217923832335
621.0   195.537598605719
622.0   195.92609131439625
623.0   199.74933887419786
624.0   195.93360973325636
625.0   189.99000057189724
626.0   197.84762814222054
627.0   196.07050903671686
628.0   203.93816565419576
629.0   193.27898214840206
630.0   203.03886774564805
631.0   190.99941204470375
632.0   190.88824706976297
633.0   196.9000213184894
634.0   192.82732126435786
635.0   195.71524782704407
636.0   197.30816080838142
637.0   198.12459656432955
638.0   191.0257585663983
639.0   198.72171230544714
640.0   195.42707800534598
641.0   199.05295741982906
642.0   195.65937428055693
643.0   197.10792402222128
644.0   198.8236425692042
645.0   193.91111620178978
646.0   192.47887601006758
647.0   198.25058239786273
648.0   195.77207847334378
649.0   198.35682921943547
650.0   196.44875106690498
651.0   194.4139548363789
652.0   196.39102417857677
653.0   197.64001263192824
654.0   198.75924593938828
655.0   198.620535450541
656.0   192.68566447369463
657.0   193.80322331208643
658.0   198.31449027208046
659.0   193.86754103049626
660.0   195.65831344898467
661.0   197.32128839713153
662.0   195.01998323873596
663.0   192.63090238860417
664.0   196.59386364408886
665.0   198.75015430514154
666.0   198.04665120555393
667.0   198.35021983391061
668.0   196.93530399495845
669.0   194.02600483244487
670.0   192.64697301493
671.0   197.74448027399316
672.0   197.73911222435015
673.0   195.77310542952102
674.0   196.71509242938936
675.0   197.64041245576348
676.0   199.63602461065213
677.0   192.93695500270425
678.0   196.98602960533285
679.0   198.96670066270832
680.0   195.740360438702
681.0   191.9712565155673
682.0   200.43404062929724
683.0   202.06946543378743
684.0   196.9959810853646
685.0   204.00742524581938
686.0   200.33036891468169
687.0   195.75823484139477
688.0   197.17152669858828
689.0   204.63232053902382
690.0   202.77439107763576
691.0   201.41356270654643
692.0   196.79160313169888
693.0   197.0293159262452
694.0   199.59163364922298
695.0   200.6372818309506
696.0   203.70309085399444
697.0   200.73137985162862
698.0   204.4406331142309
699.0   205.60462740528513
700.0   206.1172980292556
701.0   204.56334593485903
702.0   200.11009165095274
703.0   201.9794419135484
704.0   198.66089141814703
705.0   199.18832632742124
706.0   201.16559763449416
707.0   202.0197246004661
708.0   203.34786704636156
709.0   200.73295393949604
710.0   200.05537497446605
711.0   198.20726237947446
712.0   204.33136028231064
713.0   200.60999468255355
714.0   198.03292736012705
715.0   200.3756649596807
716.0   209.02086889424567
717.0   200.12874232336284
718.0   205.76308422746752
719.0   205.9856356753413
720.0   203.59560736179105
721.0   199.16339031507934
722.0   198.17507748069804
723.0   199.8328573044846
724.0   198.78456764391092
725.0   201.29976651227815
726.0   201.23250144404386
727.0   198.9995882037976
728.0   201.61548080452258
729.0   199.2753265125648
730.0   200.20515476124893
731.0   199.51458140972747
732.0   202.68944528615697
733.0   199.20545594165148
734.0   199.99563180598756
735.0   194.6677153495195
736.0   198.01904402530621
737.0   200.18162659839487
738.0   200.4485580110443
739.0   197.82156455886548
740.0   196.00086007775732
741.0   198.78157102206092
742.0   204.54487737064693
743.0   201.4419032181704
744.0   199.01440733502187
745.0   201.1886878464258
746.0   197.10508328239433
747.0   203.8082490655583
748.0   202.05924069598635
749.0   195.6347815430324
750.0   196.19449904044748
751.0   206.17924047676559
752.0   195.96337487638777
753.0   194.20954228246097
754.0   196.48942573654804
755.0   198.63527208755164
756.0   205.63284922526222
757.0   204.50418214626544
758.0   198.2829905770455
759.0   209.71879617564724
760.0   197.23603619657743
761.0   201.14729070676046
762.0   202.26113823146497
763.0   204.00128499309469
764.0   201.9347659520103
765.0   203.89472288467175
766.0   202.61175828860968
767.0   200.38961500155614
768.0   199.35072161632715
769.0   202.42450073999947
770.0   204.9892589371974
771.0   201.94622226196213
772.0   197.78477214641848
773.0   205.12382847987882
774.0   204.57744743295456
775.0   199.88649500226185
776.0   201.07007097532926
777.0   207.4981633668962
778.0   200.86196697277674
779.0   205.18463889084003
780.0   202.85052159447358
781.0   196.48361470410075
782.0   195.87718304830335
783.0   199.7467123104168
784.0   202.42115464528297
785.0   203.49456067726274
786.0   199.70911717525482
787.0   200.99086822286088
788.0   201.31168455973275
789.0   202.03258438210204
790.0   200.0474213840228
791.0   198.39312667193383
792.0   202.88256053988107
793.0   194.61897553267772
794.0   198.65494147012208
795.0   196.68350207223293
796.0   199.86106028296584
797.0   201.4455833493424
798.0   201.70332537724644
799.0   198.4975218605003
800.0   194.95282381698084
