500.0   204.96890343248913
501.0   197.87589512388902
502.0   202.69232454915786
503.0   203.51641350212668
504.0   204.02935331403737
505.0   202.84552731457163
506.0   204.12907461325776
507.0   196.68749525848682
508.0   201.14512245736913
509.0   198.68715852336396
510.0   195.46681640875977
511.0   196.75207673445834
512.0   200.5374835326452
513.0   197.97253913924925
514.0   197.81432313968867
515.0   202.3516180375962
516.0   198.26820416949607
517.0   195.95683223492878
518.0   201.6566356145131
519.0   195.57595066578207
520.0   199.03843408608358
521.0   203.62154938077424
522.0   195.27875824238416
523.0   194.78932770858586
524.0   195.48728928127193
525.0   200.3763933379938
526.0   197.93424913696362
527.0   197.00986934562815
528.0   201.68409325012138
529.0   198.55814890922926
530.0   201.14645922825858
531.0   195.26576118112456
532.0   197.45421163987905
533.0   203.15907242625036
534.0   204.05407790051612
535.0   197.34671332929867
536.0   196.60458597851874
537.0   196.90127301361662
538.0   199.57803295862863
539.0   202.33132049452306
540.0   203.88287100166283
541.0   200.6804264184842
542.0   205.070341425245
543.0   199.84441255203618
544.0   204.79105846405344
545.0   205.40264364569998
546.0   202.59946130076972
547.0   199.74508405626995
548.0   203.94895264580254
549.0   196.2176130981592
550.0   199.99809233537937
551.0   195.02122720869045
552.0   200.2892453127731
553.0   193.25088738470868
554.0   193.14252949150048
555.0   197.56597941703242
556.0   198.84035572075197
557.0   193.2052577307414
558.0   201.8568594671385
559.0   197.84664883920843
560.0   196.58542653899121
561.0   197.97402214318282
562.0   193.86505106529742
563.0   197.31419323113636
564.0   196.28701458578712
565.0   202.79248078943894
566.0   200.6073562551396
567.0   201.92962574539484
568.0   199.9997380451092
569.0   198.15605126393828
570.0   194.97997159310137
571.0   197.12272981756666
572.0   197.5951634709336
573.0   197.00319973156573
574.0   195.93532229348568
575.0   196.40319057102897
576.0   199.89058718037145
577.0   198.3067262478125
578.0   199.1320597552686
579.0   199.14666763454517
580.0   198.10722319810242
581.0   197.48236786981747
582.0   199.9490408017242
583.0   200.05029928707305
584.0   202.27690435475634
585.0   200.15297936442752
586.0   205.00943520641664
587.0   202.09802551297818
588.0   197.93699944623552
589.0   206.35173752230418
590.0   203.0733251563937
591.0   202.01256734051503
592.0   208.26238291477725
593.0   197.85105791779858
594.0   197.32584781799065
595.0   201.21875987160598
596.0   200.54046004608549
597.0   199.41474304748098
598.0   202.75310179600038
599.0   194.48003266366658
600.0   201.05683047249858
601.0   196.22938146768215
602.0   194.72425363588465
603.0   196.152638967593
604.0   199.0099924728511
605.0   197.00770714780867
606.0   197.57253247691202
607.0   198.28498572515036
608.0   200.69618219964903
609.0   196.52585935162062
610.0   197.1299580456468
611.0   194.83834634692664
612.0   198.66583326389866
613.0   196.60939759040417
614.0   199.16566811762902
615.0   193.08385271817855
616.0   193.13857030546686
617.0   199.18495920826936
618.0   195.06349209297298
619.0   198.03880555897234
620.0   196.10899063974037
621.0   198.79489187789767
622.0   191.18769444529957
623.0   195.69115822854152
624.0   195.0526617749955
625.0   192.93987320837712
626.0   196.98767623342977
627.0   200.28123284615964
628.0   196.82215277173947
629.0   192.21461240466863
630.0   198.69159750137433
631.0   197.62350686341793
632.0   194.7336097229641
633.0   202.01793956525063
634.0   195.6077706514301
635.0   196.28664806497946
636.0   197.29359791853366
637.0   196.64873036520157
638.0   198.66116220602848
639.0   202.2510337923864
640.0   198.05442616559324
641.0   197.32127430508032
642.0   200.57862589268015
643.0   206.11422926826734
644.0   196.9435583930944
645.0   199.55148178089357
646.0   197.84154202556377
647.0   198.56553421876526
648.0   198.91892366384042
649.0   201.97997097178808
650.0   196.4244675609534
651.0   203.13645637529964
652.0   198.90905774074832
653.0   198.40491759969436
654.0   196.5523033038103
655.0   197.09552066882082
656.0   195.31233712494193
657.0   195.2991659166013
658.0   198.9781940381392
659.0   200.23182615805538
660.0   196.65446657403484
661.0   201.02254197242527
662.0   198.31047377446077
663.0   198.01850192341843
664.0   199.07487660369017
665.0   199.63725955559818
666.0   195.0261876754059
667.0   198.18571557175108
668.0   193.34646982892585
669.0   200.13713327770185
670.0   199.77711699903003
671.0   198.90869622833034
672.0   197.89390980063177
673.0   195.86532902716874
674.0   199.38617437143924
675.0   204.53673908234603
676.0   196.87518178582414
677.0   198.38899941516698
678.0   200.36721066046812
679.0   199.14074332961175
680.0   200.9408257034052
681.0   198.26938768451836
682.0   197.31232671441578
683.0   196.28149681402326
684.0   199.99963906172223
685.0   200.80498454352673
686.0   201.2887075808082
687.0   199.7266705623368
688.0   202.25562691451836
689.0   200.90339970454053
690.0   204.43006466524747
691.0   204.11557687702745
692.0   203.85481195650607
693.0   204.05920290605624
694.0   203.61426332009424
695.0   202.42064704740272
696.0   199.56251173037563
697.0   204.55555939279336
698.0   198.78995678876112
699.0   199.18749642948987
700.0   201.1610061495969
701.0   204.95545648959313
702.0   199.83523617271206
703.0   201.01003433163305
704.0   199.9879208624421
705.0   200.37116146352025
706.0   204.0789882648847
707.0   201.17987458823424
708.0   200.0606470447083
709.0   197.90366630807648
710.0   201.47876049302775
711.0   197.67669570410501
712.0   203.7083650967148
713.0   199.12779163629384
714.0   200.27385655762427
715.0   196.8053940764636
716.0   194.9849763350208
717.0   202.05567192192512
718.0   200.754663396471
719.0   200.65648792741968
720.0   196.32437695249374
721.0   199.68406639285772
722.0   201.34880145240254
723.0   195.13566747112293
724.0   199.33828797713036
725.0   196.77401057935444
726.0   199.78266708095063
727.0   202.00325992506848
728.0   202.17062727220593
729.0   199.07535773792043
730.0   199.13075638699374
731.0   201.88371054926446
732.0   199.48019440370103
733.0   193.81207959047262
734.0   200.7639852457667
735.0   202.35559833470882
736.0   194.99117424833153
737.0   200.7031275726858
738.0   203.4316137206466
739.0   194.12517543433975
740.0   195.93491052420558
741.0   197.91105130364218
742.0   199.68868305558078
743.0   199.07254179283208
744.0   199.05106145930608
745.0   197.45599060438533
746.0   197.44579037801606
747.0   198.104062322252
748.0   199.26399538160692
749.0   197.1921905220249
750.0   199.62736403289261
751.0   202.19742257184325
752.0   201.19436333810924
753.0   200.52157457753992
754.0   202.96151972754762
755.0   196.79865321750788
756.0   193.6211769629558
757.0   198.80073372037182
758.0   200.63522144895296
759.0   199.06845275888514
760.0   196.6472348548287
761.0   203.99559103128507
762.0   197.06417125618722
763.0   200.2248042182548
764.0   209.31149712567847
765.0   201.99079051035244
766.0   199.41489343738203
767.0   201.74245353800518
768.0   200.19337308485206
769.0   202.53898082339776
770.0   205.24616319110055
771.0   204.84783482826683
772.0   200.97031153851242
773.0   197.47287305836474
774.0   199.1782520942151
775.0   200.1223498624059
776.0   199.71218252537514
777.0   204.12007635498952
778.0   201.22958945083286
779.0   203.18541129852596
780.0   205.24139928822387
781.0   197.30042922236527
782.0   200.97520401314063
783.0   199.1611782697928
784.0   203.20789205300227
785.0   202.52880927769164
786.0   202.4379430605866
787.0   199.97037452480112
788.0   197.7921681502006
789.0   200.23914665381787
790.0   198.9086957180634
791.0   190.29149960298813
792.0   196.87236147491546
793.0   198.83220145581893
794.0   197.19610580419928
795.0   201.55556724337447
796.0   198.26375278643147
797.0   194.5880900311084
798.0   197.64865337493126
799.0   189.69225054444848
800.0   198.526661407524
