500.0   217.03709409862768
501.0   207.03367081446254
502.0   208.46430071058367
503.0   207.18044533728153
504.0   211.54513849911322
505.0   207.13909795180922
506.0   207.04556529329903
507.0   207.68835587324384
508.0   209.26482033095135
509.0   205.543444552948
510.0   205.46290396945759
511.0   203.4440534739476
512.0   202.43388077537307
513.0   204.03469097784955
514.0   210.50318928472657
515.0   200.75243938443032
516.0   206.6325750308768
517.0   208.56005765137874
518.0   210.28540028132142
519.0   202.0463679254015
520.0   203.9815764771262
521.0   205.26057862848873
522.0   208.7171576405258
523.0   208.01569338690464
524.0   203.50765801932522
525.0   209.6950426904157
526.0   204.19138165669793
527.0   207.0210958517102
528.0   207.75472869212675
529.0   206.2109674621526
530.0   203.61881776503805
531.0   211.5725613166986
532.0   204.38738570021735
533.0   213.74797086700525
534.0   208.987557053208
535.0   208.09257247537207
536.0   208.94828597063233
537.0   211.34575287147402
538.0   211.07974425914497
539.0   207.17222874501303
540.0   214.46735710126387
541.0   209.25608210283224
542.0   210.90272029669936
543.0   216.24529655378663
544.0   209.74979374314805
545.0   211.4356470633102
546.0   205.56734187783564
547.0   204.55592750338806
548.0   205.8618968140635
549.0   209.3962868619763
550.0   204.03109021239814
551.0   204.4643232840417
552.0   205.8386710255672
553.0   203.99937865339376
554.0   201.18074305661855
555.0   207.98363250166966
556.0   200.07210657341426
557.0   199.33642044440316
558.0   206.79748456550976
559.0   205.08812596940598
560.0   202.64664132990762
561.0   206.19873129190975
562.0   200.30804947811785
563.0   201.89143980059578
564.0   211.96208304750056
565.0   204.58306837472063
566.0   210.67894131027788
567.0   206.23159502268302
568.0   205.99953845983927
569.0   205.56040897686376
570.0   208.17221036189443
571.0   207.47348157030308
572.0   208.7176972363792
573.0   204.25739748102552
574.0   208.01825580511766
575.0   209.06901860244758
576.0   205.93444290325664
577.0   208.45367983149947
578.0   206.99699746855785
579.0   206.79554903168508
580.0   208.8390896274057
581.0   207.39784402350438
582.0   210.59023475660894
583.0   205.26080760365474
584.0   208.76604985807376
585.0   208.0806826547108
586.0   209.67044507660626
587.0   211.51092267678675
588.0   211.6946949242928
589.0   213.79033853151194
590.0   212.994758258689
591.0   206.06472567383216
592.0   213.75688179679798
593.0   210.30160880163578
594.0   210.15677392685495
595.0   206.12553622056635
596.0   209.5631365294686
597.0   207.77785561412827
598.0   208.96939158631463
599.0   208.56263132192603
600.0   208.65048126557764
601.0   202.98004146444052
602.0   204.69038093044725
603.0   201.7526805332539
604.0   204.82712634853027
605.0   206.9621297041111
606.0   208.554322615479
607.0   203.81338073663872
608.0   204.3457048878733
609.0   208.42537088754943
610.0   206.49663484736874
611.0   201.65166405343024
612.0   202.4529040812847
613.0   205.00485613326936
614.0   199.42699201978007
615.0   199.57052937844347
616.0   201.38105090695075
617.0   203.60488600111103
618.0   202.04000104183984
619.0   203.10195902559397
620.0   202.61556090572827
621.0   204.60159380101396
622.0   205.701130939923
623.0   203.21387182261236
624.0   199.1621933984233
625.0   204.99708428138567
626.0   207.08433349861303
627.0   215.93564071439906
628.0   206.29915051438218
629.0   204.64161663541938
630.0   207.54027210339143
631.0   206.27572617234821
632.0   213.34759267468624
633.0   211.90234271664704
634.0   205.5883409914036
635.0   210.1094294527921
636.0   215.77770564975515
637.0   213.68089479434437
638.0   207.05918148801263
639.0   207.30288271516602
640.0   210.00548215426215
641.0   213.45965093424167
642.0   211.54067023258588
643.0   214.0041149108105
644.0   207.13829026127294
645.0   213.1222114558208
646.0   207.1522158289236
647.0   207.87076729184452
648.0   209.93261808069624
649.0   213.0873641880412
650.0   208.58643603979093
651.0   206.51294804881925
652.0   208.36711634649853
653.0   210.50249277229375
654.0   206.18537561339173
655.0   205.51074179982723
656.0   207.96985087450983
657.0   205.7993122570043
658.0   208.39384890548763
659.0   210.46705989669854
660.0   207.17333784622926
661.0   210.63926016083704
662.0   209.77164847587488
663.0   213.2714916502646
664.0   200.73517383662877
665.0   209.9249236079455
666.0   203.68648158925217
667.0   208.1857943234637
668.0   206.50400232996347
669.0   209.4264821181021
670.0   207.16439412452144
671.0   211.61450933307708
672.0   205.8745650041323
673.0   206.17439753700725
674.0   209.8800635610472
675.0   213.68878041616017
676.0   209.75697735894545
677.0   211.2072154139478
678.0   208.67941521615583
679.0   205.63295544594575
680.0   207.008865098811
681.0   213.15230065433417
682.0   207.83488554810373
683.0   213.84473119884558
684.0   212.00094569735876
685.0   213.8050427369981
686.0   211.90524528809397
687.0   214.68193543615774
688.0   212.92239508598882
689.0   216.6350505541466
690.0   213.2339361084738
691.0   215.38834654365385
692.0   217.7053900765879
693.0   215.51778064588214
694.0   219.48997607703723
695.0   212.30330155491117
696.0   213.19586315880468
697.0   215.4781468798486
698.0   215.05813770391288
699.0   214.68629053467663
700.0   210.60608731501148
701.0   211.25240574523602
702.0   217.08871891037927
703.0   214.00906420968616
704.0   213.2303470187674
705.0   221.52680094098784
706.0   216.55228268768195
707.0   217.43508467425414
708.0   212.35646348667856
709.0   218.00451957059144
710.0   214.80131483441295
711.0   210.58201901530265
712.0   214.88226010964058
713.0   211.5155495894633
714.0   213.73525371550934
715.0   206.4601481676392
716.0   209.94245226392204
717.0   209.7134729430135
718.0   210.96164450557157
719.0   212.50936044131953
720.0   211.05112404362686
721.0   212.47031123379668
722.0   210.1798654885416
723.0   210.3086213109458
724.0   213.13258608559443
725.0   207.57813370536883
726.0   212.3513545344889
727.0   207.0118390661354
728.0   205.28863339615492
729.0   211.4565917506216
730.0   205.78511713058157
731.0   207.08814749364026
732.0   211.53215015243458
733.0   209.78264609662438
734.0   205.53300090956174
735.0   205.67301501621466
736.0   212.96657723219735
737.0   209.50650492934656
738.0   208.63834042559955
739.0   206.0902927227317
740.0   209.64311589391792
741.0   209.31359957230305
742.0   202.85463909581514
743.0   205.22650454266636
744.0   205.9081993746409
745.0   213.77747136254226
746.0   212.56318072579302
747.0   209.43663061311833
748.0   209.0322789597369
749.0   211.71130580544772
750.0   207.30786840477137
751.0   205.4543339265882
752.0   205.8878566667853
753.0   208.5469500353821
754.0   205.44949102540537
755.0   218.1856563909431
756.0   212.2820910856814
757.0   206.78243592318077
758.0   213.73175681315686
759.0   214.4273950251896
760.0   210.62015641537198
761.0   215.40843506806303
762.0   216.2903174760255
763.0   214.2012004471219
764.0   222.33591872621275
765.0   220.04835238873036
766.0   218.75409072502444
767.0   220.16360928469715
768.0   211.39045440608214
769.0   212.74567658826874
770.0   217.89053808709576
771.0   222.0984088361428
772.0   218.35534164830867
773.0   219.71204519822294
774.0   216.72470214732977
775.0   210.9122932659983
776.0   215.72450347412175
777.0   213.72972198080333
778.0   214.01836240289794
779.0   218.16746643605927
780.0   217.35751677231215
781.0   213.85318788048025
782.0   216.8850199993695
783.0   206.18743934470018
784.0   209.73067150312704
785.0   212.68918650522016
786.0   210.29237675987022
787.0   211.09102198549058
788.0   210.78341814461209
789.0   213.94587459665266
790.0   210.88198840908552
791.0   212.65061181147223
792.0   208.19982865490886
793.0   210.12710691589993
794.0   204.35892663844265
795.0   203.69491922700828
796.0   206.27513717713018
797.0   205.60494963524505
798.0   207.2536401173303
799.0   206.1259725543227
800.0   205.00198741344906
