500.0   219.44586173385775
501.0   223.00051033742537
502.0   218.82522032014293
503.0   222.09812189948036
504.0   218.43981849976785
505.0   216.83296316020557
506.0   214.9492036876814
507.0   213.1759645604185
508.0   213.74796358650687
509.0   210.64134645807692
510.0   211.5095772932798
511.0   212.0545418561084
512.0   211.54884135171795
513.0   212.1215837954718
514.0   214.84888142999372
515.0   201.1037168975425
516.0   206.8921980172385
517.0   214.55199544196446
518.0   210.86590243194664
519.0   211.1279888253923
520.0   204.098779856086
521.0   209.9628803155101
522.0   208.97079048032433
523.0   206.0745570246149
524.0   207.01840194294888
525.0   209.9418310904352
526.0   210.77752901812022
527.0   210.99953889708422
528.0   210.72682963839884
529.0   218.92594745091972
530.0   214.27882284830253
531.0   207.6503340051766
532.0   214.9000282131022
533.0   211.98636942387037
534.0   220.79673203387492
535.0   211.61358534735976
536.0   218.953761441116
537.0   220.7808023428578
538.0   221.5986214447263
539.0   213.22883626936016
540.0   217.53947342371237
541.0   218.21273137710102
542.0   215.06232081495645
543.0   222.38765211561363
544.0   219.41790386082633
545.0   219.303640229024
546.0   219.28102476944446
547.0   220.5838049886596
548.0   214.69522249545182
549.0   216.79908737266499
550.0   213.99882492366572
551.0   217.18099655673868
552.0   211.53485591835758
553.0   212.41863456526914
554.0   215.04366829935668
555.0   210.59294409118084
556.0   207.41464312625928
557.0   210.9777087949454
558.0   203.90849174618995
559.0   211.8539013230458
560.0   206.91374785003126
561.0   210.45367780581952
562.0   209.57616170126266
563.0   208.38693944795557
564.0   207.78217267373776
565.0   206.57585853718845
566.0   208.89356725778833
567.0   210.7338469703012
568.0   211.9988667068542
569.0   205.4673686623719
570.0   212.16334438087492
571.0   208.55276122058072
572.0   207.73629344955071
573.0   207.47123930172455
574.0   212.1143176843506
575.0   213.23497109031936
576.0   218.18123028014065
577.0   216.50137288995236
578.0   208.14517557671888
579.0   216.05744295723042
580.0   212.97582460394398
581.0   212.71612903782622
582.0   218.59431521602005
583.0   219.90316947678238
584.0   218.26900256208475
585.0   220.71275504989788
586.0   218.2902893597233
587.0   217.05911003976505
588.0   221.89367206322083
589.0   216.296229592094
590.0   212.12035562679884
591.0   217.91181518984686
592.0   216.37205991436878
593.0   215.10997066877
594.0   217.1865928330972
595.0   214.65455192165803
596.0   219.06098562924845
597.0   216.09213170093395
598.0   214.72932155648
599.0   210.46497707466588
600.0   213.2753844436146
601.0   213.80204836551079
602.0   208.5041762185383
603.0   211.0007526386106
604.0   218.71626065747097
605.0   211.03684730390032
606.0   213.5840128508961
607.0   209.1528906917303
608.0   206.9601513394834
609.0   210.48919255138998
610.0   207.00201249112288
611.0   214.67420634179786
612.0   214.7052771754182
613.0   212.12696297215265
614.0   206.07668452606717
615.0   213.45021142388651
616.0   203.94888456459037
617.0   208.72396131546978
618.0   209.30837530639857
619.0   209.25592626794023
620.0   209.1444540664977
621.0   212.39227834582655
622.0   208.86553864578931
623.0   211.39991291102262
624.0   213.5169712702722
625.0   210.00552774584273
626.0   210.0551290165399
627.0   214.94961140109916
628.0   217.62698444277677
629.0   215.12271556855458
630.0   222.2407813149779
631.0   213.65227287697272
632.0   218.68765657465687
633.0   222.6982390792923
634.0   219.19214898254512
635.0   214.9267469876308
636.0   228.7566488455096
637.0   223.76368150950265
638.0   225.82515118243666
639.0   219.12457997887552
640.0   220.5543523205304
641.0   225.73409447154026
642.0   225.70479615127732
643.0   220.79403892835947
644.0   219.3760572364288
645.0   217.61303247299148
646.0   220.43597203961605
647.0   219.70564034568903
648.0   222.36272300892819
649.0   224.17988756357764
650.0   217.9698042824317
651.0   224.16188735968345
652.0   219.1522807098419
653.0   214.68530032758517
654.0   217.1012063100329
655.0   221.3680114091767
656.0   217.33549590961718
657.0   215.7803048945236
658.0   217.1919351011291
659.0   213.95344348778067
660.0   216.1960459724128
661.0   213.3747597490552
662.0   217.88640850516964
663.0   210.95221338833213
664.0   221.2652768307539
665.0   219.21281833657108
666.0   217.28378590390906
667.0   212.59596131586088
668.0   219.25014281284
669.0   215.11728419704855
670.0   215.7528325475966
671.0   219.262813730004
672.0   212.718512691274
673.0   222.6705264121357
674.0   222.8976057498537
675.0   223.85909968293606
676.0   221.68694757293702
677.0   220.55927038693585
678.0   221.3434418453211
679.0   223.9574420249306
680.0   225.55094265406174
681.0   222.7763761247252
682.0   227.98887518478054
683.0   226.29133497254068
684.0   221.98933505678764
685.0   222.9702122974609
686.0   230.35524946762933
687.0   228.2880697536334
688.0   226.26963001656594
689.0   222.00168680690655
690.0   223.50780624008047
691.0   228.9719533901659
692.0   227.2144021903776
693.0   225.6559698082072
694.0   229.5683684357575
695.0   227.6979634098883
696.0   238.58009704842524
697.0   227.75757912526223
698.0   234.78808931654052
699.0   232.29712441324978
700.0   235.49008241594188
701.0   231.0548057732406
702.0   233.71728739304092
703.0   231.04357909704078
704.0   223.98018625043008
705.0   231.5846696219309
706.0   229.8004932566966
707.0   232.2323381490906
708.0   229.0504734932483
709.0   232.3147065099468
710.0   228.6033806440311
711.0   227.0675247392666
712.0   224.78113149592113
713.0   229.01976120557055
714.0   227.17463428146343
715.0   225.88784701760378
716.0   227.99756897844068
717.0   222.84254869115392
718.0   224.5501448608842
719.0   230.23368639323775
720.0   230.77739546984654
721.0   222.63169454462792
722.0   223.22264676540942
723.0   222.38082484210273
724.0   224.88469782408663
725.0   221.880251713146
726.0   222.83760305221057
727.0   223.00283105801208
728.0   227.0434476028504
729.0   220.27221672528898
730.0   222.11819662547884
731.0   223.50138934336414
732.0   220.2972675566645
733.0   222.62409855883678
734.0   219.813042799562
735.0   219.64799313037403
736.0   221.0338844670617
737.0   214.57707240102178
738.0   223.38056872162574
739.0   218.53763319988005
740.0   220.72540592756238
741.0   223.20005705688
742.0   223.18925093948823
743.0   223.3787855030521
744.0   218.88135036572405
745.0   224.82176210171986
746.0   215.28259572749633
747.0   219.57623786426691
748.0   218.0398936392516
749.0   221.07170907020858
750.0   218.8248842508369
751.0   218.03212016246425
752.0   218.8960814415182
753.0   224.47302141876378
754.0   223.48803825211618
755.0   227.24244161466524
756.0   231.1227989036485
757.0   234.36375684659552
758.0   232.21525829124903
759.0   225.71693927752378
760.0   233.29397952385426
761.0   233.52026975989594
762.0   230.79462260783637
763.0   231.4341924446985
764.0   234.70880123111823
765.0   232.94137417711048
766.0   231.6628912838792
767.0   237.4925119555311
768.0   239.52912992212
769.0   234.37273447862754
770.0   231.9853795351479
771.0   233.94713599054782
772.0   234.21614441060612
773.0   231.1720989378993
774.0   237.57913145652518
775.0   241.16209533705188
776.0   220.36434006626013
777.0   235.84960021448808
778.0   234.32012654503683
779.0   228.59222850055951
780.0   233.63920793782464
781.0   235.14013705644285
782.0   229.0934390752447
783.0   236.54842120129814
784.0   232.2515572430009
785.0   229.10511739817696
786.0   228.6376048323722
787.0   223.2267962209977
788.0   229.0345525751671
789.0   222.85318189322533
790.0   222.61641112185035
791.0   224.68645337224802
792.0   226.47784671525227
793.0   219.72295845642066
794.0   218.39949950443696
795.0   216.99364166524498
796.0   217.35341541380762
797.0   214.99460960954406
798.0   216.22798374075796
799.0   216.5797063983333
800.0   211.1660394025337
