500.0   221.22893498524007
501.0   228.94143125365622
502.0   225.90367236271356
503.0   224.446593495737
504.0   225.0718021653146
505.0   226.2073599992924
506.0   223.86894871933063
507.0   223.7575779948454
508.0   222.71904985512103
509.0   216.30973701882107
510.0   217.1839051132973
511.0   220.7558774222789
512.0   211.29850365424278
513.0   214.45839217929878
514.0   217.03326775414084
515.0   217.10193721402746
516.0   216.4599565302094
517.0   216.1155587703599
518.0   215.11226588779326
519.0   212.54282799848974
520.0   214.06781777204893
521.0   211.1271983113699
522.0   219.5929710501956
523.0   214.42136816077732
524.0   211.8088132806588
525.0   218.6437823436298
526.0   222.97892142410072
527.0   214.00088751979308
528.0   221.21270138010345
529.0   224.56173904416426
530.0   225.947111055562
531.0   223.23817060823094
532.0   222.86671853282397
533.0   225.010276278735
534.0   222.90276684453855
535.0   224.89145275207122
536.0   224.69891994979102
537.0   224.42155773619095
538.0   228.7018491304323
539.0   236.3473064940671
540.0   229.89569512863366
541.0   227.38870631172
542.0   228.96516485875222
543.0   231.1204452152588
544.0   231.30497123829124
545.0   230.10637965282302
546.0   226.2640684815747
547.0   225.04260044176993
548.0   225.79292001804228
549.0   221.39739360408493
550.0   217.0606201352155
551.0   223.324902254075
552.0   215.7277456915148
553.0   216.87171355520277
554.0   217.36316866139893
555.0   212.38492307084877
556.0   218.09928911496252
557.0   215.1156170619466
558.0   217.28826076610218
559.0   217.1033120481489
560.0   216.36418918475087
561.0   213.84763951539745
562.0   216.3283818626605
563.0   216.81245769183118
564.0   214.15919054655086
565.0   213.08080176373983
566.0   215.55786120969958
567.0   219.02829752428238
568.0   215.00196218059762
569.0   219.4118247791822
570.0   221.33786921571544
571.0   217.38636588654862
572.0   214.3274499357612
573.0   217.69372467111387
574.0   221.46725041549908
575.0   219.65492055301144
576.0   223.73910871460606
577.0   219.87129448054904
578.0   225.25303419241732
579.0   224.71042598890187
580.0   220.14374530301387
581.0   224.41611239027242
582.0   229.25254931122902
583.0   227.29237116837413
584.0   224.4278849211245
585.0   225.30573454077006
586.0   229.8884838631256
587.0   225.13507840165528
588.0   226.06099252208517
589.0   230.10975016581133
590.0   227.1850860030173
591.0   231.988909064888
592.0   227.22520085912564
593.0   231.828834213099
594.0   224.45434750078928
595.0   234.30651236748153
596.0   230.5338306285203
597.0   227.4166597804339
598.0   226.15843378845662
599.0   218.83417319717452
600.0   223.48535214883603
601.0   225.19779775547096
602.0   220.31994950870208
603.0   226.66711910421927
604.0   225.62934106026424
605.0   222.00960113322444
606.0   220.23240112864428
607.0   220.9726638406211
608.0   224.16251492194544
609.0   211.04501230000628
610.0   220.83339195874024
611.0   223.5845452801351
612.0   218.3653755347517
613.0   213.78336197906629
614.0   217.96113270553437
615.0   215.58607438170162
616.0   217.2452179902077
617.0   220.31682114816948
618.0   213.68642757279687
619.0   218.8313583026676
620.0   216.6070106794103
621.0   222.81569061005194
622.0   216.3996970081444
623.0   222.908299557408
624.0   219.93835567434823
625.0   221.94236096749788
626.0   218.94487413294195
627.0   222.89118588126738
628.0   221.37191434859693
629.0   226.18516782378063
630.0   225.71414105593632
631.0   234.04160731096056
632.0   229.82646822528335
633.0   233.0690961201311
634.0   229.56672473244384
635.0   234.94642324936814
636.0   237.94074078364608
637.0   229.46766292193783
638.0   237.02884888168626
639.0   232.73348871814406
640.0   231.0056384328746
641.0   241.50655555727366
642.0   241.0272017738306
643.0   231.71545292022742
644.0   233.10821363105097
645.0   233.32487494270063
646.0   231.65609608503314
647.0   231.6561472001165
648.0   232.94626929425968
649.0   228.67511984313828
650.0   233.7882391324558
651.0   235.64833640369247
652.0   229.88841436211393
653.0   223.24204548226243
654.0   227.8545353705734
655.0   230.1819439549304
656.0   230.4250663166531
657.0   227.29819996592255
658.0   224.93595675074127
659.0   232.21961428039396
660.0   224.89456596286414
661.0   228.17042062834562
662.0   229.07906329327884
663.0   231.1855514646178
664.0   223.41658696026607
665.0   226.66550046766972
666.0   231.55480926795897
667.0   230.7590641508491
668.0   225.14565288669797
669.0   233.25249518224328
670.0   232.00007232176353
671.0   228.78561562111864
672.0   233.91760712803026
673.0   230.02717345908837
674.0   230.5957861543507
675.0   228.55193989173765
676.0   230.24958459814047
677.0   236.5024043949859
678.0   235.43247046535754
679.0   232.47509401641025
680.0   237.62535871998276
681.0   239.55985604569625
682.0   237.45597385999883
683.0   234.12296263705673
684.0   244.00154370026561
685.0   241.8083193219762
686.0   238.97224336715783
687.0   246.18022312862468
688.0   245.0394109945353
689.0   240.29303279049273
690.0   245.55212049234666
691.0   242.84283188140532
692.0   253.88144558825513
693.0   243.4111083375712
694.0   242.69569201466732
695.0   250.07127930133075
696.0   252.04632866416375
697.0   244.37722885177422
698.0   248.74817444150057
699.0   249.67185064979878
700.0   248.99005769861105
701.0   244.8566515060784
702.0   250.3021113201731
703.0   252.03378749297616
704.0   251.61652621693136
705.0   250.67433117573214
706.0   246.03145239784078
707.0   251.08353786448535
708.0   249.67030783231476
709.0   243.37499396794695
710.0   245.7890263069732
711.0   238.6377248387052
712.0   246.25360989731058
713.0   249.08249982331677
714.0   241.29657334036457
715.0   237.91344914964222
716.0   237.7729346358192
717.0   240.84942882322792
718.0   243.52459111110582
719.0   246.96862429509915
720.0   240.7857945934079
721.0   240.1173623119718
722.0   239.65593554477542
723.0   237.8624661523125
724.0   236.28215051247855
725.0   240.01204774305268
726.0   235.447903172291
727.0   230.98376822012284
728.0   235.421063463926
729.0   239.6318654441524
730.0   232.6561102981486
731.0   238.52888139619245
732.0   237.95053981241585
733.0   238.0941565492776
734.0   232.86835465321727
735.0   239.0823448650002
736.0   230.01902157023127
737.0   231.8853154534734
738.0   242.7967815924927
739.0   236.29904412478683
740.0   234.0053019824331
741.0   235.3083050516312
742.0   234.98217576086535
743.0   235.5937818273039
744.0   236.89183807800455
745.0   233.51577815298737
746.0   235.37589820036848
747.0   233.22027780606203
748.0   231.17372504295915
749.0   237.9084878849689
750.0   235.3658156172292
751.0   229.77062790593635
752.0   236.17210511746813
753.0   241.63643306212396
754.0   236.94864540926042
755.0   238.87638211826328
756.0   238.46811967201572
757.0   240.2917443004871
758.0   253.00111644921037
759.0   251.1583134689747
760.0   240.17061243358768
761.0   243.01113288850235
762.0   252.10692406157128
763.0   255.0921537862241
764.0   250.72416908326147
765.0   257.12369317645175
766.0   256.0469942640423
767.0   252.77373422091327
768.0   265.2654773183811
769.0   258.00507839949273
770.0   258.67568603540184
771.0   254.2098073712247
772.0   264.1299240367714
773.0   258.2391128798579
774.0   254.04202524866858
775.0   258.17429071471696
776.0   252.00174045537386
777.0   259.07664321468246
778.0   257.9483305517867
779.0   254.1991460478967
780.0   248.5844745843405
781.0   253.33696029438573
782.0   248.4228851695364
783.0   246.65919198775825
784.0   246.62690261975524
785.0   242.1576038876137
786.0   246.46158005846607
787.0   240.77071545294177
788.0   232.16136543876476
789.0   239.61162819275833
790.0   231.37913538117468
791.0   233.46929792455518
792.0   242.2536644433191
793.0   237.12163740215126
794.0   236.67314916472074
795.0   229.01771431590865
796.0   234.70965128027578
797.0   231.04136276685804
798.0   224.27268162963244
799.0   227.20543049769566
800.0   222.29952533007094
