500.0   232.6812644457735
501.0   237.96525501285987
502.0   237.042774589896
503.0   235.2511081236008
504.0   231.67359617092234
505.0   229.51739264915705
506.0   231.78281257168302
507.0   230.84318874834
508.0   229.0639716370118
509.0   230.0614727024397
510.0   225.23943361980264
511.0   230.3004559779313
512.0   222.819630315192
513.0   219.31052085564292
514.0   221.8000429325169
515.0   219.88976397758572
516.0   225.1709278596386
517.0   220.73733510766021
518.0   219.63335292748613
519.0   226.36071734205737
520.0   227.18202801589166
521.0   217.02378243237604
522.0   222.88485052748243
523.0   223.84757993753195
524.0   223.71117693371315
525.0   221.1120771304517
526.0   228.9522967598804
527.0   221.95061776596467
528.0   227.93188303115008
529.0   232.21547587487993
530.0   230.53154693549868
531.0   235.82951030035073
532.0   233.18682545828588
533.0   235.68141812364496
534.0   233.0952495051027
535.0   232.69498646700424
536.0   237.68528602510003
537.0   242.9190579199858
538.0   245.07052646277023
539.0   240.67446739535765
540.0   247.11518642209947
541.0   241.0903446997068
542.0   240.06552962887102
543.0   248.2919193628205
544.0   243.1744861453541
545.0   238.9863891070037
546.0   236.37529805149157
547.0   234.20031177995259
548.0   237.9660695429313
549.0   228.6442467158674
550.0   236.0301852851409
551.0   225.19136579654023
552.0   228.93217955567462
553.0   227.01018952691342
554.0   227.76229272247397
555.0   226.49838643213556
556.0   219.53355864918103
557.0   226.9399553457704
558.0   224.74144440881057
559.0   220.8849097613113
560.0   223.43327155039452
561.0   217.30940497765397
562.0   220.74997226679358
563.0   216.8509801203212
564.0   224.7074972944142
565.0   221.74846257913475
566.0   228.65422043862102
567.0   221.5362182343309
568.0   224.0043710803883
569.0   225.95192991049717
570.0   230.09369828729666
571.0   227.3657060720192
572.0   229.87888353177462
573.0   226.7529570924726
574.0   234.11703021082116
575.0   233.29421238306568
576.0   232.666689454879
577.0   235.7603267442876
578.0   229.20019273162436
579.0   235.0564614391632
580.0   230.58725593799372
581.0   238.01074214132592
582.0   237.6796664159802
583.0   235.4059132863308
584.0   237.29747579673045
585.0   236.2616240265944
586.0   236.83099910280973
587.0   240.67090400508422
588.0   241.61695205096177
589.0   238.79976681526452
590.0   234.01292709212672
591.0   239.888221948014
592.0   234.97684233386076
593.0   235.57634537077146
594.0   229.37387466659231
595.0   235.45316389552448
596.0   234.91291008686966
597.0   228.8769454160753
598.0   228.17076534520376
599.0   233.61349750478144
600.0   234.26468584111637
601.0   230.3486564732111
602.0   230.22121436583683
603.0   233.33160494204776
604.0   227.52591048070204
605.0   232.0386804955677
606.0   229.71247355512781
607.0   222.8304410955208
608.0   224.20412525439093
609.0   228.11815621193392
610.0   226.94057317468636
611.0   227.11413245998645
612.0   222.99418473930723
613.0   225.72079993363482
614.0   224.28718765492027
615.0   225.17106432321359
616.0   219.6237544712836
617.0   223.89810157279527
618.0   226.51129824602438
619.0   225.73740344639268
620.0   224.34873265833463
621.0   223.36693960927886
622.0   225.3143912050917
623.0   227.1930542625153
624.0   233.14766379550045
625.0   236.009599364599
626.0   234.11369716730513
627.0   237.8715026546018
628.0   236.64688509197094
629.0   236.21992641770953
630.0   245.09413608578933
631.0   239.11599485157748
632.0   241.17883011401605
633.0   238.17498102896087
634.0   239.62597213599778
635.0   241.0618247988738
636.0   237.48720107912018
637.0   235.3720308770659
638.0   241.95421758159694
639.0   238.29532321001398
640.0   240.73656256487706
641.0   242.34052257730215
642.0   242.49279886035643
643.0   243.7861565113575
644.0   244.61609970532658
645.0   240.8255780299843
646.0   248.62150193957052
647.0   238.34058361306464
648.0   241.08472055507121
649.0   244.16741221182266
650.0   240.4091904188713
651.0   237.53471266244776
652.0   241.41815753218785
653.0   239.14742669312818
654.0   232.23944409905445
655.0   238.34352198395445
656.0   241.79644028540716
657.0   244.36213458179478
658.0   239.39326944109192
659.0   239.1767651223221
660.0   237.49462642638665
661.0   230.41659396660486
662.0   237.85995736223106
663.0   238.2543234304483
664.0   241.83024278641534
665.0   241.84624597041721
666.0   238.01137864953827
667.0   237.9879409322614
668.0   228.4977608910962
669.0   235.05461770595358
670.0   240.10742443339495
671.0   241.1082461472148
672.0   240.79615891149453
673.0   241.16334954665743
674.0   238.07270596683318
675.0   247.80672755010625
676.0   241.13494288213826
677.0   243.97039154431343
678.0   238.97567803720662
679.0   241.59533939199764
680.0   248.21706793257567
681.0   243.30957472572487
682.0   247.77972795705432
683.0   244.97937438065577
684.0   248.98317788820202
685.0   252.93887348759137
686.0   251.43691406675762
687.0   251.61879023352557
688.0   247.74835835849962
689.0   263.8184271669141
690.0   251.7192175606681
691.0   254.48472964591681
692.0   251.33419794073413
693.0   256.5058814057315
694.0   257.2965129499692
695.0   257.122579887982
696.0   260.72563382044484
697.0   256.9469656241949
698.0   255.96140475440842
699.0   265.2893594032331
700.0   260.4912913379789
701.0   257.2457756523104
702.0   256.05008219948644
703.0   260.9694263102202
704.0   260.0389323918019
705.0   260.72866628148876
706.0   255.88716408025644
707.0   256.1256362869439
708.0   252.78644390857184
709.0   256.6439239511333
710.0   262.4785195463205
711.0   256.9408203525846
712.0   252.8261938875213
713.0   251.62552891756056
714.0   254.56125873465095
715.0   253.1096043474903
716.0   260.8725240766327
717.0   245.62968721987951
718.0   246.43746446496868
719.0   252.9579412137721
720.0   245.10524167707624
721.0   249.72465114573507
722.0   248.01382183847778
723.0   249.9109146061828
724.0   246.5131477180909
725.0   247.53106613251796
726.0   248.56576407147782
727.0   249.01123979129193
728.0   244.00517970869325
729.0   245.82040257284802
730.0   246.18781519686794
731.0   242.35991895058302
732.0   243.40794235000948
733.0   245.03967323624857
734.0   250.71558798115603
735.0   247.83535189064278
736.0   244.87631040697255
737.0   251.15600826918129
738.0   245.09418814651417
739.0   236.78817570379192
740.0   243.99779844398864
741.0   246.63976728105524
742.0   240.25988359672542
743.0   240.58055536440986
744.0   243.02920057454537
745.0   238.62000023485425
746.0   237.03522636473133
747.0   244.50398658880843
748.0   242.17525468432984
749.0   238.65025878351554
750.0   243.96038147873244
751.0   242.06988208015215
752.0   242.87850957246718
753.0   237.47850171919137
754.0   245.1760323616643
755.0   247.8959334232662
756.0   244.08811375844317
757.0   248.5035125970751
758.0   245.77605904164656
759.0   252.09920110020238
760.0   253.6149333170674
761.0   259.0873046639066
762.0   255.4168056945246
763.0   256.6075438335608
764.0   263.1219240099517
765.0   268.07409887831255
766.0   267.16354646838374
767.0   265.1238277844522
768.0   272.70970288450604
769.0   265.9504219672558
770.0   265.1548448941791
771.0   271.0078577122325
772.0   268.95730461741806
773.0   261.9305584792138
774.0   271.7168716031646
775.0   266.7688372283989
776.0   271.9898432695081
777.0   264.00791339714027
778.0   258.98460351939866
779.0   255.51119138629375
780.0   260.9104174292071
781.0   255.00965889960068
782.0   261.9098785432673
783.0   258.30175696451937
784.0   250.42094471847324
785.0   248.16561646589886
786.0   252.56120985102683
787.0   241.97027793238257
788.0   250.13858806799723
789.0   247.31892318976045
790.0   247.1719232619272
791.0   241.87009692650128
792.0   232.5216074499216
793.0   241.130860870049
794.0   236.83800527186912
795.0   233.59052504080825
796.0   232.05691239140404
797.0   238.095034445399
798.0   228.91199107948063
799.0   232.07912163818946
800.0   229.61183929147194
