500.0   221.03388107067855
501.0   229.2351878543491
502.0   225.56600434462092
503.0   224.60884092811008
504.0   222.593007360725
505.0   219.78591059915556
506.0   225.23433679888353
507.0   226.80794994059428
508.0   224.91334150786938
509.0   221.28731385495524
510.0   218.85772868076415
511.0   220.0009828286086
512.0   222.96973009759964
513.0   221.36957641349466
514.0   214.41580438413425
515.0   219.3822383290193
516.0   220.6221790557083
517.0   222.36463207548437
518.0   227.79530368919006
519.0   219.45197841723692
520.0   212.09034444283202
521.0   218.95839623129547
522.0   216.88916207630825
523.0   225.09568156121907
524.0   222.05150350335614
525.0   214.04333742636248
526.0   222.9338808217517
527.0   221.0086203040234
528.0   223.1637641869048
529.0   220.24099186756604
530.0   224.84250352465253
531.0   226.8892679323688
532.0   226.22926909179188
533.0   233.8882560571835
534.0   228.69282396586263
535.0   231.2164952365524
536.0   233.84925945217267
537.0   230.71116018347942
538.0   239.75761407471546
539.0   238.8752603833576
540.0   239.57423416210824
541.0   232.90202768028996
542.0   236.98474930135282
543.0   236.02572279357344
544.0   240.88185244152737
545.0   238.042370070134
546.0   240.22955616282488
547.0   233.53168032398048
548.0   234.93303988592203
549.0   235.20403884820877
550.0   222.03826495608197
551.0   224.89494826982647
552.0   221.9652804235897
553.0   220.65478026365312
554.0   226.5891520686369
555.0   224.725046596296
556.0   228.92453550069186
557.0   222.44498731254623
558.0   220.2893550415876
559.0   226.99870592879913
560.0   221.11187357377946
561.0   224.43727293344514
562.0   219.6708456889009
563.0   221.53350663156556
564.0   227.6188055198722
565.0   223.59937192225198
566.0   223.156879644929
567.0   226.08952934302783
568.0   223.9985459786605
569.0   225.65929682979893
570.0   231.91013388506636
571.0   233.3884516561507
572.0   225.90969771255078
573.0   232.00652450609596
574.0   233.00949511648122
575.0   234.36591155707777
576.0   233.35286175184865
577.0   231.4218257152642
578.0   233.09885938729445
579.0   243.74890477089647
580.0   242.54919536097893
581.0   238.1342314933099
582.0   238.33921200076236
583.0   247.12032537979334
584.0   239.58073323310063
585.0   244.2920921635222
586.0   248.34165842095953
587.0   252.11249814008605
588.0   241.3459962526387
589.0   240.279575451178
590.0   239.22968180803383
591.0   242.45766673049317
592.0   238.67230644195513
593.0   245.3846876864253
594.0   243.85656045691417
595.0   237.7386818315894
596.0   233.23724632443765
597.0   244.0953161629646
598.0   241.42227114867916
599.0   243.21279641170298
600.0   234.48335271131728
601.0   236.81249398228408
602.0   231.52637295384704
603.0   235.85817430297382
604.0   232.88243974141002
605.0   237.97304656845267
606.0   237.19470880966287
607.0   231.29654766753845
608.0   233.33117272905457
609.0   232.7238551611466
610.0   234.4109416509046
611.0   233.9943294080439
612.0   235.10159271223404
613.0   234.3295119293752
614.0   230.68291063195835
615.0   227.09146689101075
616.0   230.72523396210198
617.0   227.4206691961142
618.0   231.98414963202063
619.0   227.43704574351634
620.0   233.95576772896416
621.0   235.57758006102958
622.0   233.78473015008507
623.0   237.03928705282388
624.0   245.2253037525058
625.0   240.06745422640444
626.0   241.8658696170348
627.0   245.85378906774625
628.0   241.85908695162553
629.0   243.06069767753405
630.0   251.92763082335821
631.0   258.7143985923859
632.0   247.0150925163505
633.0   248.3549026164407
634.0   250.62621880696764
635.0   252.83201123950928
636.0   252.90970399180165
637.0   257.1854233545072
638.0   254.81612632605933
639.0   264.24311413196483
640.0   264.21531537392883
641.0   260.99176317461774
642.0   260.29031298591724
643.0   266.5789212359217
644.0   256.52016166154027
645.0   261.8052463275982
646.0   257.7177297083731
647.0   263.24011020311326
648.0   260.836217031026
649.0   255.2815039394842
650.0   259.0471109101242
651.0   255.19762768073133
652.0   255.89904610512977
653.0   254.9296292496324
654.0   251.2340483736755
655.0   255.46912877098057
656.0   257.2092955283425
657.0   251.36846846708423
658.0   251.59049080235616
659.0   251.61688981681252
660.0   256.15127632863545
661.0   255.39017524885173
662.0   249.48021818525922
663.0   258.7619803137511
664.0   256.32417517187076
665.0   255.80748147853137
666.0   256.2446070644812
667.0   256.50085762931207
668.0   256.75741135988045
669.0   253.5612716518633
670.0   258.0856703626916
671.0   265.1697794578181
672.0   263.3382748403314
673.0   259.6860055292843
674.0   264.72425583710924
675.0   261.4146313447936
676.0   250.60042497808226
677.0   271.3181896569825
678.0   263.7455426584419
679.0   272.0757602118238
680.0   266.6152595406911
681.0   272.0202575676986
682.0   272.0889826709027
683.0   275.0442458181515
684.0   278.00473607953995
685.0   277.11062825843953
686.0   279.7303266608156
687.0   286.91717925694354
688.0   285.58329428058124
689.0   290.9983286220507
690.0   286.3696043754024
691.0   279.3145246078616
692.0   289.393201876994
693.0   291.9144788376659
694.0   292.2510203221942
695.0   294.3537068661156
696.0   293.98462964931736
697.0   292.39819140230446
698.0   296.9291687268068
699.0   300.92127826246724
700.0   301.8389963373549
701.0   294.7940406835329
702.0   304.94399584951606
703.0   292.99193003699304
704.0   292.90558020943166
705.0   301.03291731204075
706.0   290.17688076284213
707.0   296.7062805964869
708.0   295.9074193550117
709.0   293.0992079303114
710.0   296.1788170084176
711.0   293.909558175479
712.0   287.24882786625824
713.0   290.8912237104917
714.0   294.11519990884716
715.0   283.63317499945384
716.0   295.15536748000267
717.0   290.0999635204656
718.0   281.9716663898401
719.0   284.4859989073518
720.0   280.1135914528202
721.0   280.3661668627039
722.0   281.74376112819965
723.0   285.31889284543166
724.0   282.78872777338626
725.0   278.0955664856777
726.0   277.907612288782
727.0   277.00647726350763
728.0   277.8823378217944
729.0   272.8404317675549
730.0   277.2394681360687
731.0   280.3721706411164
732.0   275.3768887676847
733.0   276.31533130083506
734.0   278.1466383407081
735.0   283.79418344662
736.0   276.99677426363223
737.0   274.0318217956176
738.0   269.1586780196318
739.0   271.70992175461436
740.0   274.6760811471206
741.0   276.37658100922044
742.0   271.29381088086063
743.0   272.8188164882135
744.0   278.89233387529424
745.0   276.28639931460214
746.0   280.75046273937505
747.0   271.4927496814701
748.0   268.0275947626872
749.0   273.2114180063364
750.0   278.2382256573342
751.0   275.6874793408566
752.0   275.514864693646
753.0   282.5572807358111
754.0   277.89819504160135
755.0   280.22637852443137
756.0   287.9572879909839
757.0   299.2398865423192
758.0   301.45416874658764
759.0   304.2402475274134
760.0   300.2508161216463
761.0   315.60961952797044
762.0   316.78312360733185
763.0   318.1527194345285
764.0   326.8893039653026
765.0   324.0438287280007
766.0   325.6549487300347
767.0   325.41747017384336
768.0   343.3116776724962
769.0   331.298256296099
770.0   334.760420116011
771.0   341.9935586823572
772.0   335.47014431907917
773.0   328.1298012211366
774.0   337.08137633204774
775.0   332.43699296793847
776.0   328.34338755698656
777.0   330.70585472747183
778.0   327.27172230212653
779.0   336.3770805857998
780.0   330.1251227571467
781.0   328.4696145078591
782.0   321.2282500888447
783.0   315.27738868105257
784.0   320.3310863370002
785.0   314.075360615803
786.0   299.96487786261906
787.0   310.97205230332855
788.0   303.90319875300145
789.0   305.0373227783931
790.0   299.81180756999913
791.0   298.9930339365887
792.0   295.26963151714136
793.0   293.4079637109897
794.0   285.9362488120477
795.0   289.1815048034614
796.0   285.9823598418542
797.0   283.8758678660904
798.0   285.28163875965936
799.0   274.0703447572955
800.0   275.96706478606
