500.0   17.96
501.0   17.96
502.0   17.96
503.0   19.96
504.0   19.96
505.0   19.96
506.0   17.96
507.0   17.96
508.0   17.96
509.0   17.96
510.0   17.96
511.0   17.96
512.0   17.96
513.0   17.96
514.0   17.96
515.0   17.96
516.0   17.96
517.0   17.96
518.0   17.96
519.0   17.96
520.0   17.96
521.0   17.96
522.0   17.96
523.0   17.96
524.0   17.96
525.0   17.96
526.0   17.96
527.0   17.96
528.0   17.96
529.0   17.96
530.0   17.96
531.0   17.96
532.0   17.96
533.0   17.96
534.0   17.96
535.0   17.96
536.0   17.96
537.0   15.96
538.0   17.96
539.0   17.96
540.0   17.96
541.0   17.96
542.0   17.96
543.0   17.96
544.0   17.96
545.0   17.96
546.0   17.96
547.0   17.96
548.0   19.96
549.0   17.96
550.0   17.96
551.0   19.96
552.0   17.96
553.0   17.96
554.0   17.96
555.0   17.96
556.0   17.96
557.0   31.96
558.0   17.96
559.0   17.96
560.0   17.96
561.0   19.96
562.0   31.96
563.0   17.96
564.0   17.96
565.0   15.96
566.0   17.96
567.0   17.96
568.0   17.96
569.0   17.96
570.0   15.96
571.0   17.96
572.0   17.96
573.0   17.96
574.0   15.96
575.0   15.96
576.0   17.96
577.0   29.96
578.0   17.96
579.0   17.96
580.0   17.96
581.0   15.96
582.0   17.96
583.0   17.96
584.0   17.96
585.0   17.96
586.0   17.96
587.0   17.96
588.0   19.96
589.0   17.96
590.0   17.96
591.0   17.96
592.0   17.96
593.0   31.96
594.0   17.96
595.0   15.96
596.0   17.96
597.0   29.96
598.0   17.96
599.0   31.96
600.0   17.96
601.0   29.96
602.0   31.96
603.0   31.96
604.0   17.96
605.0   17.96
606.0   17.96
607.0   17.96
608.0   17.96
609.0   17.96
610.0   17.96
611.0   17.96
612.0   17.96
613.0   17.96
614.0   31.96
615.0   31.96
616.0   31.96
617.0   17.96
618.0   31.96
619.0   17.96
620.0   17.96
621.0   15.96
622.0   31.96
623.0   17.96
624.0   31.96
625.0   31.96
626.0   31.96
627.0   17.96
628.0   15.96
629.0   31.96
630.0   17.96
631.0   31.96
632.0   31.96
633.0   17.96
634.0   31.96
635.0   31.96
636.0   17.96
637.0   17.96
638.0   31.96
639.0   31.96
640.0   33.96
641.0   17.96
642.0   31.96
643.0   31.96
644.0   31.96
645.0   31.96
646.0   31.96
647.0   31.96
648.0   31.96
649.0   31.96
650.0   31.96
651.0   31.96
652.0   31.96
653.0   31.96
654.0   31.96
655.0   31.96
656.0   31.96
657.0   31.96
658.0   31.96
659.0   31.96
660.0   33.96
661.0   33.96
662.0   31.96
663.0   31.96
664.0   31.96
665.0   33.96
666.0   33.96
667.0   31.96
668.0   33.96
669.0   31.96
670.0   33.96
671.0   33.96
672.0   33.96
673.0   33.96
674.0   33.96
675.0   31.96
676.0   31.96
677.0   33.96
678.0   33.96
679.0   33.96
680.0   31.96
681.0   31.96
682.0   31.96
683.0   33.96
684.0   31.96
685.0   33.96
686.0   33.96
687.0   31.96
688.0   33.96
689.0   33.96
690.0   33.96
691.0   33.96
692.0   33.96
693.0   33.96
694.0   33.96
695.0   33.96
696.0   33.96
697.0   33.96
698.0   33.96
699.0   33.96
700.0   33.96
701.0   33.96
702.0   33.96
703.0   31.96
704.0   33.96
705.0   33.96
706.0   33.96
707.0   33.96
708.0   33.96
709.0   33.96
710.0   33.96
711.0   33.96
712.0   33.96
713.0   33.96
714.0   33.96
715.0   33.96
716.0   33.96
717.0   33.96
718.0   33.96
719.0   33.96
720.0   33.96
721.0   33.96
722.0   33.96
723.0   33.96
724.0   33.96
725.0   33.96
726.0   33.96
727.0   33.96
728.0   33.96
729.0   33.96
730.0   33.96
731.0   33.96
732.0   33.96
733.0   33.96
734.0   33.96
735.0   33.96
736.0   33.96
737.0   33.96
738.0   33.96
739.0   33.96
740.0   33.96
741.0   33.96
742.0   33.96
743.0   33.96
744.0   33.96
745.0   33.96
746.0   33.96
747.0   33.96
748.0   33.96
749.0   33.96
750.0   33.96
751.0   33.96
752.0   33.96
753.0   33.96
754.0   33.96
755.0   33.96
756.0   33.96
757.0   33.96
758.0   33.96
759.0   33.96
760.0   33.96
761.0   33.96
762.0   33.96
763.0   33.96
764.0   33.96
765.0   33.96
766.0   33.96
767.0   33.96
768.0   33.96
769.0   33.96
770.0   33.96
771.0   33.96
772.0   33.96
773.0   33.96
774.0   33.96
775.0   33.96
776.0   33.96
777.0   33.96
778.0   33.96
779.0   33.96
780.0   33.96
781.0   33.96
782.0   33.96
783.0   33.96
784.0   33.96
785.0   33.96
786.0   33.96
787.0   33.96
788.0   33.96
789.0   33.96
790.0   33.96
791.0   33.96
792.0   33.96
793.0   33.96
794.0   33.96
795.0   33.96
796.0   33.96
797.0   33.96
798.0   33.96
799.0   33.96
800.0   33.96
