500.0   598.0812238211113
501.0   601.6387831854729
502.0   601.2354923936626
503.0   585.5066764079018
504.0   593.7089462804267
505.0   573.7281245284629
506.0   564.5152042389366
507.0   551.6670919570771
508.0   523.4752356709917
509.0   515.9912790001871
510.0   496.6867819444036
511.0   489.6484434148591
512.0   489.71597413340885
513.0   487.61787983141534
514.0   464.5731800512857
515.0   458.89906843950973
516.0   473.9571986473205
517.0   482.2210984059524
518.0   466.53421216466745
519.0   481.2899005888107
520.0   453.0123169473067
521.0   466.6124060162274
522.0   488.3926407993525
523.0   478.77909474521834
524.0   482.2972840292936
525.0   507.3836302525932
526.0   519.0994599336515
527.0   541.4046313961283
528.0   555.2034446714631
529.0   579.7386902474375
530.0   602.8253053399194
531.0   633.2340504522203
532.0   646.0460463229422
533.0   669.8455045156443
534.0   699.7003875580119
535.0   717.1214991825299
536.0   756.51756353755
537.0   771.1129202952449
538.0   794.6266285640147
539.0   820.6987842164559
540.0   826.9737155760495
541.0   824.0070754970851
542.0   826.1339566125122
543.0   840.8919043708408
544.0   824.0216293676042
545.0   808.1175100106166
546.0   784.0158211273585
547.0   773.5281559012337
548.0   747.6487515758764
549.0   730.0752646089329
550.0   711.1283665528617
551.0   678.6275322523735
552.0   692.3054674557886
553.0   654.3258375962903
554.0   653.1400907230493
555.0   636.8124175718606
556.0   627.7892691246724
557.0   601.42016087304
558.0   623.0839145085777
559.0   596.1901468981459
560.0   597.9141520271622
561.0   606.1055435838257
562.0   570.1627244243327
563.0   581.4790959223394
564.0   613.2032372898043
565.0   604.505599742508
566.0   642.554175931863
567.0   637.4140087555751
568.0   628.6881856733645
569.0   673.5782504643132
570.0   691.7062027232997
571.0   695.3460985377201
572.0   693.477850367695
573.0   714.0040577335712
574.0   734.2670265126872
575.0   779.5463237618841
576.0   779.2551758615444
577.0   809.5992027908643
578.0   824.4752690325669
579.0   864.9187380116109
580.0   895.4157195141611
581.0   912.4197945539668
582.0   939.6615713584376
583.0   969.0041959707956
584.0   966.918738614241
585.0   1003.7235522038878
586.0   1022.5439026959308
587.0   1014.6208319401374
588.0   1029.7012648864986
589.0   1046.8672178168565
590.0   1027.5942628826515
591.0   1040.516508816028
592.0   1017.5980927478149
593.0   1017.0961374644975
594.0   1004.1848949234706
595.0   986.8740525187368
596.0   978.0297328716697
597.0   953.9159526793637
598.0   944.2031901028064
599.0   918.5458076663699
600.0   894.9037042537327
601.0   888.3257398157882
602.0   859.1126852924867
603.0   882.2307436268572
604.0   850.3110765107791
605.0   850.4742070769405
606.0   867.409015809985
607.0   860.3558499052133
608.0   855.879871523227
609.0   814.8676049513842
610.0   831.5996791997325
611.0   825.0510266807885
612.0   843.9496815676551
613.0   809.1031030331766
614.0   787.3954546233937
615.0   802.8396878056155
616.0   826.6472146614042
617.0   841.8604997464965
618.0   822.9814732768441
619.0   842.9558834794855
620.0   853.6158872392326
621.0   896.1670887951013
622.0   883.3427051888096
623.0   932.340562372185
624.0   952.7687923077158
625.0   976.9420302474164
626.0   1025.7537290033467
627.0   1052.8251488683247
628.0   1084.7598487290472
629.0   1120.4490611680778
630.0   1148.769003300157
631.0   1184.5313268577572
632.0   1205.8243173622168
633.0   1240.8099439130074
634.0   1264.6633816644096
635.0   1298.897935145488
636.0   1327.1710549580991
637.0   1344.6888501817605
638.0   1348.9185615328324
639.0   1381.935606406347
640.0   1395.1709597020197
641.0   1409.581378808406
642.0   1411.4613295763784
643.0   1404.5412351929854
644.0   1401.9051635120686
645.0   1404.9769235556323
646.0   1413.7933994333314
647.0   1395.190690352866
648.0   1386.4265404225382
649.0   1368.785672120845
650.0   1358.9891306838028
651.0   1358.0227127514634
652.0   1349.2119941396136
653.0   1329.7541778885738
654.0   1324.7457976419407
655.0   1308.2861825737675
656.0   1302.784077240086
657.0   1308.0809617031787
658.0   1282.9519794060886
659.0   1294.8767639817302
660.0   1296.5246772620762
661.0   1289.6185227896103
662.0   1293.145525279427
663.0   1290.542724945301
664.0   1318.3750735991277
665.0   1359.3748023367095
666.0   1327.1990359238534
667.0   1332.5775015414736
668.0   1322.5976424817272
669.0   1338.0596152914063
670.0   1395.2869555208385
671.0   1421.957957708582
672.0   1441.42344177905
673.0   1433.8284759949918
674.0   1447.9021079113393
675.0   1495.2398976303755
676.0   1501.0983057269448
677.0   1537.85632065839
678.0   1562.2152821429356
679.0   1601.152380078676
680.0   1649.5953433396874
681.0   1676.2789789095286
682.0   1708.9540522809757
683.0   1747.9505010503085
684.0   1783.8595766659917
685.0   1830.4099296557324
686.0   1858.875615893567
687.0   1901.8514627592172
688.0   1913.4268344124448
689.0   1974.2142911952983
690.0   2004.510246091818
691.0   2027.5996677439462
692.0   2104.7785606864713
693.0   2142.552162474926
694.0   2134.546636805032
695.0   2184.1686289420863
696.0   2173.2792771527106
697.0   2147.9206528420846
698.0   2258.155072538454
699.0   2271.5523443321767
700.0   2253.2235191425793
701.0   2198.091266737944
702.0   2251.9852340678785
703.0   2235.481903976151
704.0   2243.866892526648
705.0   2253.9145528751383
706.0   2246.522014794853
707.0   2234.475967369398
708.0   2208.5794783716287
709.0   2201.8312980023406
710.0   2159.5859306550474
711.0   2141.315802418121
712.0   2117.4546560140047
713.0   2095.8966926769394
714.0   2082.330202192394
715.0   2053.2790324033404
716.0   2051.4242529714115
717.0   2062.4099392786347
718.0   1995.9353190995002
719.0   2022.0189805535585
720.0   1971.8741484275006
721.0   1959.8692327081587
722.0   1972.059101252644
723.0   1941.5281810820034
724.0   1962.081022795589
725.0   1903.7107461157693
726.0   1896.9934304476396
727.0   1906.4877232276442
728.0   1873.6658527262289
729.0   1902.1894984652022
730.0   1813.5036837303987
731.0   1834.9244878384345
732.0   1904.7885407961787
733.0   1886.3457832632043
734.0   1877.2960919214338
735.0   1861.5987303027368
736.0   1789.212848931418
737.0   1800.5550618502507
738.0   1832.7985948448782
739.0   1801.9929586044154
740.0   1879.4619098591827
741.0   1837.3407209295058
742.0   1879.335311020754
743.0   1818.285866659752
744.0   1822.6432472724794
745.0   1804.1968408989985
746.0   1807.1319047180523
747.0   1827.908572650836
748.0   1826.5722470659105
749.0   1825.8861806978598
750.0   1859.819896669219
751.0   1874.73744908902
752.0   1917.6815205631492
753.0   1978.469253808826
754.0   2036.0834219318988
755.0   2116.6131044509343
756.0   2185.0699225116136
757.0   2255.0623183689486
758.0   2366.3717923295258
759.0   2397.8537229091216
760.0   2488.8935441560757
761.0   2583.3120289599847
762.0   2655.8509887575765
763.0   2759.6355441236606
764.0   2809.574518786756
765.0   2872.3425440540523
766.0   2944.145293952685
767.0   2944.872348014033
768.0   3071.8737662003136
769.0   3024.077613958428
770.0   3084.621250821503
771.0   3086.6648631828584
772.0   3095.617700245367
773.0   3035.572496934362
774.0   3064.3397583369047
775.0   3002.727188403116
776.0   3006.690653197635
777.0   3020.0070727712855
778.0   3014.966725808668
779.0   2918.6772570656376
780.0   2912.378547496387
781.0   2845.0351071618857
782.0   2811.0217647949926
783.0   2748.3073485585824
784.0   2690.986658514483
785.0   2629.043824007101
786.0   2587.0476581920298
787.0   2530.2035265770987
788.0   2471.5413916962116
789.0   2434.123434208345
790.0   2380.758898553394
791.0   2302.922610308152
792.0   2268.8620717052345
793.0   2201.1486799654454
794.0   2137.4462924983245
795.0   2091.1963980201404
796.0   2044.4250468396276
797.0   2055.757678203432
798.0   1939.2616002857735
799.0   1847.2540995329612
800.0   1827.2560129450949
