500.0   414.6617099265212
501.0   414.32326110795077
502.0   412.4540750036583
503.0   401.30144447823477
504.0   403.59346875688175
505.0   390.07914744574737
506.0   383.54276202650124
507.0   370.6453388888592
508.0   356.1778364961926
509.0   349.6138686165906
510.0   333.6671909972672
511.0   331.5418539430551
512.0   332.81273429445037
513.0   328.16106790093244
514.0   314.8285100195839
515.0   310.4925794114422
516.0   325.38279518835714
517.0   329.77651587695004
518.0   319.70978652185704
519.0   330.75749577528404
520.0   312.09070261976757
521.0   319.38391636635066
522.0   336.83022562513753
523.0   333.59543907290515
524.0   335.1999729472562
525.0   348.9332913487224
526.0   361.52210844473666
527.0   373.9669043073887
528.0   388.10628130532155
529.0   403.0466342592303
530.0   423.66453550283313
531.0   443.98400379403483
532.0   456.30734274838574
533.0   471.1746617049713
534.0   484.14834097794943
535.0   501.50025277115094
536.0   529.5521800699304
537.0   541.6933271012228
538.0   553.5849403906402
539.0   572.4211667245903
540.0   575.9458622704732
541.0   573.4011565518025
542.0   569.2012233440483
543.0   579.580580190644
544.0   567.407986858081
545.0   551.7177989309127
546.0   536.2214650135257
547.0   527.3864405738267
548.0   513.354808652341
549.0   503.71386282212586
550.0   486.7252969070663
551.0   462.2265450577412
552.0   475.86343488817573
553.0   448.89962689637775
554.0   450.9485220726432
555.0   438.28620928743135
556.0   430.4008573428599
557.0   412.0100238579535
558.0   431.38936260921304
559.0   414.04994420207083
560.0   413.043328751256
561.0   415.1196856973887
562.0   391.998701434734
563.0   402.9064357082337
564.0   430.84902024934615
565.0   424.49398543015093
566.0   448.06729530829284
567.0   445.01106054744946
568.0   441.6410196756093
569.0   471.85377933180143
570.0   486.5574345076293
571.0   488.4169662723377
572.0   489.16094952614856
573.0   502.044809486542
574.0   520.7245616761392
575.0   551.4162810658262
576.0   548.9455499645493
577.0   571.7002045095178
578.0   582.9594326377018
579.0   608.1139746293466
580.0   632.1253226337956
581.0   646.7867874881499
582.0   662.2946404004309
583.0   680.4700967087188
584.0   677.1368626677265
585.0   705.8624490132665
586.0   715.361139605828
587.0   710.8042766913497
588.0   720.9445125107097
589.0   732.0870673520261
590.0   712.3430310200239
591.0   723.5494993718651
592.0   704.6619876201364
593.0   710.9544877076455
594.0   699.6288316968695
595.0   679.2631740645267
596.0   676.7400344816513
597.0   658.7250514549053
598.0   653.2910801862294
599.0   633.2941764570278
600.0   618.0659829429962
601.0   615.0270490014636
602.0   594.5895815416006
603.0   610.7945401233528
604.0   590.4952028533185
605.0   593.612155185795
606.0   599.8856181356373
607.0   598.5865718650405
608.0   593.8287426974549
609.0   565.273788398735
610.0   577.0811681143837
611.0   574.3513506170157
612.0   584.3804885236812
613.0   562.683761355004
614.0   549.5434824876659
615.0   557.9979407285383
616.0   572.180947052014
617.0   587.2697030447971
618.0   576.1402084497835
619.0   595.1923296701054
620.0   600.5501231622637
621.0   632.2622252719805
622.0   621.3598075083486
623.0   666.3210629135313
624.0   682.2196411352215
625.0   694.1420553566061
626.0   726.3926167531781
627.0   745.4401721668896
628.0   771.7279438360192
629.0   795.9778260806106
630.0   813.8306649495129
631.0   846.1269816259206
632.0   858.3194425072718
633.0   883.5075535497026
634.0   900.0807303511399
635.0   919.4528053067577
636.0   939.840155949448
637.0   946.7943338469555
638.0   948.7002571899957
639.0   971.1776576999088
640.0   983.9461490268434
641.0   991.2360599885105
642.0   990.878988862398
643.0   978.2098816380966
644.0   978.7526517576681
645.0   980.6653212150627
646.0   986.9058084489843
647.0   974.6794179491743
648.0   971.1612292583015
649.0   957.4830662964404
650.0   945.2773195690738
651.0   947.9542627261687
652.0   938.5917103738127
653.0   932.8692144291476
654.0   922.2413340160222
655.0   914.0167231946054
656.0   907.198695317627
657.0   913.7479468820708
658.0   895.7783160700301
659.0   897.6207596044609
660.0   902.9611617706429
661.0   900.8026027730044
662.0   905.9631976371124
663.0   906.8724979552077
664.0   925.0787850434917
665.0   952.7373849981517
666.0   931.500690688398
667.0   935.8494754019555
668.0   931.2784201557716
669.0   942.6591681095922
670.0   984.5480815868793
671.0   1001.7533515397129
672.0   1014.587506449127
673.0   1011.5165335713235
674.0   1023.2706369611262
675.0   1058.0614287221695
676.0   1059.360927635489
677.0   1082.6537863946414
678.0   1110.1266080734506
679.0   1138.558507857607
680.0   1167.8287599818404
681.0   1188.0752844077692
682.0   1217.482470280647
683.0   1243.3204939322513
684.0   1270.0868581367918
685.0   1302.9631172506406
686.0   1323.1346292226267
687.0   1354.749271919498
688.0   1363.8585720148012
689.0   1412.041127357937
690.0   1427.9854710431337
691.0   1443.221458354997
692.0   1502.2810149263082
693.0   1528.806044695342
694.0   1518.608321798741
695.0   1559.0338909077745
696.0   1551.8085475526207
697.0   1530.9600885325458
698.0   1607.572197753811
699.0   1613.8849370074042
700.0   1599.4638515019121
701.0   1560.956789210078
702.0   1600.0592415342376
703.0   1586.5799408265261
704.0   1592.3804201996768
705.0   1599.585617395871
706.0   1589.7405859546413
707.0   1584.4652536204771
708.0   1559.633426127739
709.0   1562.9093964664294
710.0   1525.8304135786755
711.0   1510.5647336483999
712.0   1500.417982394294
713.0   1484.9668078097318
714.0   1465.6409906310528
715.0   1446.4337197938723
716.0   1440.9417663108115
717.0   1465.1363504172382
718.0   1405.7333054299902
719.0   1425.9712445663229
720.0   1395.575582123076
721.0   1388.3771608029786
722.0   1396.185042895385
723.0   1379.7812362407485
724.0   1389.9608450273097
725.0   1344.1969542750026
726.0   1346.0114086598417
727.0   1359.8023007006277
728.0   1321.1237243016537
729.0   1356.6756897436853
730.0   1287.49479739252
731.0   1308.022338440333
732.0   1363.1721995289954
733.0   1343.8901145587997
734.0   1345.0518555898436
735.0   1332.0194195523827
736.0   1272.812350473062
737.0   1286.3469312933642
738.0   1311.0774872303066
739.0   1289.9250369242905
740.0   1348.5725646519425
741.0   1317.1969772512898
742.0   1347.972310286005
743.0   1314.1426631371871
744.0   1322.2125804560446
745.0   1306.6653746270738
746.0   1307.090356545503
747.0   1321.829201542164
748.0   1312.3804266434308
749.0   1304.8648249328373
750.0   1324.378335329846
751.0   1332.5399793497847
752.0   1366.0124275393705
753.0   1402.4565750426489
754.0   1442.079323100401
755.0   1502.2072099862328
756.0   1556.6833561377066
757.0   1607.3487128199774
758.0   1693.119269032117
759.0   1713.1127779580468
760.0   1781.2968342482588
761.0   1857.9623238495656
762.0   1910.1023590725056
763.0   1993.204478436333
764.0   2026.7853860472053
765.0   2076.2528573349077
766.0   2129.7298801323336
767.0   2135.5610843747686
768.0   2234.5293185742103
769.0   2195.630350883262
770.0   2247.245580088689
771.0   2240.0567578292
772.0   2246.952656912275
773.0   2201.656765113311
774.0   2227.187186788788
775.0   2186.1371659621504
776.0   2182.1355925882094
777.0   2196.1693210219673
778.0   2188.113567333579
779.0   2111.3176884247428
780.0   2113.8450697052713
781.0   2064.197575547189
782.0   2043.0540656390283
783.0   1997.78161252867
784.0   1955.7743674081244
785.0   1914.9614069065676
786.0   1882.2021735759608
787.0   1846.114433224873
788.0   1785.2179978877896
789.0   1765.0964984058737
790.0   1729.7721961725574
791.0   1669.7182181785138
792.0   1648.6340454598785
793.0   1598.6082136454215
794.0   1546.7438073717353
795.0   1520.3861743897305
796.0   1483.194051377345
797.0   1499.6538304362589
798.0   1409.109538257258
799.0   1341.5235673990665
800.0   1327.9304818547103
