500.0   143.5207848387676
501.0   150.5247645440538
502.0   147.27606943902924
503.0   141.54017452363414
504.0   144.9828159003796
505.0   139.89098956374724
506.0   132.0129990857526
507.0   130.73079007203083
508.0   124.58202739486319
509.0   124.91046922242091
510.0   116.13068964749087
511.0   116.83836944567409
512.0   117.66750024718425
513.0   114.32969050115639
514.0   112.95496511732608
515.0   107.50560435874038
516.0   114.44681651646894
517.0   116.19152303608192
518.0   113.40055768523578
519.0   115.43600345460831
520.0   108.79537558887773
521.0   105.69204571402196
522.0   114.02458428470283
523.0   112.62510764138293
524.0   111.51567185373364
525.0   115.76080726164207
526.0   123.63984517249574
527.0   124.48420651388585
528.0   130.86136549005457
529.0   136.8627349899906
530.0   139.36421924485265
531.0   147.97429187324383
532.0   151.48133979487005
533.0   155.72100791649663
534.0   161.27098053504722
535.0   164.10598309130367
536.0   178.43405943733714
537.0   183.0144889586799
538.0   185.41538264352465
539.0   190.32819670695582
540.0   191.60649045296384
541.0   195.2500806440803
542.0   192.96995570661858
543.0   196.06135173241745
544.0   191.88433612045358
545.0   187.1766969479885
546.0   177.16239175944213
547.0   178.07116443277008
548.0   173.36090843198136
549.0   166.0941409500756
550.0   163.13632282342428
551.0   152.58344888203172
552.0   157.0847165109654
553.0   149.1011792733461
554.0   154.66400200259162
555.0   145.65836647042585
556.0   145.2434951579937
557.0   131.44767583344372
558.0   142.78794564557933
559.0   138.16505667850558
560.0   135.52648130534266
561.0   138.40737649950356
562.0   125.25224403897664
563.0   129.9994788362456
564.0   142.24791482763314
565.0   142.45672974271022
566.0   146.93723742531478
567.0   144.28548314518932
568.0   145.8961684439109
569.0   159.49478980162738
570.0   162.17348045173947
571.0   160.72289659459688
572.0   162.25641326849527
573.0   163.32627300411264
574.0   175.22370111674093
575.0   186.6109246974668
576.0   179.4482602826093
577.0   187.87837050185178
578.0   190.31860647986124
579.0   202.89220540981503
580.0   208.4094731383888
581.0   212.7579820244805
582.0   219.49170411553607
583.0   224.29611057575843
584.0   218.44967459057904
585.0   236.5081058207801
586.0   237.91326990880438
587.0   234.88191427742993
588.0   235.79818667175542
589.0   242.0349371649161
590.0   235.30661301070998
591.0   242.3190460376131
592.0   235.68929918612577
593.0   239.10230013637994
594.0   237.17997551208134
595.0   227.60639683962955
596.0   227.70918564392755
597.0   222.65017080774962
598.0   220.83264902034514
599.0   210.7558257400105
600.0   208.96295312770846
601.0   206.6932121145581
602.0   204.21499621969585
603.0   203.11540210669247
604.0   198.59427817609455
605.0   199.12894008562375
606.0   202.50235804000653
607.0   195.26367208443637
608.0   197.3926397727415
609.0   189.7645690552389
610.0   195.6566407999031
611.0   198.0414016092247
612.0   196.80548020920494
613.0   190.0774017712221
614.0   183.82521323412396
615.0   190.252570138723
616.0   193.31705733628147
617.0   196.69995095406645
618.0   195.1273191401326
619.0   198.63521113162284
620.0   201.49168928512367
621.0   214.4009260794877
622.0   203.15750046749605
623.0   220.98093274553742
624.0   225.75827389722645
625.0   228.605040436914
626.0   241.52378213043417
627.0   241.23077260007577
628.0   250.20431150809193
629.0   261.9938451441056
630.0   267.3126979799714
631.0   277.9657296666577
632.0   275.5834826302897
633.0   285.96435380528925
634.0   287.89194080846886
635.0   300.6421572104321
636.0   305.5820754406269
637.0   303.88964970352527
638.0   309.8332616865023
639.0   312.2860846462456
640.0   315.73709365804484
641.0   316.7838476605401
642.0   320.9883260211567
643.0   316.21952165758864
644.0   318.1175081425446
645.0   318.73145885436793
646.0   320.8400063694506
647.0   318.6835677460357
648.0   315.2125764139839
649.0   313.12432908205915
650.0   305.1010839076956
651.0   311.3198488603242
652.0   306.3938656212291
653.0   304.28437917452675
654.0   298.79023218559007
655.0   296.6982225356052
656.0   293.6168106727571
657.0   297.47071610326316
658.0   291.284501617547
659.0   295.18208251506366
660.0   290.2595159581374
661.0   293.49922249088013
662.0   289.00827047552826
663.0   290.56925484598116
664.0   299.00307075122294
665.0   309.42788170982135
666.0   303.1354299761555
667.0   305.34548527138253
668.0   303.0388057759192
669.0   303.2254561959085
670.0   316.1226149018301
671.0   318.91344221712177
672.0   322.92770334734684
673.0   324.31437419150734
674.0   327.8046445305655
675.0   342.3517868611381
676.0   341.29045789912425
677.0   346.81705732616115
678.0   354.36370031348605
679.0   361.7925648999175
680.0   375.7212443742329
681.0   378.53293114898605
682.0   388.5387854578111
683.0   394.9786717320227
684.0   405.69085524793036
685.0   415.46342082181036
686.0   423.08206920297255
687.0   436.99310712500846
688.0   437.2270486406669
689.0   455.6985058766952
690.0   451.0967210758638
691.0   459.09039266566344
692.0   480.5216594319937
693.0   487.39665016673473
694.0   488.3359592972177
695.0   494.2622560008196
696.0   496.126930755854
697.0   488.08905064606563
698.0   519.7139558957952
699.0   521.5603042026773
700.0   516.5355351641816
701.0   498.76809861841593
702.0   513.1597812010266
703.0   511.7836048170021
704.0   508.78360517917383
705.0   517.637318114984
706.0   514.7832728351099
707.0   511.120129808029
708.0   501.12436166204907
709.0   501.5602248207531
710.0   488.33713246214285
711.0   488.6235574352644
712.0   479.16532396924674
713.0   479.8539079926238
714.0   468.57183478873435
715.0   466.3424192219552
716.0   465.34105109870774
717.0   475.43119624294627
718.0   448.15673166787917
719.0   458.7923698804701
720.0   452.57134568252445
721.0   446.9554500761452
722.0   448.0215386567729
723.0   436.5634664320786
724.0   446.94596296817366
725.0   429.3948708556252
726.0   436.63640440696395
727.0   436.69575041661597
728.0   419.6243917013596
729.0   434.63250089057215
730.0   408.732943262926
731.0   418.553426961922
732.0   441.9872080870637
733.0   431.346596304944
734.0   433.29507969359037
735.0   428.5159241365649
736.0   407.1604405957597
737.0   413.683531407328
738.0   417.21935061163316
739.0   413.93359589822353
740.0   427.6898816865082
741.0   423.2937411368897
742.0   433.30155720683746
743.0   418.67590811350965
744.0   423.6202818661245
745.0   418.14639928962055
746.0   418.5716840686364
747.0   426.0038751931995
748.0   423.85499276327437
749.0   419.09491869214924
750.0   434.95121195434854
751.0   435.6341239882712
752.0   450.97022739042905
753.0   461.82214087460534
754.0   468.21562854941203
755.0   490.8819118585093
756.0   501.7002269102113
757.0   514.5892736505521
758.0   538.9549211745427
759.0   543.8819129702439
760.0   561.6947177150679
761.0   577.9686119949135
762.0   595.8077619165938
763.0   618.6799071110402
764.0   623.9940222092491
765.0   636.1852940094309
766.0   655.5418177017905
767.0   654.3330039896282
768.0   679.3769168108801
769.0   667.9234391615645
770.0   684.3728000352405
771.0   679.8348503233939
772.0   678.2778421358568
773.0   666.7914765559547
774.0   675.7987884277605
775.0   659.703121114211
776.0   657.294018631706
777.0   663.8348577167133
778.0   662.9055476794008
779.0   638.3855647632552
780.0   641.5283206553929
781.0   614.1616286039101
782.0   614.4601294069771
783.0   610.0398689503766
784.0   593.8611319150092
785.0   575.4851383005637
786.0   567.1652978169343
787.0   562.1677274292379
788.0   541.81328717326
789.0   540.2781934542254
790.0   522.4991810168526
791.0   506.8345979997761
792.0   505.3981941411666
793.0   490.69974218352445
794.0   475.70804704791203
795.0   467.5502946491755
796.0   458.760694446018
797.0   459.05582692013263
798.0   439.36054672694763
799.0   417.71784175462125
800.0   416.40748434769125
