500.0   135.58861108889607
501.0   141.56931812766427
502.0   139.575942698135
503.0   131.47732385734977
504.0   138.53281922274675
505.0   133.5705688017168
506.0   127.87371934824102
507.0   125.12230685160401
508.0   118.95232486361886
509.0   117.87964488053566
510.0   110.3568856328989
511.0   111.69711543305155
512.0   110.80634406681173
513.0   109.30371864020844
514.0   108.86081943447209
515.0   102.82276977203654
516.0   108.20681771951243
517.0   109.69399048463399
518.0   105.98660713286696
519.0   111.83845977016549
520.0   101.84151277084703
521.0   100.4250784097294
522.0   106.8887332707248
523.0   105.35888922090501
524.0   106.52499801287684
525.0   110.79496155749746
526.0   116.11277472198802
527.0   117.50757832507276
528.0   122.23983192868232
529.0   128.15433513959852
530.0   133.15890851568125
531.0   141.7546277395777
532.0   143.99515570740044
533.0   147.01328646380998
534.0   154.7015090060055
535.0   154.6845918690573
536.0   167.50852753027576
537.0   175.01306076180967
538.0   175.16950741383567
539.0   181.76214491047986
540.0   183.3173043453877
541.0   183.4777945648052
542.0   182.1290230179182
543.0   186.88705528130242
544.0   183.26295621477945
545.0   176.57116650518918
546.0   165.33401450020665
547.0   168.21404920696554
548.0   163.98748852506722
549.0   158.7080187626114
550.0   155.4958614934951
551.0   145.66591433408453
552.0   149.29649327478376
553.0   139.1601786748877
554.0   143.31235264161685
555.0   137.59648118613205
556.0   135.12362574591847
557.0   123.38152092167871
558.0   138.132479839275
559.0   130.40122554557294
560.0   126.80191783917951
561.0   130.03591138570883
562.0   117.97350975423808
563.0   123.23622480669212
564.0   132.9993397806326
565.0   134.16676774706846
566.0   141.26728799172076
567.0   136.03169184431735
568.0   139.29654270788942
569.0   150.4430239837939
570.0   154.57340353307916
571.0   151.55515724732743
572.0   154.2019763098102
573.0   154.14099382396944
574.0   166.75239936418382
575.0   175.41181365867126
576.0   166.69249617323888
577.0   176.13109428060986
578.0   178.29714881638338
579.0   191.080421735229
580.0   197.69335214410185
581.0   202.47599385510773
582.0   207.38055104376227
583.0   212.20168614996592
584.0   204.2807392730956
585.0   220.36144512368764
586.0   225.0262456489077
587.0   222.7009320286041
588.0   222.67358814750222
589.0   229.46549118529865
590.0   220.93503687405646
591.0   228.03455174861764
592.0   222.83743611789282
593.0   227.9887436684736
594.0   222.00217923039048
595.0   214.08193544553734
596.0   216.6209258254115
597.0   208.1598467622263
598.0   210.68003156315447
599.0   197.19050142855406
600.0   195.11244094028066
601.0   192.87196891732674
602.0   191.73824105256753
603.0   189.80938414310302
604.0   184.61544701192835
605.0   187.2272826744328
606.0   193.35305218631987
607.0   184.9023140166971
608.0   188.05931178798002
609.0   179.46325021075023
610.0   185.80736674483066
611.0   186.84111266139894
612.0   184.12108185570006
613.0   178.81816740294832
614.0   174.4212209174982
615.0   179.0701487625202
616.0   183.46989019780577
617.0   187.69532481313783
618.0   187.47109838461586
619.0   188.40437424314524
620.0   192.6339424925276
621.0   205.13246265823108
622.0   191.79620850631778
623.0   211.6787222325816
624.0   214.96498189893128
625.0   216.30309661892204
626.0   224.26707556046946
627.0   227.63070359599888
628.0   236.25848864805212
629.0   244.49601310682993
630.0   251.85895032887507
631.0   260.2711414935068
632.0   260.2848407787718
633.0   271.13382695992226
634.0   272.5307368215525
635.0   280.9047369382014
636.0   286.3469381332999
637.0   282.500508045464
638.0   292.6851954333066
639.0   293.1988027155767
640.0   297.696518313717
641.0   300.6740245417922
642.0   300.35325909416986
643.0   295.4614697229781
644.0   299.09868649192504
645.0   298.10920491951026
646.0   301.8610141900261
647.0   298.02562530076773
648.0   296.3295838766435
649.0   293.2031884561907
650.0   285.1926953442943
651.0   292.3464175937003
652.0   287.8155617749127
653.0   286.223019640635
654.0   277.22277940235995
655.0   278.3632414295761
656.0   275.8889607847452
657.0   278.95675071699804
658.0   272.7759942924981
659.0   273.51816489620523
660.0   272.52220239850146
661.0   274.8828455663287
662.0   270.8791724977144
663.0   271.56644338183264
664.0   279.0347275991227
665.0   291.24556662260363
666.0   281.5527125696491
667.0   287.290701247718
668.0   282.17348665876807
669.0   286.0620261176136
670.0   295.62230539104786
671.0   301.90224149829294
672.0   302.6454954868781
673.0   303.4838873463376
674.0   309.2425241172858
675.0   318.0716443504113
676.0   320.595197455262
677.0   323.9389102730563
678.0   329.4464514601737
679.0   338.31850848351445
680.0   352.119040495902
681.0   354.02487197294676
682.0   363.24271900758646
683.0   372.25526282027715
684.0   377.48818201975257
685.0   388.1886363256069
686.0   396.05701324416816
687.0   407.3946860391799
688.0   408.5752535214132
689.0   421.5587943021885
690.0   419.46271728955946
691.0   429.0731459945881
692.0   448.06408297392693
693.0   452.82038525219934
694.0   456.94632520186195
695.0   462.27439843284054
696.0   465.86936325393833
697.0   457.0672415642887
698.0   482.09427647407523
699.0   484.19853530667797
700.0   485.0094806864769
701.0   465.9137312210289
702.0   480.1077879824312
703.0   475.0342941594948
704.0   477.6461460006325
705.0   480.160020149245
706.0   479.92352798150375
707.0   480.61167459640524
708.0   468.0557513049421
709.0   469.783072901208
710.0   455.0542996061436
711.0   454.1195874077782
712.0   446.3213119978234
713.0   444.4796395270347
714.0   435.50315869825965
715.0   434.66921471759804
716.0   432.9594885887464
717.0   441.6795664147336
718.0   417.5429212960054
719.0   427.7675178039623
720.0   417.4468539751899
721.0   416.59211694315536
722.0   419.07339779414895
723.0   406.3036167256316
724.0   413.4432792623125
725.0   396.63073743052587
726.0   407.4518709272403
727.0   405.03706651008633
728.0   388.7482945251933
729.0   404.7831785661665
730.0   381.80398006526696
731.0   388.3965766679121
732.0   410.4596902705985
733.0   399.464774446384
734.0   401.53065395443156
735.0   396.62368008431474
736.0   376.9653160629839
737.0   381.8518882323034
738.0   388.34410697908885
739.0   385.2308631670852
740.0   398.33036413271896
741.0   394.353566041906
742.0   404.37497915167825
743.0   389.15336963123184
744.0   392.72046334368906
745.0   391.8811171760976
746.0   394.1476791369586
747.0   400.3767069215054
748.0   398.8103696048506
749.0   392.0085320582001
750.0   407.9328657037818
751.0   406.4501720527684
752.0   419.10732027742904
753.0   427.69747173404494
754.0   436.58668791338005
755.0   456.3202875139681
756.0   462.7173566725727
757.0   474.0228713218159
758.0   493.4671964396177
759.0   499.0026954621068
760.0   514.511797406203
761.0   531.6376788570064
762.0   543.3740460430755
763.0   566.2815872335377
764.0   571.943493247422
765.0   586.4594769631401
766.0   598.0526972259972
767.0   593.9163855901279
768.0   622.8585191514006
769.0   605.4271548042822
770.0   621.068293322985
771.0   616.276741680166
772.0   619.3808607415674
773.0   610.3945691795936
774.0   617.5426733329753
775.0   600.8067854999629
776.0   597.1929541974007
777.0   603.872237226012
778.0   601.0939293790632
779.0   578.639534393923
780.0   584.1103216362948
781.0   561.0142865921318
782.0   562.4455990462922
783.0   551.210315598915
784.0   542.5955771715726
785.0   523.7101902220375
786.0   519.0315569378814
787.0   513.7446577561444
788.0   494.97389182716586
789.0   488.68517061821416
790.0   476.8960342303822
791.0   460.64158313604713
792.0   458.2358085749675
793.0   444.9363424788304
794.0   430.90158857096026
795.0   425.10982025078556
796.0   415.3480878919126
797.0   414.3785522519065
798.0   398.1366755245332
799.0   378.3639075523492
800.0   377.32125363200066
