500.0   128.2326895172199
501.0   134.9441173886331
502.0   133.7559281644917
503.0   127.32360142407325
504.0   133.0429860472998
505.0   128.4310194059925
506.0   119.92853539960555
507.0   119.97353171476195
508.0   112.20362949425424
509.0   113.40181416383044
510.0   104.3196051939137
511.0   105.21602174829658
512.0   105.3606764753639
513.0   102.87696824088226
514.0   101.36354062104732
515.0   95.41838760724309
516.0   102.1211778671977
517.0   102.74233549317668
518.0   100.76756661099827
519.0   102.92298443195281
520.0   95.3925472093357
521.0   94.10740758297197
522.0   101.42914508704621
523.0   101.2983916035715
524.0   101.77144816305884
525.0   101.08286168632145
526.0   110.33558822555304
527.0   111.34244352557107
528.0   116.12260094601575
529.0   121.32979154782674
530.0   123.74140420478787
531.0   133.42035995423555
532.0   134.3717370440645
533.0   140.1060376179877
534.0   143.99889866890533
535.0   145.4123423930818
536.0   158.64530379632728
537.0   161.83907815254187
538.0   163.66686081408164
539.0   170.87524783616155
540.0   172.4939549453684
541.0   173.3868700883076
542.0   170.68813777714763
543.0   175.38258816827607
544.0   171.3563735837005
545.0   163.52332228413445
546.0   155.60361869709277
547.0   156.39650581263336
548.0   154.20330769421903
549.0   148.90302658705463
550.0   144.93902250989646
551.0   134.1485319665248
552.0   140.88005213817723
553.0   130.25983515857544
554.0   135.87291304565147
555.0   128.59115726978132
556.0   125.48833554038762
557.0   114.05521174350127
558.0   128.21139270068142
559.0   122.03940631393792
560.0   118.5916468141628
561.0   120.36658621799816
562.0   109.3684633215396
563.0   113.23699947557623
564.0   125.92878583973229
565.0   122.72151890685748
566.0   130.41747188250508
567.0   126.9172632242352
568.0   129.74757582295913
569.0   139.89220355670236
570.0   143.84019947375828
571.0   141.95205671469222
572.0   143.86819098332873
573.0   144.4769305736853
574.0   155.88308491548628
575.0   165.78341705838946
576.0   156.34815845688072
577.0   165.90495274635114
578.0   167.21698251568486
579.0   180.43453495705543
580.0   183.73101953036056
581.0   186.75638001243613
582.0   193.32980319722853
583.0   198.9465351193107
584.0   194.3692676788042
585.0   209.0535153748013
586.0   210.8228851189468
587.0   208.15787345537882
588.0   209.1191329302279
589.0   214.3878174947034
590.0   207.23786651115316
591.0   213.13136331588262
592.0   206.41198978963644
593.0   209.04868479715236
594.0   208.84811680718133
595.0   198.212229035954
596.0   200.7419555125392
597.0   198.8700629095666
598.0   196.001692182487
599.0   183.97546467905545
600.0   182.77542699177022
601.0   179.04314894871914
602.0   178.31097945937373
603.0   178.45912741958287
604.0   173.5417881529098
605.0   176.89681280943847
606.0   178.34245123895306
607.0   173.0096681300502
608.0   174.60614311596535
609.0   167.1874479516183
610.0   170.7885544940942
611.0   175.52893361752615
612.0   171.5025955136472
613.0   169.92888455934158
614.0   162.48869170260832
615.0   169.71977173116716
616.0   171.6072137696746
617.0   174.80815410674953
618.0   171.23989050496846
619.0   174.12088980542813
620.0   179.40581713740184
621.0   190.18443980047556
622.0   176.41150821544073
623.0   196.00697895461713
624.0   197.07371681837765
625.0   201.09057584202242
626.0   208.34051580012326
627.0   213.12581180543017
628.0   216.11232634096868
629.0   227.31302511945285
630.0   234.50520946950067
631.0   244.35772418911094
632.0   238.83924936478954
633.0   251.19781911788152
634.0   251.91780594542445
635.0   258.34357819087745
636.0   263.59408421920944
637.0   262.1874532234149
638.0   268.613842668268
639.0   267.9294191265408
640.0   272.26122455931056
641.0   274.1659040944207
642.0   277.04464882965453
643.0   271.327547029898
644.0   272.64243298588354
645.0   274.027558880898
646.0   274.51093896899175
647.0   275.0138852807486
648.0   270.39361849748786
649.0   268.1327585909912
650.0   263.24500076014687
651.0   267.33331375876224
652.0   263.81953572914784
653.0   265.1799093867309
654.0   257.03212810030175
655.0   256.7653047743003
656.0   252.66236575627752
657.0   255.2075154912176
658.0   249.18371105800304
659.0   249.9085536056757
660.0   249.89436750774232
661.0   248.5760824549151
662.0   246.1373087390038
663.0   248.54027791456153
664.0   255.0441909977336
665.0   266.39098076834455
666.0   258.603533507817
667.0   260.3918017709435
668.0   257.0953602217411
669.0   257.55980042503256
670.0   271.88811966881667
671.0   274.80072093892943
672.0   276.0421354606646
673.0   278.0008413869749
674.0   282.50478766404933
675.0   290.60549663116916
676.0   292.12813237847297
677.0   295.6881732744125
678.0   304.32031778853826
679.0   310.4328089135721
680.0   322.6497965313454
681.0   325.0491677476667
682.0   331.8752478494992
683.0   341.2798141051909
684.0   348.3387446854167
685.0   353.1994359018702
686.0   363.06755664016043
687.0   375.2662796151326
688.0   371.8944714466305
689.0   387.0881029795398
690.0   384.49366536304046
691.0   389.82967760455654
692.0   410.38596223371417
693.0   414.1376701408145
694.0   418.22632857132163
695.0   419.54100018228036
696.0   423.9096918050217
697.0   415.0811010733664
698.0   438.6449983846431
699.0   441.44959857286335
700.0   439.383860817971
701.0   427.6162628313534
702.0   434.7569299006344
703.0   432.14499226702213
704.0   433.4556944064045
705.0   435.27085102303084
706.0   437.0741678012098
707.0   435.82759930152974
708.0   422.72371098363703
709.0   424.9429020979544
710.0   412.5198783956527
711.0   414.16975968338056
712.0   403.2235395784336
713.0   403.37503157617994
714.0   393.3217339737482
715.0   394.5171473595393
716.0   389.76860382933756
717.0   403.30441259368604
718.0   378.92361082721504
719.0   387.73673719360033
720.0   379.8661392880316
721.0   379.5603197243239
722.0   379.7373952261454
723.0   371.3080430275677
724.0   374.70782704852405
725.0   360.99052058933967
726.0   367.7517173050452
727.0   369.3438756244658
728.0   353.72203989048796
729.0   367.3749652530129
730.0   348.00493913039963
731.0   350.1785279467882
732.0   372.2303253545338
733.0   365.7410542322606
734.0   365.785638842497
735.0   361.1485357819482
736.0   343.72441441248816
737.0   345.22849975527606
738.0   352.1086914167375
739.0   348.7925738302505
740.0   365.0781335745378
741.0   360.696719601321
742.0   368.8237764401758
743.0   356.1079232106814
744.0   361.1166542048303
745.0   359.60327441806265
746.0   359.9497092556702
747.0   366.74633406243356
748.0   364.02306750466596
749.0   358.10558105914834
750.0   371.0833617838455
751.0   372.3189632987668
752.0   384.5635519221553
753.0   389.22543501296354
754.0   393.9924931127607
755.0   408.96958751332784
756.0   415.98237250773434
757.0   423.40026548824625
758.0   439.88687955908387
759.0   443.23461060218483
760.0   459.9651187813655
761.0   473.5625244544493
762.0   483.6167854020305
763.0   503.1360659633462
764.0   507.7172430398532
765.0   517.7228794456414
766.0   526.2214677338146
767.0   525.3785858565328
768.0   542.4228142475125
769.0   536.7244963915673
770.0   550.0247276812449
771.0   543.253033740037
772.0   546.9472751276122
773.0   535.3730970564645
774.0   538.4196900426388
775.0   524.9951336832034
776.0   528.3600237090735
777.0   534.0681748322509
778.0   530.0283600658872
779.0   508.13998191188597
780.0   513.6507784736405
781.0   492.40412700477475
782.0   492.45215772141455
783.0   483.5671649560569
784.0   472.5224245766923
785.0   458.9119610495845
786.0   455.0863667985268
787.0   452.03501946905067
788.0   430.9295232435027
789.0   431.36702591602585
790.0   417.24923744465883
791.0   407.1210201602416
792.0   401.4024479956717
793.0   389.5418301174823
794.0   379.1996935921819
795.0   374.6726198274515
796.0   365.01680952646274
797.0   366.6096470251084
798.0   350.2694393284478
799.0   333.45838967370725
800.0   328.1695872239235
