500.0   122.34936120428853
501.0   129.2020508020768
502.0   129.81857459092578
503.0   120.18549738132461
504.0   126.06991324276913
505.0   123.54338314115964
506.0   115.50503365954677
507.0   115.1976456686049
508.0   106.97755312183966
509.0   104.80250911188065
510.0   98.25410388887317
511.0   99.71662217892057
512.0   100.38002043866959
513.0   98.28014245017954
514.0   96.00848793768745
515.0   91.35913613088738
516.0   98.09405523770388
517.0   98.9022199260049
518.0   94.59047915004871
519.0   98.40969786349538
520.0   90.60971346202558
521.0   90.61764722240173
522.0   96.94460911330799
523.0   96.89370561428566
524.0   95.6213035171258
525.0   98.48814542594624
526.0   104.80681406532418
527.0   105.4323341653548
528.0   110.48292004338012
529.0   113.87963480592816
530.0   115.16891225005472
531.0   124.64521667792985
532.0   126.54018724433615
533.0   129.55250210021725
534.0   137.92172189593907
535.0   136.3836454005884
536.0   151.16463801172975
537.0   152.80049581278823
538.0   154.60163164267243
539.0   161.08587470694962
540.0   161.93869741642027
541.0   162.07401912378265
542.0   159.67745835554712
543.0   168.25556840979385
544.0   162.10432704413338
545.0   153.34565873703468
546.0   144.94137457884858
547.0   146.92107727950216
548.0   144.02724249571085
549.0   141.36304339697722
550.0   136.7994081286604
551.0   125.15142510341755
552.0   130.43864094625997
553.0   120.93815274300019
554.0   127.81822237961941
555.0   120.92112771287964
556.0   118.0165108625591
557.0   108.0117837733693
558.0   121.20004302664995
559.0   114.62615342357097
560.0   111.95650921241554
561.0   112.4670885773779
562.0   104.29855236151303
563.0   107.30487271731926
564.0   119.01477236036843
565.0   116.51778438748127
566.0   122.96104130941154
567.0   119.23246808191996
568.0   121.54688908675311
569.0   130.0692626667147
570.0   134.24139138125906
571.0   132.44221063339552
572.0   133.25990187851036
573.0   134.22837244084252
574.0   144.51081660148907
575.0   154.43460751178955
576.0   146.84084479904195
577.0   154.8488691777416
578.0   156.59814569503865
579.0   168.45357925931032
580.0   174.37453012983283
581.0   175.27506552878083
582.0   179.5164931806485
583.0   184.84805948828685
584.0   181.19259251291743
585.0   194.14085566722162
586.0   196.7968506304085
587.0   194.82818916749216
588.0   195.25178364410348
589.0   201.17291379129674
590.0   194.2836543457723
591.0   200.3973597864472
592.0   193.89253024427336
593.0   196.9427678345558
594.0   195.05877730313574
595.0   187.17839839532695
596.0   185.80373913676485
597.0   184.2471787638415
598.0   182.99050839128742
599.0   172.39064940308646
600.0   174.14399921804713
601.0   168.54595818587245
602.0   168.23239842502298
603.0   166.91386152244675
604.0   163.36873414946618
605.0   162.63610955795878
606.0   166.46191614434252
607.0   160.71326203429945
608.0   164.9624825490241
609.0   157.40975727839265
610.0   159.15662330469084
611.0   162.37815932239135
612.0   161.2969478831496
613.0   156.32641451383168
614.0   152.95961410927498
615.0   157.94306804181377
616.0   160.26259077747673
617.0   164.11430335783436
618.0   162.33926644404
619.0   164.90240033160194
620.0   167.24217482816672
621.0   178.04230074827404
622.0   165.07393165533148
623.0   183.8267835113577
624.0   184.88334843824947
625.0   187.04383644329937
626.0   193.74496224367593
627.0   198.5718792294917
628.0   200.02894174591287
629.0   207.03926535387427
630.0   219.20090833615873
631.0   227.0236990486197
632.0   220.4320972385431
633.0   232.52878080344993
634.0   234.29657642201988
635.0   240.32873636922085
636.0   244.5397776742996
637.0   242.9034849649889
638.0   249.61633910572056
639.0   247.7788678347856
640.0   253.0569049835552
641.0   255.04996421902013
642.0   255.56717142767724
643.0   251.6059363066819
644.0   253.73527670950773
645.0   253.80338952216002
646.0   254.97142179947286
647.0   251.57030539330734
648.0   248.58438277651985
649.0   247.59744962510516
650.0   241.4233732629076
651.0   249.13878662255217
652.0   241.60642001630515
653.0   241.60228101550547
654.0   234.77045787643775
655.0   234.13596419347084
656.0   230.18306015827997
657.0   235.19744511512428
658.0   229.60870659616984
659.0   228.926998713042
660.0   228.24294122350946
661.0   230.53987847553893
662.0   225.9270523511293
663.0   226.62172920902478
664.0   236.5871808352577
665.0   245.1367922681064
666.0   238.5346517686652
667.0   240.21597839496872
668.0   238.53579543558348
669.0   239.12387000388765
670.0   249.97261073631807
671.0   251.78179608101792
672.0   253.54724322286108
673.0   253.92773299443436
674.0   259.4354560612239
675.0   267.63522646677376
676.0   269.0403180506901
677.0   269.3592218085196
678.0   279.75915012826044
679.0   287.37489203330136
680.0   297.7914436770649
681.0   297.68617766203647
682.0   304.72636857529704
683.0   311.9325256336143
684.0   314.7402432101767
685.0   327.92970231335914
686.0   331.0903768538046
687.0   342.801157282993
688.0   341.1865885328091
689.0   355.6546978062544
690.0   351.55674410569407
691.0   362.1203576024403
692.0   375.40337826025973
693.0   378.2352756946193
694.0   380.7727209348654
695.0   383.372693122439
696.0   388.8714734096451
697.0   381.07017864906015
698.0   401.6149728926651
699.0   403.91134436707716
700.0   404.7670301302717
701.0   389.27364703006026
702.0   400.12104655549376
703.0   397.58767617580753
704.0   393.9841297608558
705.0   403.4080795510243
706.0   399.3408584826916
707.0   396.1749507143534
708.0   385.2649914554313
709.0   384.81413884615483
710.0   378.98697151731557
711.0   376.5761225709007
712.0   369.7387452024183
713.0   369.88202643733416
714.0   361.3271729433774
715.0   361.28246839232645
716.0   357.7889170976105
717.0   369.37055513488485
718.0   345.66454576586307
719.0   357.25722049188437
720.0   346.39878525661925
721.0   343.10936207145176
722.0   345.25723323737793
723.0   335.48563311888586
724.0   342.75561795280095
725.0   326.31534588128864
726.0   338.10155190994305
727.0   335.4881053236844
728.0   320.7085576832226
729.0   333.1638353117106
730.0   312.8680478510978
731.0   320.6718930670045
732.0   342.0751355113586
733.0   331.58330098936744
734.0   334.9870930289191
735.0   328.5477968559685
736.0   312.601678237853
737.0   315.44836090249066
738.0   322.10128720090864
739.0   319.23552187741274
740.0   331.81897508967586
741.0   326.71099439001625
742.0   339.09552987967294
743.0   326.3915743654144
744.0   330.5635038555697
745.0   328.90022332316704
746.0   329.7777863015534
747.0   334.5719610215871
748.0   334.00991074638114
749.0   329.70306462454755
750.0   339.2239807382032
751.0   339.46040990195354
752.0   347.62103582909583
753.0   353.2226735984674
754.0   356.56697328930477
755.0   369.90530485610645
756.0   376.35570121494345
757.0   381.3014376451477
758.0   397.72787274203216
759.0   398.20418759806887
760.0   411.43225572526933
761.0   421.0218731219444
762.0   430.21789541494445
763.0   447.6662213482593
764.0   450.70259963477884
765.0   458.63853550047224
766.0   467.22471975913413
767.0   465.09049309125123
768.0   484.0331412098692
769.0   471.2916675809529
770.0   485.82102188398136
771.0   479.3112648478615
772.0   483.4572985652278
773.0   475.33747430825616
774.0   478.5099630550824
775.0   464.83724997959325
776.0   468.3656024429447
777.0   471.7176978532372
778.0   464.51774484147114
779.0   448.7354324395939
780.0   452.67012538315635
781.0   434.9032002782768
782.0   433.6209908585711
783.0   429.6929369541424
784.0   417.3752906239689
785.0   404.2191200155507
786.0   399.94100789677384
787.0   397.1869886309297
788.0   378.87058875818695
789.0   379.2720798036443
790.0   368.4085957985621
791.0   355.534193482725
792.0   351.3082836162096
793.0   341.05823818746205
794.0   329.89670941279303
795.0   330.9879655998932
796.0   317.9408672325791
797.0   319.850198895077
798.0   303.81559353098993
799.0   289.37334480343594
800.0   286.22348559383187
