500.0   117.4790440624364
501.0   118.96500024239671
502.0   119.77346553836145
503.0   113.39755526991681
504.0   118.11286589017732
505.0   115.4665907881068
506.0   107.76259887300932
507.0   106.60721475389559
508.0   100.16136281835315
509.0   99.0644679121842
510.0   94.9491224983822
511.0   92.9065114847775
512.0   95.96838286807622
513.0   91.24991795181091
514.0   90.89807228038939
515.0   85.12151344655851
516.0   91.6078665511524
517.0   92.2307324973921
518.0   89.26185547720533
519.0   91.69835321886947
520.0   85.58302773204451
521.0   83.96617239802367
522.0   89.37919609864463
523.0   90.01653184537847
524.0   87.93485323462659
525.0   89.53110885553849
526.0   96.55430470693923
527.0   95.79202910646808
528.0   102.5744716300351
529.0   106.69154844220111
530.0   108.68863509047955
531.0   116.24665422423675
532.0   117.91138553588593
533.0   121.14469520846771
534.0   125.13626918380282
535.0   125.35187173515598
536.0   138.07265471195083
537.0   141.91533204911124
538.0   140.9289522949336
539.0   147.8137151563458
540.0   149.5639225826725
541.0   149.31126447533052
542.0   149.2006513588409
543.0   154.9466717521576
544.0   151.19016986284046
545.0   143.68233855962677
546.0   134.78063383916447
547.0   136.97328427893112
548.0   132.8907759734105
549.0   130.05550971601178
550.0   124.727662059441
551.0   117.57401888691098
552.0   121.24258428511286
553.0   112.2895494306351
554.0   119.01769524034992
555.0   112.36132060821035
556.0   109.38136351505395
557.0   99.05049808700375
558.0   112.5346990927892
559.0   104.64588593439251
560.0   103.2529876464788
561.0   103.28614673343756
562.0   93.8114032442574
563.0   96.54582215707768
564.0   108.0221782466746
565.0   109.06737242340685
566.0   113.51100931655344
567.0   108.91943590473326
568.0   113.89619287603242
569.0   120.76093182865756
570.0   124.42719939375257
571.0   121.79807769107964
572.0   122.94203399533214
573.0   123.29055858974158
574.0   133.46850087478572
575.0   141.38764066568004
576.0   134.34321118657775
577.0   141.51294282223725
578.0   143.78541609450818
579.0   153.272293641213
580.0   158.78473999999025
581.0   161.75566822468892
582.0   166.35347646247342
583.0   171.40332471932888
584.0   162.8291670146246
585.0   177.24290072597074
586.0   179.77081201322758
587.0   178.4831931067278
588.0   178.9156513956316
589.0   184.97590039149267
590.0   177.28023281082508
591.0   181.4072645247746
592.0   177.2996561382093
593.0   179.3184250944547
594.0   179.80604809880657
595.0   170.7033981811781
596.0   171.0634437960616
597.0   169.34373791422516
598.0   167.08558324640697
599.0   155.64582062253686
600.0   155.74210489027715
601.0   153.7593381678371
602.0   152.52520585938382
603.0   152.68022060096453
604.0   148.77518793882635
605.0   149.68736832227785
606.0   152.20684020074424
607.0   145.5242601180781
608.0   147.8961375129418
609.0   142.4558635632988
610.0   146.3355453210194
611.0   150.93763486591456
612.0   148.35807379742542
613.0   143.68997364968246
614.0   141.85051648771605
615.0   143.81376195059903
616.0   147.83396766513172
617.0   149.74660909032067
618.0   149.4557841427495
619.0   148.7827960550399
620.0   154.9563815458819
621.0   164.67220749535824
622.0   151.45519331703275
623.0   167.903398301898
624.0   167.32229846689955
625.0   171.9730883772625
626.0   177.1026448570764
627.0   177.3205206599774
628.0   182.33793785022036
629.0   192.82156558923606
630.0   197.3491989347592
631.0   202.72894065237543
632.0   201.38989313004382
633.0   210.24969426972103
634.0   212.87970579082605
635.0   215.66178811524173
636.0   221.223900755657
637.0   221.0004720720086
638.0   222.36106612681323
639.0   224.06066879052057
640.0   228.68141705090252
641.0   230.07587647805047
642.0   231.4546640303281
643.0   226.00145832544698
644.0   228.23284250635146
645.0   227.37921872845308
646.0   227.88151807771612
647.0   227.7479720214147
648.0   225.14081600780636
649.0   223.71719885514037
650.0   217.29619314139723
651.0   225.32004796047994
652.0   221.04853555841783
653.0   217.49049567670386
654.0   210.3560102662358
655.0   210.6485624094878
656.0   207.21850415259726
657.0   210.51697843937515
658.0   206.1265526039989
659.0   204.97629905249175
660.0   204.8772455767619
661.0   206.78315048753345
662.0   204.5236731243785
663.0   204.67893303130958
664.0   211.09035749969985
665.0   221.49176864963133
666.0   212.85721936446876
667.0   218.48316860849803
668.0   212.79665075485244
669.0   213.89782182967434
670.0   223.85655729818728
671.0   227.3004383483474
672.0   228.50881983692278
673.0   230.22662954035954
674.0   232.35731951375584
675.0   238.61950800007162
676.0   241.71318432647573
677.0   241.93112965267065
678.0   247.77079668013715
679.0   256.12981833662116
680.0   264.02244366436366
681.0   266.48953568401345
682.0   273.97705564330187
683.0   278.083314760076
684.0   284.04090620719467
685.0   290.6553125073461
686.0   298.02463708021185
687.0   310.83053010360504
688.0   308.8159233023147
689.0   320.033063571925
690.0   318.0848257201078
691.0   322.5236322496801
692.0   338.2521400411299
693.0   339.56275455301557
694.0   342.978103151193
695.0   344.4134766614349
696.0   349.7755914317278
697.0   339.49082129708324
698.0   361.2944862465959
699.0   361.4224054984512
700.0   362.34085583002866
701.0   347.0219642547563
702.0   358.78702365362676
703.0   356.4831022735098
704.0   354.6367884407491
705.0   360.663136557373
706.0   356.38497270445396
707.0   356.27343548694375
708.0   346.3589625459433
709.0   347.77733044130514
710.0   341.09745548027917
711.0   338.73421358995097
712.0   329.63034990601466
713.0   330.12557069771276
714.0   323.6479326570891
715.0   322.7906782279515
716.0   319.70589801381965
717.0   331.6800460560171
718.0   308.60359285577675
719.0   316.88572509166863
720.0   311.44514706588575
721.0   308.8013566736787
722.0   309.27535643878684
723.0   299.06422956184304
724.0   306.54099824885736
725.0   292.49255947714323
726.0   303.632272140237
727.0   300.3896736752056
728.0   286.8490336413056
729.0   299.384966003696
730.0   285.89315591995404
731.0   285.6235108384685
732.0   305.96903664067156
733.0   295.7906076454716
734.0   299.4791885119109
735.0   295.603299299572
736.0   282.5178318316622
737.0   283.2530225332375
738.0   290.3824798682572
739.0   289.3508939791154
740.0   295.96104885335274
741.0   294.68828244970416
742.0   301.29557885495484
743.0   291.6699639329951
744.0   295.80624534132625
745.0   296.96593790895975
746.0   296.4534325556018
747.0   301.25073512533106
748.0   300.3156920985109
749.0   296.1733862113925
750.0   309.80267522256815
751.0   307.743840881708
752.0   313.25149059463155
753.0   317.01867087765515
754.0   320.35361953548494
755.0   332.8261686292665
756.0   335.6091114215468
757.0   339.56752775280273
758.0   352.9979141344981
759.0   352.02401471617804
760.0   361.5562349597087
761.0   369.96778071794733
762.0   379.5953096950807
763.0   391.78457449755064
764.0   392.3657070029749
765.0   399.44285627239196
766.0   407.08545185796004
767.0   408.09992533473746
768.0   422.3111464352412
769.0   412.8667997360701
770.0   423.6606839786411
771.0   415.6884548008327
772.0   420.82422570726874
773.0   410.26204080752103
774.0   414.68466692448715
775.0   401.80519500195123
776.0   402.570908757456
777.0   407.5946608686466
778.0   403.9430173698516
779.0   387.4264425479635
780.0   393.19841820202976
781.0   375.4137864627554
782.0   375.61919761594186
783.0   370.50831209166404
784.0   359.8043641266687
785.0   347.2628009493324
786.0   343.99853727677964
787.0   341.3457593763469
788.0   327.02598770375016
789.0   323.9231925365408
790.0   314.4075055141231
791.0   307.0729304302127
792.0   301.73605562171093
793.0   291.7537470103963
794.0   284.9834026926647
795.0   280.8337312095001
796.0   272.51676121081266
797.0   270.26967217059894
798.0   257.7413918221338
799.0   245.58669759002515
800.0   241.93448551993077
