500.0   110.72010753106758
501.0   115.80955946251524
502.0   114.36473351847741
503.0   106.40128196774592
504.0   113.22754659504824
505.0   107.33874371561282
506.0   102.26170053306635
507.0   100.18261655828516
508.0   95.97112864951583
509.0   94.37823101319302
510.0   86.72794626348932
511.0   88.42840630425641
512.0   88.4782340946972
513.0   87.1861114099541
514.0   86.05644230810015
515.0   81.04129277921075
516.0   86.10218456174951
517.0   86.67944746984861
518.0   83.9511114913125
519.0   85.78337679246638
520.0   80.74189699377035
521.0   79.45919419168285
522.0   83.09227856982994
523.0   83.73865187037396
524.0   81.97523365060073
525.0   84.0793096623994
526.0   88.66840093471271
527.0   91.24454984973858
528.0   95.81827596582494
529.0   99.29159345671547
530.0   100.97330598963228
531.0   108.36974644325312
532.0   109.66891105025604
533.0   113.44953084313553
534.0   114.87483465990181
535.0   118.0937002392823
536.0   130.6720484937047
537.0   134.235881645763
538.0   133.8698354772668
539.0   139.57056838427334
540.0   139.14907437965837
541.0   142.2563264176802
542.0   137.93264632100107
543.0   143.50862929255874
544.0   139.12114933909348
545.0   133.62879952888176
546.0   125.44159966260162
547.0   127.48758140076174
548.0   124.56548205990825
549.0   119.89996795615855
550.0   116.17777658329663
551.0   108.43264448112686
552.0   113.6311213313013
553.0   104.15132039462881
554.0   109.08075961923319
555.0   103.41869414233486
556.0   101.31470228775274
557.0   90.16774236179532
558.0   105.30076604759023
559.0   99.42199528473108
560.0   95.60817239420123
561.0   98.48780673466737
562.0   86.62569805861438
563.0   91.08884656366416
564.0   100.35615014943957
565.0   101.34598886557652
566.0   105.80565509155844
567.0   102.8544784302085
568.0   105.64557948324202
569.0   112.12802283867202
570.0   115.03486358744715
571.0   112.67450992602664
572.0   116.01199657103231
573.0   116.13165456945148
574.0   123.9231551334691
575.0   133.1976861456005
576.0   124.0963987115679
577.0   132.6169542523073
578.0   132.18050098686464
579.0   144.42377398837206
580.0   150.54871684177826
581.0   149.45848938865817
582.0   153.16572595599033
583.0   157.2683527829266
584.0   152.0150399971737
585.0   166.3458701636177
586.0   168.1678237248141
587.0   166.78906776190053
588.0   165.62603272999152
589.0   170.2113497933005
590.0   163.8237982210239
591.0   171.40784649942256
592.0   164.04024721104582
593.0   168.94175684160496
594.0   165.6885265679798
595.0   159.070999050892
596.0   161.09580858356165
597.0   156.90539528500292
598.0   154.8095051233827
599.0   144.08243712588728
600.0   145.87440780417856
601.0   141.23840657665
602.0   141.20058489164413
603.0   140.98329500988208
604.0   136.8169502188371
605.0   137.5045004017274
606.0   140.06407849320902
607.0   134.32525133286944
608.0   138.5074776406233
609.0   132.52617662264709
610.0   137.9926037723193
611.0   140.9990818344251
612.0   135.53545228178152
613.0   134.00865105711884
614.0   128.5078733782513
615.0   134.21158660987334
616.0   137.35536055917922
617.0   138.07006757171635
618.0   140.1568941336493
619.0   139.6805859384678
620.0   143.71364138281345
621.0   150.5333611911862
622.0   137.41807417345854
623.0   154.50439510636738
624.0   154.62867520822334
625.0   158.16023432229042
626.0   164.2404567140002
627.0   165.3184238115322
628.0   167.11737000295162
629.0   178.20322366247967
630.0   179.9884325993888
631.0   187.22758958293562
632.0   182.8287015278345
633.0   194.28754478893853
634.0   190.2197859084098
635.0   199.87584972892864
636.0   203.75399482101463
637.0   199.14905847797266
638.0   207.07047238426043
639.0   207.23879723185
640.0   209.0912712121344
641.0   209.55891609440482
642.0   212.9613799777104
643.0   207.99458294404909
644.0   209.2528416914845
645.0   209.69006924397516
646.0   210.14651742090973
647.0   210.76856257257916
648.0   207.74427910111135
649.0   203.24040610023096
650.0   198.1485207946315
651.0   205.33514569801815
652.0   200.9482432636206
653.0   200.61554767933603
654.0   192.30374125666307
655.0   193.05749819647224
656.0   189.89107203179864
657.0   191.909733323832
658.0   187.3198523360332
659.0   189.03823415378594
660.0   184.5750118285765
661.0   189.68288167925724
662.0   184.65801618909887
663.0   186.50709197434125
664.0   193.25112114714676
665.0   203.1541221967005
666.0   194.4409685324525
667.0   196.00037368549528
668.0   195.0123063004199
669.0   193.15536950764238
670.0   204.6135175309774
671.0   206.5594558055267
672.0   208.8276951356276
673.0   208.6857563929543
674.0   214.142458227641
675.0   221.52246192655338
676.0   221.1085768811499
677.0   223.51972479552515
678.0   227.14628581817033
679.0   232.87072407919334
680.0   241.45852957335862
681.0   242.25995852980782
682.0   250.552414527015
683.0   253.36298781375274
684.0   262.08984697844073
685.0   265.092942696101
686.0   271.78700874515033
687.0   283.82215247256676
688.0   280.0716212281026
689.0   292.00144314090005
690.0   288.0928021390474
691.0   295.9581570591855
692.0   309.4998143153815
693.0   307.30876604432103
694.0   310.00033407971154
695.0   315.82688986001597
696.0   315.0071738160756
697.0   310.1850880108037
698.0   330.5764170632727
699.0   330.97669845145606
700.0   330.0871053340451
701.0   318.05057461122897
702.0   327.20847701683897
703.0   325.72985156387415
704.0   323.19438850158576
705.0   328.6642242846862
706.0   325.98395828516993
707.0   325.49708332951593
708.0   315.3424219165123
709.0   316.06100892057964
710.0   306.93423874042105
711.0   307.8153228215843
712.0   302.4709753804318
713.0   299.3988560338545
714.0   291.49315364523056
715.0   291.9182312982234
716.0   292.11813903413184
717.0   302.3719961584176
718.0   280.35918766339006
719.0   290.5749926338898
720.0   284.9599057271149
721.0   280.32145976226815
722.0   280.4974701096105
723.0   273.69439494406936
724.0   278.6486355532945
725.0   266.9480831454124
726.0   274.9827721873356
727.0   273.49110818381655
728.0   262.6338052498416
729.0   273.1877130785814
730.0   259.14542523927787
731.0   261.7008495090232
732.0   280.4470367620257
733.0   270.3067546524469
734.0   273.8849717495369
735.0   272.9874553288587
736.0   255.8810951764067
737.0   259.2088570940866
738.0   263.50017084641917
739.0   261.0265398116907
740.0   270.0845754945059
741.0   270.4061330355696
742.0   277.4779841850025
743.0   264.3340432551503
744.0   269.4272532274927
745.0   273.4369818407498
746.0   270.42235579487465
747.0   276.78707208226785
748.0   278.22998418808015
749.0   272.1808890405963
750.0   282.8620241783121
751.0   281.0251037447123
752.0   286.4066681612737
753.0   291.5923372446332
754.0   292.5434895851177
755.0   301.13186850885086
756.0   305.8947256349442
757.0   308.31268233887056
758.0   318.58512781003503
759.0   318.7276105213522
760.0   325.18000885501476
761.0   333.9158228540696
762.0   338.51269530333343
763.0   348.6307170581286
764.0   350.8942242358836
765.0   357.6302226884185
766.0   363.7247080244633
767.0   360.2847671471161
768.0   374.5927362172289
769.0   367.22998930973506
770.0   375.24646057668923
771.0   367.96195339558335
772.0   371.9365195015034
773.0   363.09545937506044
774.0   366.59757789356433
775.0   356.65274325969074
776.0   354.5603042669443
777.0   359.27294142367947
778.0   356.06635864550714
779.0   339.8110682236183
780.0   343.73321410442793
781.0   331.5355576395193
782.0   328.00561596066166
783.0   323.8966049414262
784.0   318.0389631461495
785.0   301.08540703885484
786.0   302.42390136732183
787.0   301.02132676919075
788.0   285.7216364512208
789.0   282.78574412261804
790.0   274.97686166666506
791.0   265.3991489048243
792.0   264.86729822483943
793.0   254.09872462987497
794.0   246.54936127313954
795.0   243.6242225400715
796.0   234.3854852825993
797.0   235.06920513297078
798.0   224.98843309829493
799.0   211.21034372806753
800.0   207.95524711690632
