500.0   109.90582077615937
501.0   111.17608958336123
502.0   110.20797547496556
503.0   105.17707537166902
504.0   111.29550964068892
505.0   106.80864881254766
506.0   101.07151266011982
507.0   99.65871159425032
508.0   93.66567653120148
509.0   90.94963008329782
510.0   84.31133425971998
511.0   85.2743711317535
512.0   87.09519666188078
513.0   83.02112606344161
514.0   84.50975187298963
515.0   78.60511526444444
516.0   84.83307492244339
517.0   85.1439925131937
518.0   80.16032008282914
519.0   83.97100407840642
520.0   77.55913568155859
521.0   75.4652053946889
522.0   81.58909888612419
523.0   79.59674634185873
524.0   80.80628684612924
525.0   81.30601776577794
526.0   86.90452872043309
527.0   86.82972228199009
528.0   93.68288294238792
529.0   96.60740107359993
530.0   97.09948033844566
531.0   106.15918897009493
532.0   104.02222364310194
533.0   108.70563292241636
534.0   113.06171812244014
535.0   113.368961053275
536.0   126.0662005051586
537.0   127.16641209130793
538.0   129.14418166430926
539.0   133.15118952891393
540.0   134.25021702279616
541.0   134.99382565427658
542.0   133.046186489737
543.0   137.2193751515689
544.0   134.08365744585038
545.0   129.4632033407313
546.0   120.4977576492658
547.0   119.59944324534482
548.0   120.44763675207142
549.0   118.1526326771463
550.0   111.63208712535231
551.0   102.87754385843655
552.0   107.56352822911197
553.0   99.5641428399608
554.0   105.04410624763025
555.0   99.5957602721125
556.0   97.32262654480806
557.0   84.47673251782993
558.0   98.20946115835301
559.0   91.49573748633989
560.0   91.06668219237247
561.0   93.1424991891229
562.0   81.73774309547719
563.0   85.8550902281803
564.0   95.19923498139369
565.0   95.39180963644966
566.0   100.46747459438768
567.0   97.24812042215902
568.0   100.94464221764636
569.0   107.7925684710419
570.0   109.71584855196431
571.0   107.20789788177143
572.0   111.1643692753249
573.0   108.54691831981961
574.0   119.23090870025584
575.0   127.71755169930262
576.0   118.05116237264698
577.0   126.37460221798878
578.0   128.12529043072013
579.0   136.38182394067294
580.0   140.25925747600664
581.0   143.38289796966052
582.0   148.04792518987054
583.0   151.48789258208396
584.0   144.10176809546493
585.0   158.05415819257348
586.0   158.7555171774563
587.0   157.30820947376458
588.0   158.82870990483715
589.0   162.28803891238422
590.0   155.04986816598839
591.0   160.6061507058561
592.0   154.53290542344433
593.0   157.8434600743252
594.0   156.30983633978354
595.0   151.25011399871534
596.0   151.03969330733437
597.0   149.59027549815235
598.0   147.25516045579187
599.0   135.10314076094375
600.0   136.54814040701157
601.0   133.46775715641536
602.0   133.02054814855492
603.0   133.75073695026194
604.0   130.45339766035173
605.0   130.09134792054613
606.0   133.8679642852755
607.0   127.89134186065408
608.0   131.02541662996114
609.0   126.13408325762606
610.0   129.7613411689812
611.0   131.92247525614238
612.0   128.79951831795503
613.0   125.43311749092877
614.0   122.88881280916644
615.0   127.60831288526902
616.0   129.96575401662378
617.0   131.8473929961461
618.0   132.53046295076058
619.0   132.58363802968586
620.0   136.79885852034138
621.0   142.97970053040115
622.0   130.41004034910355
623.0   145.78046085346284
624.0   146.49617288768042
625.0   148.3730914967906
626.0   154.7021735570497
627.0   154.47671551191078
628.0   156.84029734500902
629.0   164.17550987123553
630.0   171.85411731737062
631.0   177.53378201300282
632.0   171.23784983765856
633.0   180.89272911970716
634.0   180.6211393532211
635.0   186.1890212133212
636.0   190.25954587850597
637.0   186.37638139314456
638.0   191.77748790746767
639.0   190.35598051228217
640.0   193.83861551297466
641.0   198.9299098817691
642.0   196.39885536808828
643.0   191.97869791350055
644.0   194.6518940006921
645.0   194.16827004022852
646.0   195.35745014655265
647.0   194.32296541785777
648.0   192.75475753843247
649.0   188.67471918071865
650.0   183.16919384610986
651.0   191.0249962270733
652.0   186.1569758748571
653.0   184.6429296083807
654.0   177.7595134004042
655.0   177.9947199889786
656.0   176.45883211597683
657.0   178.77136155608352
658.0   174.18590594892532
659.0   173.16251209301123
660.0   174.86756106357214
661.0   175.72163671053087
662.0   171.44472610195567
663.0   173.16871924528252
664.0   179.89596167013815
665.0   189.6458799986988
666.0   180.74793575659064
667.0   181.83593740475874
668.0   182.19223722509943
669.0   179.1224849588521
670.0   187.73489361195954
671.0   191.25484147442015
672.0   191.72425379999333
673.0   192.8341898880261
674.0   199.17263837589815
675.0   202.88236567185862
676.0   206.35093554540262
677.0   204.4580781488784
678.0   210.05759022594026
679.0   215.1347104089536
680.0   225.74956601704534
681.0   224.18501654623816
682.0   233.17321791063722
683.0   238.17160438653997
684.0   240.38932371377032
685.0   243.37247511934163
686.0   250.97286577698532
687.0   262.8660878526382
688.0   258.3412343409217
689.0   267.7278240417626
690.0   264.07977470608364
691.0   272.6649172298355
692.0   282.7767896031562
693.0   286.7603595806487
694.0   288.15459527488173
695.0   287.1474032714956
696.0   292.91387253368634
697.0   288.4878223257815
698.0   302.24551808545556
699.0   306.7751089855981
700.0   306.9807339987018
701.0   290.80151397384964
702.0   299.8567873460486
703.0   300.4730245605005
704.0   298.8277029511594
705.0   299.65567562014314
706.0   300.78611889831177
707.0   299.47936422012253
708.0   288.41799483750094
709.0   291.3234778232602
710.0   284.06020652239226
711.0   284.5798938598337
712.0   275.7243169091787
713.0   277.6955661639987
714.0   269.62429975182476
715.0   268.65519514510527
716.0   266.7765757199689
717.0   276.77170908157336
718.0   256.4312535306464
719.0   268.73536582864926
720.0   258.5953765086891
721.0   258.4753143607269
722.0   260.4889665088273
723.0   249.8646364743801
724.0   256.44921646049244
725.0   243.29371616335143
726.0   255.12392821162453
727.0   249.98822134499656
728.0   240.87378986591676
729.0   250.34627314547856
730.0   238.55108291112379
731.0   239.71405586508237
732.0   257.0128424214221
733.0   248.38504811121985
734.0   252.05109698706173
735.0   248.23718199100531
736.0   233.11758299996552
737.0   238.1345866149243
738.0   241.04177601376898
739.0   241.74389925199466
740.0   246.96745635905987
741.0   248.61354433775338
742.0   256.64356560258125
743.0   242.33016252771344
744.0   246.78130609146615
745.0   249.39926254382516
746.0   251.8287156544159
747.0   252.90881012580607
748.0   256.976203332644
749.0   253.14544602737755
750.0   261.93260531722734
751.0   259.5382983221398
752.0   270.2606851145399
753.0   267.64304954421027
754.0   269.2311535804925
755.0   278.14245215132166
756.0   278.840026736965
757.0   279.6740706425317
758.0   290.35867682016993
759.0   290.36687824928197
760.0   294.5218116245311
761.0   299.62504188428
762.0   304.2543733199234
763.0   313.037688325499
764.0   313.7227495013825
765.0   321.5648696695655
766.0   325.08841640909634
767.0   320.41695581931276
768.0   330.43201654331904
769.0   322.68725521037345
770.0   330.6975567003238
771.0   326.6835282956057
772.0   330.5512144440373
773.0   320.29294765700007
774.0   321.0635345070144
775.0   314.58216581489694
776.0   311.97026943775813
777.0   317.6746587375156
778.0   313.50787666305024
779.0   299.71492273649557
780.0   305.0074732633218
781.0   288.3240417221724
782.0   287.315823031485
783.0   285.6624697571797
784.0   280.0767147610719
785.0   267.40847545160887
786.0   264.3622338228502
787.0   263.01920698964284
788.0   250.374177725199
789.0   249.53018853699177
790.0   239.56293696441463
791.0   232.6441806758864
792.0   231.16378601499167
793.0   222.01002275623821
794.0   217.837668682019
795.0   213.43407957890585
796.0   204.76140134665422
797.0   204.80129398879657
798.0   199.003097035589
799.0   185.24787727052473
800.0   181.89855117216052
