500.0   104.3723015488938
501.0   107.13575774623544
502.0   108.14854549554104
503.0   101.27468279579713
504.0   106.2766463478319
505.0   99.69247935086318
506.0   96.80340904015031
507.0   93.89782018068726
508.0   89.77047486103197
509.0   88.61439945712809
510.0   81.4111899425931
511.0   82.41385813433064
512.0   82.98701227951165
513.0   82.3596296822252
514.0   82.22264540324454
515.0   75.17925981428951
516.0   81.49717404166657
517.0   82.00205538836198
518.0   77.83300268005544
519.0   81.66796974362686
520.0   75.93437079036352
521.0   72.84358418922238
522.0   79.64405721925408
523.0   76.61209070529432
524.0   75.13041849913878
525.0   76.06890024576217
526.0   85.85226408292598
527.0   83.78165144910668
528.0   87.92260502379085
529.0   91.49611798012307
530.0   92.89751352752089
531.0   99.39334927043535
532.0   101.09501119443178
533.0   104.70846675470139
534.0   109.44358151286349
535.0   109.12598500882856
536.0   119.65204367690163
537.0   123.84367810114932
538.0   122.88755984416326
539.0   127.75887511828111
540.0   130.49747786094315
541.0   130.5281976187198
542.0   128.29508292589622
543.0   134.26478708656242
544.0   128.75954855158548
545.0   124.27090521288
546.0   114.0024088559532
547.0   116.14504982645306
548.0   117.02701872573007
549.0   110.96798492409584
550.0   106.88027664708125
551.0   99.99770912383056
552.0   101.49923487488854
553.0   96.1870983721773
554.0   101.04261345381772
555.0   93.17756101124303
556.0   94.16359435133066
557.0   82.56382204922943
558.0   94.0958704091475
559.0   90.68004466764026
560.0   88.16264402398514
561.0   89.35325283218984
562.0   79.37381984148425
563.0   82.41146588509429
564.0   92.80504416902042
565.0   92.51187470906532
566.0   95.39249908770603
567.0   92.86128935704701
568.0   96.04710136435929
569.0   103.39420993050086
570.0   106.52500301418394
571.0   101.6118284573995
572.0   104.82443945382832
573.0   104.66419155212401
574.0   113.31229987638108
575.0   121.42001214854739
576.0   113.14322250654456
577.0   120.72747019968605
578.0   120.1976990973383
579.0   131.5291727816021
580.0   136.36814354718015
581.0   136.33061923541334
582.0   140.9072865351018
583.0   144.9733349147958
584.0   138.07933700691467
585.0   152.49534067451822
586.0   153.7375051372987
587.0   150.26535022562257
588.0   149.67981768686926
589.0   154.33750922548248
590.0   148.40837102955666
591.0   154.0706377895896
592.0   150.05287897843056
593.0   153.06579722307845
594.0   150.96342326912304
595.0   143.57175537991554
596.0   145.7861742733186
597.0   142.10268179001335
598.0   141.02321834324837
599.0   131.53318585837673
600.0   130.89434893402668
601.0   130.82627968376187
602.0   128.3797731825127
603.0   129.10602764740392
604.0   126.26344480301961
605.0   126.48754950243438
606.0   128.93007718177404
607.0   123.83428502593884
608.0   124.20311014009386
609.0   121.07565035573361
610.0   123.93600120061356
611.0   128.428012919443
612.0   124.67383309915331
613.0   120.713297996546
614.0   117.67701021047674
615.0   123.21701712397345
616.0   125.2287699505001
617.0   127.47181282431146
618.0   124.95979072054115
619.0   128.95112301499427
620.0   131.68298287904125
621.0   137.3208499647409
622.0   125.37023518744502
623.0   139.70981597787613
624.0   140.82779382561574
625.0   142.38707718757263
626.0   148.10837155838985
627.0   149.12951157564308
628.0   151.27337065819356
629.0   159.05438387586702
630.0   162.20713638695034
631.0   168.1541819835618
632.0   162.99288333992976
633.0   175.20595209432474
634.0   172.64988880891582
635.0   179.14117637361812
636.0   179.9377023570929
637.0   177.3634736043634
638.0   183.72694852830335
639.0   181.27122516546675
640.0   184.05702844683904
641.0   187.13485488365268
642.0   186.51025131713487
643.0   181.68138859819467
644.0   186.54764589802994
645.0   183.9851694169889
646.0   186.06970356473056
647.0   185.77612016566357
648.0   183.79576217537422
649.0   180.88329287221856
650.0   174.78429049034355
651.0   184.50522197630937
652.0   178.55059278816947
653.0   178.56658636314722
654.0   172.93239453249706
655.0   169.83932844128321
656.0   166.2170541648949
657.0   170.4546487435616
658.0   165.29459397808859
659.0   165.35734958511313
660.0   165.67417434734196
661.0   167.7984363388746
662.0   163.71495508597206
663.0   164.11374447608821
664.0   170.53303815749524
665.0   177.58916516569386
666.0   169.8338949293786
667.0   172.8586261419419
668.0   172.10722583217554
669.0   173.89512855171887
670.0   179.45535929494918
671.0   182.41860867181933
672.0   181.9578437287371
673.0   182.87455394671045
674.0   188.6861262528367
675.0   193.8367776865224
676.0   193.71232641462527
677.0   192.81890127625215
678.0   201.80738378770576
679.0   207.7567701731317
680.0   214.51509619514545
681.0   213.93171786855737
682.0   219.20388315109238
683.0   224.13854228224795
684.0   228.38681458804322
685.0   236.27005414847167
686.0   236.74655961871917
687.0   250.81970986370038
688.0   245.6958095068163
689.0   256.4556265422649
690.0   250.82469615835478
691.0   257.0901133982154
692.0   269.60437192718405
693.0   270.0479020612013
694.0   272.9093531524321
695.0   275.5858103046496
696.0   278.97952174313787
697.0   273.51072066809513
698.0   289.68556676211097
699.0   292.67788075289457
700.0   290.6985446100033
701.0   276.1887053716823
702.0   281.8871716084236
703.0   284.08622575193715
704.0   283.31454626403786
705.0   287.1802591346661
706.0   285.28948629682725
707.0   285.3389366926264
708.0   277.0631272178448
709.0   278.5838399136808
710.0   267.8988763671296
711.0   268.5244799671757
712.0   262.4280714942213
713.0   263.3940838330283
714.0   255.7699091701506
715.0   257.57975439578854
716.0   254.6231284537866
717.0   264.0088286566877
718.0   245.25477700654847
719.0   253.53888136919122
720.0   248.85522139554868
721.0   245.4351795120952
722.0   248.00127360823433
723.0   236.45081547055216
724.0   243.06495028523716
725.0   233.4251312670734
726.0   240.10655230959205
727.0   239.1393711014638
728.0   227.2788605360987
729.0   239.60823455117986
730.0   223.59102228352288
731.0   227.28641415079946
732.0   244.6721791318783
733.0   235.54538903435915
734.0   239.2874276208221
735.0   234.2997552908507
736.0   224.44953958252518
737.0   225.93890833532376
738.0   227.036405381787
739.0   227.39471746700394
740.0   236.13032436713118
741.0   234.77476027838836
742.0   240.52354386814943
743.0   229.85294171698692
744.0   235.2806737044432
745.0   239.28706218616043
746.0   237.78432857659308
747.0   242.21261659972473
748.0   245.86985834696017
749.0   240.10842281143556
750.0   250.55861591837066
751.0   247.80819769619185
752.0   254.01476832092203
753.0   253.3167058131659
754.0   251.89343574911447
755.0   260.7919008246049
756.0   263.09015998758736
757.0   265.0069572406557
758.0   274.05146251725466
759.0   270.615268149567
760.0   277.78522099724944
761.0   279.61298233425265
762.0   285.1210173574691
763.0   293.1448583978036
764.0   293.0716193313282
765.0   292.81686010570854
766.0   300.99729035008113
767.0   298.09476322648834
768.0   304.91275616551377
769.0   298.6376062272707
770.0   305.3867393565949
771.0   299.70681362329447
772.0   299.9835182514492
773.0   296.71386575972775
774.0   295.88949445291644
775.0   288.3465069065344
776.0   286.34876094984133
777.0   291.3955878069457
778.0   285.9661295245452
779.0   274.85005394641695
780.0   276.08897562496884
781.0   263.0322181755539
782.0   265.5692215504214
783.0   261.66189721348746
784.0   252.7610155333562
785.0   241.0466697334956
786.0   242.52114687195734
787.0   242.36524008791494
788.0   225.48545534046684
789.0   228.65605278280873
790.0   219.58121704079218
791.0   211.73754008234135
792.0   210.72814435008218
793.0   202.99306067765136
794.0   196.53301556102178
795.0   194.73329103580718
796.0   188.21615247374308
797.0   187.3285826222294
798.0   179.14744531406444
799.0   168.1674263926434
800.0   165.90513372204532
