500.0   101.96082870780043
501.0   106.71652468819073
502.0   105.25192916336653
503.0   100.48786197747663
504.0   103.83575838491754
505.0   101.75588039562135
506.0   94.89377228645054
507.0   91.3502041043424
508.0   87.48875154965583
509.0   86.0911151240567
510.0   79.89111314313439
511.0   79.66477027255334
512.0   81.18084293626362
513.0   77.48273369672597
514.0   80.2640905786377
515.0   74.57230576477113
516.0   77.61119417479475
517.0   78.6901353199863
518.0   76.00227473943707
519.0   79.26535115165902
520.0   74.45556762355807
521.0   69.77699828356634
522.0   74.74792181394889
523.0   75.96006842797394
524.0   74.70475054685915
525.0   74.6559894991234
526.0   81.26180273218316
527.0   81.39528116117185
528.0   85.90608220924437
529.0   87.50263416955369
530.0   92.10722191701527
531.0   97.32233090661714
532.0   94.93424385723029
533.0   103.05885710011475
534.0   104.22686735681322
535.0   104.69178376159422
536.0   115.62564976937747
537.0   120.0165892310824
538.0   118.21544173973712
539.0   123.0377879304547
540.0   126.0107126385642
541.0   125.19321532096933
542.0   122.01462858948344
543.0   127.45442982580568
544.0   123.67120430558029
545.0   120.25931452662809
546.0   109.06543614292218
547.0   111.04220012772598
548.0   110.54690744060346
549.0   106.96324262307945
550.0   102.63772816539478
551.0   94.86459039396894
552.0   99.38750692076792
553.0   91.64364313906796
554.0   95.91558798959059
555.0   90.64443454299078
556.0   87.5931308375701
557.0   80.35231268102933
558.0   92.33403197095714
559.0   85.64419587162794
560.0   84.75412189465038
561.0   87.20361635379945
562.0   74.4550755454992
563.0   78.7452928716994
564.0   87.47807823723
565.0   89.65484246336999
566.0   92.17934759247504
567.0   88.24759171177962
568.0   92.29751417370235
569.0   99.07132544556092
570.0   102.61874993309641
571.0   97.08711046286652
572.0   100.96921026515176
573.0   100.22825080131338
574.0   109.13965396233993
575.0   118.21469760927269
576.0   106.97322211180128
577.0   113.08843933030644
578.0   116.25546440999423
579.0   124.97002937746393
580.0   128.70787235196443
581.0   129.47889752281856
582.0   133.7444140379179
583.0   135.91169106924823
584.0   131.32994101966534
585.0   145.06822736027613
586.0   144.06993712668017
587.0   141.48838098006615
588.0   142.77778715494682
589.0   146.5148962053885
590.0   142.01676118337562
591.0   147.85936349134855
592.0   139.99966347209613
593.0   144.96987963295982
594.0   143.4895452355226
595.0   136.18055358778275
596.0   137.03652680663575
597.0   135.6000112919679
598.0   132.4807569036566
599.0   123.3625889828536
600.0   126.46806024232515
601.0   122.50433525976592
602.0   120.74639155838437
603.0   120.71412588000791
604.0   117.27697812104125
605.0   117.26024296886237
606.0   120.23156663350863
607.0   114.79186483332441
608.0   118.67061523971225
609.0   113.71039017368662
610.0   118.75079220663625
611.0   120.48637214621652
612.0   117.77219485942655
613.0   114.28138628948747
614.0   110.4087580844814
615.0   116.00009955421251
616.0   116.40771889330031
617.0   119.84308902527792
618.0   119.32377212004383
619.0   119.26896671154907
620.0   123.3644241507649
621.0   129.3776014829603
622.0   118.28754103323627
623.0   132.7071630404334
624.0   131.98159644435628
625.0   134.14271812542563
626.0   139.8458203986771
627.0   139.87776379541273
628.0   142.4299006266326
629.0   150.9728701439072
630.0   153.20903499768596
631.0   156.4017533981485
632.0   152.8154540469462
633.0   165.56486189985162
634.0   162.72776329017
635.0   166.977149321794
636.0   171.1687661374177
637.0   166.68112318524865
638.0   171.40926537770525
639.0   168.6645001548981
640.0   173.01790958281495
641.0   175.27813106967074
642.0   175.96965927613178
643.0   170.88528403692013
644.0   173.10263888588588
645.0   173.64371729263624
646.0   173.97298453229513
647.0   172.18640756184467
648.0   170.40998669713244
649.0   169.06390959139773
650.0   162.15336913003802
651.0   169.13885882072577
652.0   165.5651962323119
653.0   165.14468758298233
654.0   158.02288368015
655.0   159.01772113100645
656.0   156.01890736728964
657.0   160.36099673679925
658.0   153.4759686072171
659.0   152.25524175475124
660.0   152.08779924805222
661.0   155.13436838398619
662.0   151.42770838738232
663.0   153.43986670693644
664.0   158.50603466353942
665.0   165.62558794994473
666.0   159.91147746097843
667.0   161.72231549222465
668.0   160.53165503763236
669.0   157.36642472298774
670.0   167.0563977643351
671.0   168.98578152209117
672.0   170.0316474577316
673.0   171.40283484500284
674.0   174.11480321651402
675.0   180.63137914029585
676.0   181.8251115894591
677.0   181.2067536217473
678.0   186.30736144984274
679.0   190.42806282976125
680.0   200.37959069484785
681.0   197.3757275257824
682.0   203.46686905125512
683.0   210.0970906080803
684.0   211.04031074007858
685.0   220.49859531223433
686.0   217.6947513010772
687.0   232.34988399699915
688.0   228.8486974251916
689.0   239.45030620274608
690.0   234.5087367856099
691.0   240.28382659003037
692.0   251.01739091791978
693.0   251.79178769110607
694.0   252.75929290078255
695.0   255.5144292448977
696.0   258.90767515433754
697.0   250.20690822072098
698.0   270.9444570451267
699.0   270.7878594784838
700.0   271.1201406427949
701.0   257.4676790781648
702.0   266.39503879285803
703.0   264.5425400291445
704.0   259.67230190836824
705.0   265.0498847793455
706.0   264.3280035298965
707.0   263.53408316024695
708.0   255.2355280976121
709.0   259.2825655406102
710.0   247.975819707256
711.0   250.6911416824944
712.0   245.64612148301794
713.0   242.28784341461105
714.0   236.8810496798831
715.0   239.05012722459273
716.0   237.48855151189082
717.0   245.88416251792893
718.0   227.51685625725457
719.0   236.17050765925953
720.0   228.95913484457847
721.0   226.74932878552352
722.0   228.4529010009383
723.0   218.24428686903522
724.0   225.53678587554816
725.0   216.34505323754067
726.0   224.54568648010158
727.0   221.59412391435436
728.0   209.5010983481476
729.0   219.17484694007203
730.0   208.23378169267028
731.0   210.9520507121941
732.0   226.29745514858547
733.0   219.01141994024826
734.0   220.47445822886897
735.0   217.08466513969043
736.0   205.50888363440754
737.0   210.5863555269926
738.0   213.6063124333707
739.0   210.83585965183823
740.0   219.61517128559828
741.0   219.93875965853536
742.0   224.93752342126612
743.0   214.71317471908068
744.0   218.70444412234957
745.0   224.43918879056724
746.0   222.45569819682945
747.0   226.23278071117662
748.0   226.42817485871885
749.0   221.66614305249072
750.0   231.5542181767537
751.0   229.28952680913304
752.0   236.5231783531783
753.0   237.34174092406866
754.0   235.10171230820384
755.0   242.2898634252933
756.0   241.7460161391873
757.0   244.41897900828013
758.0   251.11221692753594
759.0   248.91940236873077
760.0   254.50149089445242
761.0   257.5838861450968
762.0   260.4282226628394
763.0   270.59936666580535
764.0   263.90916169042634
765.0   269.4715118754484
766.0   273.44561414150996
767.0   269.9213474707857
768.0   277.7418924178835
769.0   270.8336158417545
770.0   280.11168742969045
771.0   270.6077048414219
772.0   272.96542990633213
773.0   267.32349154131344
774.0   268.8935221023178
775.0   258.5945128137778
776.0   260.5824368504592
777.0   264.37341198244786
778.0   258.3863872632946
779.0   249.18266893064174
780.0   249.63375513834782
781.0   237.65071912446726
782.0   238.6126172419737
783.0   238.43009553947243
784.0   228.42573645428868
785.0   218.69624744211745
786.0   219.94369934420627
787.0   219.66513646450645
788.0   206.72031609039698
789.0   204.71004034252348
790.0   196.1524998780701
791.0   191.11425809562695
792.0   188.09853319727387
793.0   183.6167059104175
794.0   178.90437291359575
795.0   175.48112556116305
796.0   168.21747241994296
797.0   167.98191117219702
798.0   162.17723414546072
799.0   152.19548699407915
800.0   151.73986328432864
