500.0   98.48612551008256
501.0   102.31456164561646
502.0   103.15112942844502
503.0   97.7661318965178
504.0   103.60382130389706
505.0   97.51511413843664
506.0   92.04135427127505
507.0   91.31124949948415
508.0   86.24693350762965
509.0   84.09410479811791
510.0   79.74208038635825
511.0   79.95612966456522
512.0   79.6240884412893
513.0   77.20056179243812
514.0   78.77965895600983
515.0   70.64138914021848
516.0   75.84053418477887
517.0   77.4855295948623
518.0   74.01284800588203
519.0   77.07364883207092
520.0   70.53752222022513
521.0   69.00652033840788
522.0   73.77638988197117
523.0   73.4880701422039
524.0   73.22520612954992
525.0   73.53548799133802
526.0   79.11248624504671
527.0   79.43610347250547
528.0   83.01895191404103
529.0   86.23982346306735
530.0   87.72994600407574
531.0   94.43416303012401
532.0   94.83736424386382
533.0   99.08930398357953
534.0   102.00857927367946
535.0   101.05912642798549
536.0   111.35024805854053
537.0   114.66404119145542
538.0   115.43630463710593
539.0   118.23660403833222
540.0   120.94807441088682
541.0   120.47630042060109
542.0   120.14320357629254
543.0   123.22420268416221
544.0   119.43971596627054
545.0   114.9179106262115
546.0   105.49124980192028
547.0   108.67813409915689
548.0   107.81065743096221
549.0   100.7729233565949
550.0   99.57535566650927
551.0   91.31545148945631
552.0   95.82193614661833
553.0   88.89255218935975
554.0   92.97686656240839
555.0   88.05710380435687
556.0   86.8447344264064
557.0   77.3809866746958
558.0   89.15345963019968
559.0   83.17330070722707
560.0   80.19035428261958
561.0   82.51002596068966
562.0   72.59721786822541
563.0   74.76041458986896
564.0   85.82831838904204
565.0   85.16973748874958
566.0   87.8520404684773
567.0   85.18578385284869
568.0   88.8964590539226
569.0   92.77488921114681
570.0   97.98913607487901
571.0   93.45989010968782
572.0   95.21601825721544
573.0   95.31891697823687
574.0   105.26097119537644
575.0   111.72496128933514
576.0   104.02555436716509
577.0   111.09594772057838
578.0   109.10660328416239
579.0   119.76866482480315
580.0   123.47478991109094
581.0   126.38864390573633
582.0   127.72510524711205
583.0   133.26190672132125
584.0   126.61152106723841
585.0   138.2590673754744
586.0   137.11544021808137
587.0   138.42990174068183
588.0   137.37259231866332
589.0   142.93463517253448
590.0   135.28529713559632
591.0   137.48676481079033
592.0   134.2837033116761
593.0   140.6101104935857
594.0   137.05128950561067
595.0   130.80718244814523
596.0   129.90110224295373
597.0   130.06140641799485
598.0   127.94553285415716
599.0   118.69358488649436
600.0   119.01401813677629
601.0   117.69473949869064
602.0   115.25992962489258
603.0   115.16279796639785
604.0   113.6485800411451
605.0   113.66975486168474
606.0   117.83178221451686
607.0   109.67982379532108
608.0   114.02972059121922
609.0   109.2135767070327
610.0   111.89287912437376
611.0   115.7424520050721
612.0   110.73497458479281
613.0   110.52192210588706
614.0   106.74044698972943
615.0   110.70515952333983
616.0   112.51285943822504
617.0   113.00698384665023
618.0   114.75570886861266
619.0   116.62994912732171
620.0   116.35220114403543
621.0   124.61175341505287
622.0   112.44026576894271
623.0   127.07781876453151
624.0   125.42813262017029
625.0   128.54956868850496
626.0   133.81793184354038
627.0   132.74279383048085
628.0   134.04435101554296
629.0   140.19427620264793
630.0   144.51006943634533
631.0   150.5040402421803
632.0   144.03466409965395
633.0   155.3728708393873
634.0   155.20005286705288
635.0   159.317898781932
636.0   160.84672280005034
637.0   158.4131755976965
638.0   164.2095727094843
639.0   160.060195083104
640.0   162.70417281925413
641.0   166.87619874260616
642.0   166.97733449091095
643.0   161.6914186689734
644.0   165.79741290318162
645.0   164.86505577972858
646.0   166.82768376373969
647.0   163.3752859436424
648.0   161.35973112569414
649.0   161.13114997590125
650.0   156.64191973110934
651.0   161.98970962904775
652.0   158.3069626226648
653.0   158.88803174107466
654.0   151.0506100077629
655.0   152.58282533143836
656.0   147.51663744574788
657.0   152.3287326838621
658.0   147.28572822294223
659.0   146.4768899900805
660.0   147.24348137057856
661.0   147.224704051725
662.0   142.0625908395582
663.0   144.25428506297376
664.0   148.98529911128605
665.0   157.19345636999904
666.0   152.65217006409412
667.0   153.56651624564233
668.0   152.18237015052588
669.0   151.88941527852245
670.0   158.23726307407674
671.0   161.18403012933751
672.0   159.5953965131386
673.0   160.00950032016183
674.0   166.1034808234353
675.0   169.5780262804729
676.0   172.37498974219048
677.0   170.96093034951335
678.0   177.74650710435884
679.0   180.34304189661276
680.0   188.4062962386229
681.0   187.51614944138822
682.0   192.08153805698277
683.0   195.35148532386245
684.0   198.68811368962295
685.0   206.55448832934445
686.0   208.40800513487534
687.0   219.5569844041823
688.0   215.73972172288265
689.0   227.84535687502805
690.0   221.3914414874774
691.0   227.36147452703997
692.0   238.4985905627516
693.0   236.836142660133
694.0   241.84563859672215
695.0   240.95309157146795
696.0   243.71557468720434
697.0   238.02117892247892
698.0   254.44469535152763
699.0   256.8727227926272
700.0   254.51334250399063
701.0   243.77723096137996
702.0   249.50759706306965
703.0   249.7805089144628
704.0   246.69784766278443
705.0   253.13049347609302
706.0   249.4964085244322
707.0   250.0037611009081
708.0   240.20516077701322
709.0   243.4885552034813
710.0   235.43684940077998
711.0   237.3392609727232
712.0   230.46716813119028
713.0   229.69243900994624
714.0   223.50563844295075
715.0   225.09788381822912
716.0   225.95942117475943
717.0   231.8672372026777
718.0   215.12572564689003
719.0   219.30151358709426
720.0   216.72676412623568
721.0   215.4091927172039
722.0   214.68598207049143
723.0   207.11194451590237
724.0   212.38597150637844
725.0   202.78516093931282
726.0   209.96779189210585
727.0   210.39123545180027
728.0   197.2298802483989
729.0   206.0432710780122
730.0   197.10854484959327
731.0   198.02869147840133
732.0   213.73863586902735
733.0   204.93674510766286
734.0   208.9534769582752
735.0   207.3518421504791
736.0   193.0818358633996
737.0   195.14020506131206
738.0   200.2235068434842
739.0   200.81965838292945
740.0   204.60328488555965
741.0   206.43225035630567
742.0   212.074639985494
743.0   200.16655025233408
744.0   205.32172869469616
745.0   207.34678930963247
746.0   210.61462068872046
747.0   212.82169845135226
748.0   216.5619710525912
749.0   209.02374665401396
750.0   220.12138536411612
751.0   217.71671577167396
752.0   225.28614240889243
753.0   222.96057578547877
754.0   222.17267489657576
755.0   230.75823805134408
756.0   227.75374618348337
757.0   229.08380396671652
758.0   234.90312724149618
759.0   233.81925825768494
760.0   238.44428811151025
761.0   240.05513998515312
762.0   244.64398023421964
763.0   250.31806325878443
764.0   250.32374683316797
765.0   251.99150220028125
766.0   256.93122416918504
767.0   252.71260012232275
768.0   258.66450159567376
769.0   255.45093400845403
770.0   260.14147484849843
771.0   250.0008112882409
772.0   255.7266251836827
773.0   250.7340338865584
774.0   251.2881811949288
775.0   239.83460226739172
776.0   242.8848740439743
777.0   244.88697055736526
778.0   241.34361867500428
779.0   230.24366741223793
780.0   232.69316231322225
781.0   221.61893962082948
782.0   223.0130070575988
783.0   220.4752801778814
784.0   214.18649025002495
785.0   204.3522427589308
786.0   203.0747377175603
787.0   204.48704617676955
788.0   191.01037152981104
789.0   190.09761198788124
790.0   182.15537684382457
791.0   178.01410802895202
792.0   177.06382348713333
793.0   171.31352097195796
794.0   167.5318544463977
795.0   164.69003872260393
796.0   158.07546341947074
797.0   153.97685997893595
798.0   151.71880719370142
799.0   143.3284647441726
800.0   141.4481295998794
