500.0   120.10903653749625
501.0   122.02386047497512
502.0   122.25743337780682
503.0   115.05627388250528
504.0   121.82369646012046
505.0   115.48583243006877
506.0   109.9179921162542
507.0   109.76866344659888
508.0   102.31310238559456
509.0   102.81408321433915
510.0   96.31646129251979
511.0   96.73009525962638
512.0   98.53983612500656
513.0   97.66036656530906
514.0   96.22381044118015
515.0   91.28817701567303
516.0   94.68141960677875
517.0   97.99249839715557
518.0   94.62766228448365
519.0   99.06936246640007
520.0   90.33927806585729
521.0   90.59144892241994
522.0   96.00531701147202
523.0   95.47770314805089
524.0   94.7438908009155
525.0   99.09034519225656
526.0   104.92112082708988
527.0   105.73454819299536
528.0   110.77949094441502
529.0   114.50625926959634
530.0   117.68467879696485
531.0   125.11850507443154
532.0   126.30854817642114
533.0   131.19353010080667
534.0   135.65111587488832
535.0   136.64491678510396
536.0   150.02301122213268
537.0   156.5009628479074
538.0   156.98235724532236
539.0   160.86572157409998
540.0   163.68493490617936
541.0   165.71206778996168
542.0   166.08520720277033
543.0   168.74958687191258
544.0   162.63631736120092
545.0   159.34246281243657
546.0   148.86210368768275
547.0   150.96694552029774
548.0   147.69888156809296
549.0   143.31187766706626
550.0   138.68552116180797
551.0   129.00146914130548
552.0   133.4229457638213
553.0   125.80746780157833
554.0   129.2828851890674
555.0   125.51352484126005
556.0   121.52455636606308
557.0   110.95680649191411
558.0   125.44355760042055
559.0   118.87882890954396
560.0   115.69918058976896
561.0   115.91364627311228
562.0   105.91656834863005
563.0   109.90287368947259
564.0   120.18325751066786
565.0   119.80657277821788
566.0   126.6419124430845
567.0   122.7575961396204
568.0   126.59612151836811
569.0   134.94654511875902
570.0   139.6698031063362
571.0   135.77560645502314
572.0   139.51864534411126
573.0   137.86471825009693
574.0   148.63209754456147
575.0   158.0001439873528
576.0   150.66308846421825
577.0   159.30370444953334
578.0   159.7337429051244
579.0   171.33273891014082
580.0   179.262126621568
581.0   178.5174365312269
582.0   183.55401106700364
583.0   191.20844642849752
584.0   184.10598396065978
585.0   200.88655108056741
586.0   201.39573813407262
587.0   200.49988730894069
588.0   202.33404748203188
589.0   207.90761014947927
590.0   199.97707573605325
591.0   206.69398799796116
592.0   199.54056364229592
593.0   202.95877644926702
594.0   200.13135100287298
595.0   194.36002253441018
596.0   195.0093070397933
597.0   190.5362078476039
598.0   188.85962877012165
599.0   179.13146527456888
600.0   177.30479934668543
601.0   175.11280568426332
602.0   171.0601836631188
603.0   173.7702911232967
604.0   169.579810035527
605.0   167.36183007892606
606.0   172.40455939267355
607.0   167.58061441808704
608.0   170.42984112944183
609.0   160.30703683136971
610.0   164.643753028853
611.0   167.93360892186632
612.0   169.04034829433405
613.0   162.73032535863862
614.0   156.46533433308366
615.0   161.34498681091333
616.0   161.69666461055377
617.0   164.69818589555203
618.0   164.1126551301902
619.0   165.58510649670012
620.0   169.49947769038548
621.0   179.53260206628948
622.0   166.68064915395485
623.0   187.96570961897208
624.0   187.77757090782615
625.0   192.3440572402804
626.0   201.48124046994982
627.0   206.43249659019418
628.0   211.55866538750493
629.0   222.17800837622332
630.0   229.08075779035576
631.0   237.9579112324823
632.0   235.93306726083037
633.0   248.12037834511062
634.0   247.7082822897783
635.0   259.0400354071486
636.0   261.0309607045972
637.0   260.25699303678584
638.0   268.7116444095318
639.0   269.1020547426747
640.0   272.0198862621463
641.0   276.574315551802
642.0   280.6005474439226
643.0   274.3279390302539
644.0   277.5991366807405
645.0   276.89338338081177
646.0   279.9488149398186
647.0   278.73400805029166
648.0   272.80281349732047
649.0   272.5518806114802
650.0   266.97897637631894
651.0   271.3093894702021
652.0   271.221407660381
653.0   266.4466036700919
654.0   259.7794962196955
655.0   259.3090817231352
656.0   255.2241006301962
657.0   260.128630773075
658.0   253.83030630969432
659.0   253.40426852336327
660.0   253.8600608989448
661.0   255.36199425950926
662.0   251.51656228883888
663.0   252.31587294312223
664.0   258.5941466009765
665.0   269.5254984958965
666.0   262.0514767767668
667.0   263.08552688634774
668.0   262.4074445632597
669.0   263.6630419022116
670.0   273.7515366594289
671.0   279.81084234620437
672.0   281.1325143476963
673.0   283.04316937294243
674.0   287.25325794282645
675.0   297.6677756828063
676.0   297.71166159176084
677.0   296.79440974367014
678.0   306.0467470485939
679.0   315.79924746751107
680.0   326.529570718935
681.0   328.67097181432956
682.0   335.6363784022389
683.0   346.4286274425764
684.0   350.2925200108647
685.0   357.3279459705574
686.0   364.7756300822168
687.0   380.0053428039299
688.0   375.362873905739
689.0   395.59957623503
690.0   392.0960546225241
691.0   398.65163040050277
692.0   415.8993831302412
693.0   417.8963522795922
694.0   421.3056018004892
695.0   429.6089133429222
696.0   430.57027917980713
697.0   421.64119306537464
698.0   448.8317108385225
699.0   449.9816008231827
700.0   452.2637319798988
701.0   432.05776878414053
702.0   444.39947602807865
703.0   443.53842257888545
704.0   440.9505967961933
705.0   446.7159611984735
706.0   447.6102900262081
707.0   447.3840272764652
708.0   432.88625117770516
709.0   433.884104376726
710.0   425.66254977155523
711.0   423.24694547965817
712.0   416.491702292019
713.0   413.6188010645815
714.0   406.2623351307051
715.0   405.76644148528624
716.0   403.15502858236647
717.0   410.40683401698686
718.0   388.96742817534846
719.0   398.46469642401246
720.0   390.0762099289552
721.0   387.85459023440944
722.0   390.0882201941555
723.0   379.98176365571044
724.0   383.1751112286159
725.0   369.4621084409167
726.0   376.71131156817705
727.0   378.58585986844946
728.0   360.5682293935404
729.0   373.9840204262024
730.0   353.93829083929256
731.0   358.8617002303972
732.0   381.85553795337097
733.0   370.06895433019804
734.0   371.36450671671383
735.0   367.6180024671904
736.0   347.94953392844263
737.0   350.80384575080905
738.0   355.1475175444513
739.0   354.1776108887092
740.0   367.76476942174486
741.0   360.7773094787784
742.0   369.4915397126178
743.0   354.46884435978086
744.0   356.47392777136326
745.0   353.32856628296184
746.0   347.14000452574226
747.0   349.8003432365739
748.0   353.07373226610343
749.0   352.8274110505795
750.0   370.49257231812567
751.0   374.5635446710786
752.0   388.8676953673968
753.0   399.2948598593525
754.0   411.24521793485144
755.0   431.9157208788978
756.0   444.2420623267807
757.0   459.60678852398536
758.0   482.13412780182654
759.0   486.190204519192
760.0   502.42072629777954
761.0   521.0271901316343
762.0   536.3949481364866
763.0   560.4730860804359
764.0   565.5391219803751
765.0   580.5219923925998
766.0   591.5744419792686
767.0   591.5983901221771
768.0   611.1104092359661
769.0   602.1238943579569
770.0   619.8370469010122
771.0   614.590256635925
772.0   616.7673120605306
773.0   604.9137810935615
774.0   610.90675324413
775.0   595.4662607691903
776.0   594.5454929577907
777.0   602.2194138430004
778.0   597.0779082090139
779.0   575.1091326832459
780.0   580.7035091105279
781.0   560.024634744966
782.0   558.2095511467866
783.0   549.7351331509045
784.0   535.8526337279551
785.0   521.2061549939588
786.0   516.1325905654767
787.0   511.9978979097385
788.0   487.3713955761052
789.0   486.60356466905915
790.0   472.66149126570025
791.0   459.85278502717364
792.0   454.3750125056683
793.0   441.65495496940923
794.0   427.4964017528921
795.0   424.47031555001854
796.0   412.66787257077414
797.0   413.63801169161195
798.0   396.14640724355615
799.0   377.08281433097585
800.0   370.906601971467
