500.0   98.13734293822893
501.0   101.87398565106523
502.0   101.20934774210593
503.0   94.70554407132173
504.0   100.94573102571314
505.0   96.04554812986126
506.0   90.546201340621
507.0   88.94907007546524
508.0   84.63114309630606
509.0   82.48069333080738
510.0   76.71706301432752
511.0   76.9958221293252
512.0   78.60981193632267
513.0   76.46512832563786
514.0   74.87668645387953
515.0   69.56552168508213
516.0   74.79915193262136
517.0   77.63278989288247
518.0   73.63270593757775
519.0   75.76616461771138
520.0   69.76777028509403
521.0   66.36665307082455
522.0   71.26712190738687
523.0   70.93863849218761
524.0   70.54806760475185
525.0   73.2305046642744
526.0   76.36555294052906
527.0   75.43389058713763
528.0   82.72809887614463
529.0   84.59192151898623
530.0   83.96626158097305
531.0   90.9599456452039
532.0   91.33432545684593
533.0   96.12540231515126
534.0   99.22609480669541
535.0   98.69479135060985
536.0   109.40168667320151
537.0   113.20226144381266
538.0   112.77220898820286
539.0   115.35598266864591
540.0   117.98600152130035
541.0   118.94476759289063
542.0   116.50576057379556
543.0   120.69794289677992
544.0   117.06990721532313
545.0   112.24269088724293
546.0   101.12544129266854
547.0   103.74443783812356
548.0   104.47670495662842
549.0   100.56472561085133
550.0   99.00612852497039
551.0   89.76957726207903
552.0   93.38296142710334
553.0   85.48567927639985
554.0   90.99416105631533
555.0   86.97277426873762
556.0   82.70052574098557
557.0   74.80207323388413
558.0   85.8916689613518
559.0   83.61495461040991
560.0   78.96580980911256
561.0   78.83859608606187
562.0   71.04987768214886
563.0   73.21020455174909
564.0   81.24120126943026
565.0   84.94843900479836
566.0   86.38453078409685
567.0   83.13495940583644
568.0   85.49737528815606
569.0   92.41094021427554
570.0   95.0565295879378
571.0   90.98588576629669
572.0   94.73010582041897
573.0   92.73326990396197
574.0   102.26069747768435
575.0   108.11568009951455
576.0   100.26773611379994
577.0   108.29590323547527
578.0   105.71095979010866
579.0   115.78034749449952
580.0   119.26945776618973
581.0   119.88744261040193
582.0   122.71067315893353
583.0   127.15818939696535
584.0   121.24467646654142
585.0   133.07588595118136
586.0   135.00406601732354
587.0   132.53864668007515
588.0   132.31093385166767
589.0   136.14649430856124
590.0   130.405874229631
591.0   135.66098291271229
592.0   129.9589514831847
593.0   133.4505865530905
594.0   132.4718443171334
595.0   124.9619202850721
596.0   128.70238171431166
597.0   127.47632961116554
598.0   123.03398610369587
599.0   113.46913703296383
600.0   116.62115546239144
601.0   112.7328010601945
602.0   112.68523136075382
603.0   110.77872951426295
604.0   108.77469988928712
605.0   107.86158013058423
606.0   112.61412976214046
607.0   104.60033976427397
608.0   109.91471141423571
609.0   105.74170403922795
610.0   107.90568108908198
611.0   111.81526607646873
612.0   108.23768265657358
613.0   106.19086333868384
614.0   101.47590384678529
615.0   105.369494387001
616.0   108.13243641077239
617.0   110.05784422954557
618.0   111.1238359019062
619.0   109.99378439478255
620.0   114.7576317107308
621.0   120.64629127561136
622.0   105.88625004599817
623.0   122.13820696567672
624.0   120.55948739867927
625.0   121.88003575151981
626.0   128.25470976018678
627.0   125.63534201485166
628.0   129.89153892265685
629.0   135.37859661634195
630.0   139.13746390460497
631.0   143.7410514682215
632.0   141.91110396663007
633.0   149.3997345796218
634.0   147.22986792614932
635.0   152.89814398792464
636.0   154.95325398787926
637.0   150.64660780246268
638.0   158.72232105429572
639.0   154.55837192817805
640.0   155.88881957196966
641.0   159.87786868278795
642.0   159.03345391548316
643.0   156.18225987969183
644.0   157.3317093241073
645.0   156.99229391610984
646.0   157.1612347635782
647.0   157.12553027126958
648.0   155.14784301320012
649.0   154.40422468356897
650.0   147.86263457066542
651.0   155.1866677397444
652.0   150.44659224374982
653.0   149.54800986200638
654.0   144.08947016314377
655.0   144.3708448350401
656.0   140.7878787390848
657.0   143.78363373009344
658.0   139.835084095818
659.0   137.51014040515201
660.0   139.34222941525522
661.0   142.6382823995332
662.0   135.7499070889291
663.0   136.83143683509687
664.0   143.88444222226212
665.0   151.42456284986767
666.0   143.7984591156027
667.0   144.66715938022264
668.0   147.3307607600194
669.0   142.8396648959847
670.0   153.443528995762
671.0   152.64951177912494
672.0   154.1745912595489
673.0   152.75562303271997
674.0   157.64746507564212
675.0   161.82576427175024
676.0   164.86894781564965
677.0   163.71581904211646
678.0   169.11241163815947
679.0   171.81510447772433
680.0   177.60553688418813
681.0   178.7319896991524
682.0   183.81970623334155
683.0   186.474201654186
684.0   189.03323683912956
685.0   195.44428086714782
686.0   198.5133526509665
687.0   208.73005146327233
688.0   207.01549521719042
689.0   214.011581984488
690.0   210.64269979181003
691.0   217.1187447057748
692.0   228.64309570565274
693.0   224.01934500563314
694.0   228.04623372306747
695.0   229.30765352029658
696.0   232.04982916749
697.0   228.0227376558581
698.0   242.03842366450993
699.0   242.85956082151162
700.0   241.44853734438286
701.0   230.90983951403686
702.0   238.0796926165252
703.0   237.12191444882728
704.0   236.1563676226302
705.0   238.75891517404517
706.0   237.40926016330835
707.0   236.50036073830785
708.0   231.32653785782512
709.0   231.08335677592694
710.0   222.30224821352425
711.0   225.74041362991943
712.0   218.10656174738946
713.0   216.37990372238684
714.0   212.32111112316173
715.0   212.7061730760166
716.0   211.3368415421022
717.0   221.3254876840337
718.0   202.23322986778817
719.0   208.2448253306005
720.0   207.22981395727746
721.0   203.9043295862552
722.0   204.5460089948587
723.0   192.7237836952078
724.0   201.8466506370649
725.0   191.1375133094402
726.0   201.76055073198464
727.0   196.69619813300997
728.0   186.72920661477076
729.0   193.98060974764024
730.0   184.9992667890201
731.0   186.0087586189924
732.0   200.63937346918152
733.0   195.39489437310684
734.0   196.50299412955098
735.0   194.57675842015303
736.0   185.4217632429844
737.0   187.77201354422576
738.0   188.48053636493404
739.0   188.69888629420973
740.0   194.4425924211242
741.0   196.13493424846936
742.0   199.93762294673792
743.0   189.9219352563637
744.0   193.66804801561705
745.0   197.08857309363214
746.0   196.73446200865644
747.0   198.27786290561667
748.0   203.04034552095183
749.0   196.7916964931597
750.0   208.54950052905383
751.0   205.36975963354612
752.0   208.87051668063128
753.0   211.8178258541267
754.0   208.42322923234548
755.0   217.6110032745889
756.0   214.93597784871451
757.0   218.72025318766362
758.0   225.68980876007328
759.0   218.8747006841061
760.0   225.62403645872112
761.0   227.2190312606309
762.0   226.7926279361138
763.0   236.02506713218946
764.0   232.99142075684048
765.0   235.98796518101247
766.0   241.65576645178876
767.0   238.72727608385767
768.0   240.89999987180252
769.0   237.99245504983574
770.0   245.1748880553202
771.0   237.62086882523445
772.0   240.34587483227523
773.0   232.8753820483604
774.0   235.16521899592536
775.0   227.78704512243544
776.0   227.56961217494117
777.0   229.31320328053744
778.0   226.1330027693176
779.0   214.23412174384566
780.0   218.63422139834276
781.0   206.05641098780526
782.0   209.00178834089573
783.0   206.32899488861554
784.0   201.51769814879762
785.0   191.22887447416252
786.0   190.41028899085586
787.0   189.71955930930542
788.0   177.93694961095014
789.0   178.7939937409243
790.0   173.07954113443952
791.0   166.77852770483372
792.0   166.02829514642036
793.0   160.04227813864455
794.0   155.59960793793834
795.0   153.68957611308358
796.0   148.41868493453558
797.0   146.99515093610702
798.0   143.41077774570107
799.0   134.79491375290064
800.0   132.32143497461323
