500.0   99.23755241236319
501.0   102.36148822053943
502.0   103.73195941545839
503.0   96.27890168979516
504.0   100.99157193752387
505.0   96.05672592184058
506.0   90.02217320049715
507.0   88.97820332344199
508.0   84.65678927369805
509.0   82.95904397295166
510.0   78.80350304842588
511.0   78.43969827985606
512.0   78.95035861114644
513.0   75.08808288497744
514.0   76.43338389621266
515.0   68.57854103020279
516.0   75.00373882448
517.0   76.6800916515509
518.0   73.88855004927044
519.0   75.68662658178309
520.0   69.73533591155623
521.0   67.05655746422735
522.0   73.76421348872788
523.0   72.00027977528399
524.0   72.48641265042164
525.0   71.56672174007122
526.0   76.8321280642459
527.0   77.16745728517225
528.0   82.90535521246554
529.0   84.76415943905187
530.0   86.30944564069986
531.0   90.97526957228968
532.0   92.84218452228345
533.0   95.81736788719095
534.0   99.21424782142986
535.0   99.06170188028673
536.0   110.1497414184652
537.0   111.28166906753873
538.0   112.43475217951527
539.0   118.93427335561879
540.0   117.75725361187682
541.0   118.6023586063061
542.0   117.03861988186554
543.0   120.74953058093956
544.0   117.93287266816938
545.0   111.95997851604125
546.0   103.5530050761297
547.0   105.19692117304763
548.0   104.16636435608345
549.0   99.86482552896894
550.0   97.39468412665508
551.0   88.98735186475975
552.0   92.81597920688995
553.0   86.59138228998384
554.0   90.01019375954027
555.0   85.32861734347176
556.0   83.57031021217975
557.0   73.90835349908173
558.0   86.28574757359388
559.0   80.5837309332305
560.0   75.86040849852418
561.0   78.9378506428807
562.0   71.08913791800279
563.0   72.59577485003888
564.0   81.71371351691207
565.0   82.82567182270176
566.0   85.75583672317731
567.0   80.77011100053622
568.0   85.5469812899203
569.0   91.99339577216247
570.0   94.53295298048835
571.0   91.59841172781051
572.0   95.0523045836874
573.0   92.15414922306383
574.0   101.88005048252438
575.0   108.45320604334282
576.0   98.88678696875243
577.0   106.46258471474002
578.0   105.17271239638174
579.0   116.25158993608815
580.0   121.28900749568297
581.0   119.27890413750123
582.0   123.61982575408487
583.0   126.5697932730499
584.0   118.81235983750918
585.0   133.10763163913543
586.0   134.70473273979619
587.0   131.14092642905518
588.0   132.0820989433458
589.0   135.3597172744331
590.0   132.22491871043795
591.0   133.58989882549
592.0   130.23140526545444
593.0   132.91717004423526
594.0   131.9180070043842
595.0   125.79795529136965
596.0   128.8237863752431
597.0   124.3808570191255
598.0   123.1008450717762
599.0   111.92069669992253
600.0   116.24384822481025
601.0   112.48668893029298
602.0   111.48241221616317
603.0   111.21986445139365
604.0   109.57984003460083
605.0   107.48357308691465
606.0   112.44894205499247
607.0   105.38196873012956
608.0   108.09913958852721
609.0   103.61820635692743
610.0   107.30650927285606
611.0   111.43113218798459
612.0   106.39860643830136
613.0   104.19571348222539
614.0   101.78461745005512
615.0   105.87601620015266
616.0   108.14131636544462
617.0   109.99927145829011
618.0   109.47921258408957
619.0   110.23000363134588
620.0   113.98297302949325
621.0   119.04284738724851
622.0   106.83509919722519
623.0   121.79400220887396
624.0   121.80179084709602
625.0   122.28536594524223
626.0   125.83378005495214
627.0   126.27782367779346
628.0   130.43100545119282
629.0   138.3150553594083
630.0   139.35518033197647
631.0   146.4092042564903
632.0   139.69175138062693
633.0   149.1843030244197
634.0   145.9537233581333
635.0   152.87949705583713
636.0   154.44104960491788
637.0   150.6104861843455
638.0   158.67142023384287
639.0   153.1711334767734
640.0   157.33751969759797
641.0   159.48282930607223
642.0   160.34254157977114
643.0   156.02154573257636
644.0   159.0625262473377
645.0   159.14813229200516
646.0   156.03438962935286
647.0   157.63459140142888
648.0   156.3227058763612
649.0   155.41023132139176
650.0   147.23540710387414
651.0   154.30657917508137
652.0   152.4405474766885
653.0   152.8945037182208
654.0   143.6435479110451
655.0   144.2234935271875
656.0   139.55539348631416
657.0   145.16505396059827
658.0   140.04628715987508
659.0   140.5333568063358
660.0   137.8356636426643
661.0   140.6600285131117
662.0   135.34231933228858
663.0   138.4820709040798
664.0   144.17415748333974
665.0   150.18176321930557
666.0   145.77983141515446
667.0   147.07097421570433
668.0   144.87378948611476
669.0   143.07305049551195
670.0   149.22061838073103
671.0   151.65336637709638
672.0   151.33409295018015
673.0   154.47946732602392
674.0   158.01648378763963
675.0   163.2590689473646
676.0   162.62145206965246
677.0   162.22243461050257
678.0   168.25477386467662
679.0   172.13755600359508
680.0   177.59066434320604
681.0   177.93224705012062
682.0   182.6866451296503
683.0   186.4115450387909
684.0   189.4906184375694
685.0   194.84683388825783
686.0   200.34087030180626
687.0   206.24742554105364
688.0   205.9339566851477
689.0   216.01462765408493
690.0   208.83648503367712
691.0   214.5134122372834
692.0   225.91167135635175
693.0   224.42524874925604
694.0   227.93346879687573
695.0   230.52206751084634
696.0   232.1339978503709
697.0   227.1406755020797
698.0   243.4905735977523
699.0   242.25541677861312
700.0   242.37927003510183
701.0   230.02775337170894
702.0   238.15644542062446
703.0   238.3213838616971
704.0   233.2285678676166
705.0   237.3582531476399
706.0   239.14567880907757
707.0   235.8179463656636
708.0   228.0695243540271
709.0   232.69558576439735
710.0   222.6953431374837
711.0   224.12164962206447
712.0   218.91785800130432
713.0   217.27719393088515
714.0   210.86625306866264
715.0   213.44475809512957
716.0   212.10927940773803
717.0   220.0715784456691
718.0   203.76835962977066
719.0   210.3756071463092
720.0   207.25960389988578
721.0   204.99344227774594
722.0   204.37783979165658
723.0   193.5056500118952
724.0   200.59156707827844
725.0   191.4499646573586
726.0   198.61892075352753
727.0   197.58609131837719
728.0   185.14503935208444
729.0   196.8949943183875
730.0   184.30974634169672
731.0   187.27239822318577
732.0   204.79011852735124
733.0   196.44721187194435
734.0   196.94312940614924
735.0   195.4238162134234
736.0   181.2194264622318
737.0   185.37285158459272
738.0   189.01621372793602
739.0   189.26455276843404
740.0   193.50441178331002
741.0   196.40190268054712
742.0   200.10257101045022
743.0   190.2012003624424
744.0   193.2934630658197
745.0   198.15705570553195
746.0   197.51957682763785
747.0   198.07249733944096
748.0   202.8752692656373
749.0   198.8671824055789
750.0   207.20672634573964
751.0   205.00619293882934
752.0   210.2363107147027
753.0   211.93867500250698
754.0   208.23481093627316
755.0   216.41814521161425
756.0   215.2389329194445
757.0   218.24624222712333
758.0   223.83145969108796
759.0   222.1539914689794
760.0   225.9627668503404
761.0   227.1431840142563
762.0   229.11336438666913
763.0   237.55939040498663
764.0   233.55394130943827
765.0   236.7776633131177
766.0   243.09228761137084
767.0   237.17878036316588
768.0   241.02657381114247
769.0   236.91384610778843
770.0   245.8110410988989
771.0   236.1338869396249
772.0   237.75187816424022
773.0   233.98713653255123
774.0   235.01659989769016
775.0   227.26701903266454
776.0   227.3066158418974
777.0   235.1446549796138
778.0   225.7597225190488
779.0   215.9517774510121
780.0   218.87559902785287
781.0   204.77940629769475
782.0   207.41977198283595
783.0   205.86934292852177
784.0   200.41342575811157
785.0   191.67625377524075
786.0   188.90445397446695
787.0   193.96455115666575
788.0   179.30874174062825
789.0   178.06160525025717
790.0   172.56471884404283
791.0   166.99621835720842
792.0   165.80761246814774
793.0   159.3427144765425
794.0   156.80206223808364
795.0   155.04336731276933
796.0   147.97679701491626
797.0   146.81947524986904
798.0   143.10779841798666
799.0   133.62677230140332
800.0   131.9898233858167
