500.0   101.59513502733301
501.0   105.41355154297574
502.0   103.68876361738023
503.0   99.26466697739389
504.0   102.76528297968309
505.0   100.22208278038434
506.0   92.69524495113171
507.0   90.73298234247241
508.0   85.32077233771821
509.0   86.2196021108509
510.0   79.4313183818559
511.0   80.05033928874374
512.0   79.61813388077013
513.0   76.08593644201972
514.0   78.41149185603604
515.0   71.69205414472347
516.0   76.3988252742461
517.0   79.16207032883185
518.0   77.16879560751894
519.0   76.50052925297351
520.0   70.7459956156788
521.0   67.83409138078082
522.0   72.73315017454462
523.0   73.10300552290497
524.0   71.12574983809299
525.0   72.12904184934985
526.0   79.6065809716442
527.0   79.33658575031194
528.0   82.72294938556215
529.0   87.39474615948103
530.0   87.74660384981459
531.0   94.94602191471267
532.0   95.80456718230687
533.0   99.84466053938249
534.0   101.02202862265239
535.0   100.62487352458598
536.0   114.35965355809762
537.0   115.667623688811
538.0   115.17943461818942
539.0   119.69576609466455
540.0   120.82677489346713
541.0   121.0609425438056
542.0   116.45270747355016
543.0   123.35866344914945
544.0   120.02535355950212
545.0   114.06059181670912
546.0   106.44052429351592
547.0   106.36239809815257
548.0   105.44263604191494
549.0   102.45873652531532
550.0   100.38167299861988
551.0   90.38500641904855
552.0   95.67960414317531
553.0   87.45509255318385
554.0   92.18742358283274
555.0   85.98822793741124
556.0   84.70467367785344
557.0   74.43408075042794
558.0   87.41222494107404
559.0   81.47126627184159
560.0   78.21332462554426
561.0   80.2888343795149
562.0   71.8728148928925
563.0   74.3009557832429
564.0   83.55250424263076
565.0   84.89563549405247
566.0   88.00894086389201
567.0   83.54628136618331
568.0   87.3472276252921
569.0   90.39543410209492
570.0   95.6672036680016
571.0   92.75881076655833
572.0   93.3025195494732
573.0   93.97134862980391
574.0   103.00001309533656
575.0   110.42435041278108
576.0   101.67787736997442
577.0   109.64960411164688
578.0   106.51576860502715
579.0   117.43224421198343
580.0   122.41827093265985
581.0   121.02640808224118
582.0   125.33853656507725
583.0   129.1679921747705
584.0   122.00847649530311
585.0   134.1704009143507
586.0   135.13383316282577
587.0   134.33640076301737
588.0   132.6630034400243
589.0   138.43327408355353
590.0   132.81427750356906
591.0   138.461312267764
592.0   131.2611013764331
593.0   136.68845061334684
594.0   134.55352407908293
595.0   126.90940316885099
596.0   129.20588075760602
597.0   128.26486340571174
598.0   126.49806652572633
599.0   113.44310300803306
600.0   119.05248479949384
601.0   113.33554551830133
602.0   112.12883339862387
603.0   113.89279327751606
604.0   111.98021000810948
605.0   109.94458097406749
606.0   111.48834085319805
607.0   107.22198704980283
608.0   110.40989085978688
609.0   106.91101260231954
610.0   109.75358887021852
611.0   112.36402477546466
612.0   110.1088229835282
613.0   106.12017470389586
614.0   103.7387064405388
615.0   105.5563125019259
616.0   108.35940394347105
617.0   111.91978585130224
618.0   111.06638896856191
619.0   110.22023235680393
620.0   113.6118680602822
621.0   121.16766213083446
622.0   107.21838071249522
623.0   122.7976667877702
624.0   122.70143579140944
625.0   125.98435141021048
626.0   128.41948944277314
627.0   125.80074101202686
628.0   128.89167689895467
629.0   137.85894957757256
630.0   139.83573372443382
631.0   144.9265377343921
632.0   141.53380262235962
633.0   149.6648854677054
634.0   148.82169512783452
635.0   154.1903250752123
636.0   156.15436903271447
637.0   152.02804913349266
638.0   158.81999721794347
639.0   155.31578902510452
640.0   159.37706039140207
641.0   161.36221262515636
642.0   160.41086851741204
643.0   158.35194888307356
644.0   159.77496290757995
645.0   160.231522713469
646.0   159.81786190473275
647.0   160.07164851738267
648.0   158.40383173298451
649.0   157.7626639606494
650.0   150.08350115516578
651.0   155.6834667852852
652.0   154.12304568042833
653.0   152.03821638425137
654.0   146.1052660003398
655.0   145.7378047267744
656.0   142.96399074830387
657.0   145.37757244291058
658.0   141.85532518747755
659.0   141.5604049372236
660.0   141.01129958858795
661.0   143.1668973723438
662.0   137.31812519731596
663.0   138.74141645777067
664.0   143.69007143700418
665.0   151.8202978141076
666.0   146.50471520744244
667.0   147.5158319250649
668.0   146.66206743304477
669.0   143.6206168195746
670.0   151.57645674801267
671.0   152.50404515687595
672.0   152.95098169343555
673.0   155.4687239937343
674.0   158.0196411475991
675.0   164.3251411195268
676.0   164.45807151634622
677.0   164.57612163914737
678.0   168.88502545763907
679.0   170.5594689355416
680.0   179.72504982668792
681.0   180.0408429192172
682.0   184.25408771633244
683.0   188.39220286620161
684.0   190.98829514209254
685.0   195.58490170639072
686.0   197.56884853021847
687.0   210.95132725176904
688.0   206.3039125970329
689.0   214.84978154100932
690.0   208.1363608131671
691.0   217.6403258822689
692.0   227.55291196647636
693.0   225.3857921404502
694.0   228.17475632908742
695.0   231.00247227095548
696.0   232.9159242339098
697.0   226.26354346716712
698.0   242.0922518463513
699.0   243.41374685460622
700.0   244.19109439297486
701.0   233.8725715283979
702.0   239.43611126092893
703.0   238.57759347019277
704.0   234.9676970475406
705.0   237.60386808591278
706.0   241.77671367027554
707.0   236.00229786172918
708.0   229.9596830856407
709.0   231.58428110918211
710.0   222.36456984908347
711.0   224.56421218436287
712.0   219.64160580681246
713.0   217.4939301809426
714.0   210.4749603613278
715.0   214.79834393132293
716.0   213.12710342294594
717.0   220.5624771244751
718.0   201.19088078338586
719.0   207.36999801764964
720.0   204.06581680975987
721.0   202.85958560285417
722.0   203.8890874761189
723.0   193.49504917758136
724.0   199.452796414587
725.0   191.68215310482705
726.0   197.94949238793615
727.0   196.59101909101926
728.0   185.8503079703022
729.0   195.88923471538425
730.0   184.90476739532232
731.0   187.38084074656464
732.0   201.60368303167837
733.0   193.20732779074316
734.0   195.72793562605278
735.0   195.3344208683511
736.0   183.15402831872586
737.0   184.79504160883616
738.0   188.24894228804231
739.0   189.17944533426117
740.0   192.72072475415453
741.0   194.87562109964105
742.0   197.61307574556696
743.0   188.84462760443003
744.0   195.03200586154492
745.0   195.04018342695582
746.0   194.69990983004297
747.0   199.14893465933991
748.0   202.3804367049897
749.0   195.47423241181565
750.0   206.8293103812245
751.0   202.52353807193973
752.0   209.00164031662786
753.0   209.88482438185
754.0   206.59220132305984
755.0   215.9107813157968
756.0   214.19838225337026
757.0   218.81214942446996
758.0   222.20757921028604
759.0   219.81135130434345
760.0   226.24273143068868
761.0   225.13949486059312
762.0   228.40178786465898
763.0   236.69417270309225
764.0   233.98259263830695
765.0   237.98479549994673
766.0   239.37723179812608
767.0   238.06406200937917
768.0   245.43645328435937
769.0   237.72861289169808
770.0   248.14827123490875
771.0   236.84527897983153
772.0   241.76463504662877
773.0   235.41813151216815
774.0   236.05326726613922
775.0   226.88584310482085
776.0   227.08455846296576
777.0   228.99798446924007
778.0   226.05221275006915
779.0   217.16966364104985
780.0   218.64841973373737
781.0   205.23465067282038
782.0   208.15522897600678
783.0   206.02961155419476
784.0   200.29242473339528
785.0   189.46558362079804
786.0   191.35788619679795
787.0   193.37568182513004
788.0   179.13897712312962
789.0   179.65330242003523
790.0   171.53819420274738
791.0   166.93833398485464
792.0   165.80719883999103
793.0   160.7906394015786
794.0   156.36249253019702
795.0   153.54459580643046
796.0   146.58066220517605
797.0   145.318674108211
798.0   143.4475176599003
799.0   133.47749379659518
800.0   132.14513379204453
