500.0   107.73665479258278
501.0   112.46362984041687
502.0   111.71136823682878
503.0   104.36050759692912
504.0   109.94412542415029
505.0   105.4276574488052
506.0   100.63745718432534
507.0   98.42129100116526
508.0   92.78525377425882
509.0   91.35929473178052
510.0   84.65595201047276
511.0   85.00556626284444
512.0   86.4365808528608
513.0   83.35457887886247
514.0   82.43151025074695
515.0   75.66870999959062
516.0   82.95564545099344
517.0   83.20109505847049
518.0   79.37546216264715
519.0   81.83329205980309
520.0   76.69331182380262
521.0   73.49427471449417
522.0   77.91276176327659
523.0   77.91390005243991
524.0   77.80976119659374
525.0   77.90034673292286
526.0   85.101438528263
527.0   86.31525580727231
528.0   89.96623480322037
529.0   92.65601467093614
530.0   94.93510282521223
531.0   103.67847295403823
532.0   101.08127101279052
533.0   105.57643936909025
534.0   107.62995593650038
535.0   106.51270129897821
536.0   119.82979246646195
537.0   123.81099742721906
538.0   123.49605227447182
539.0   127.84765727251201
540.0   128.4500828938339
541.0   129.66021683240496
542.0   126.8437174277255
543.0   132.49403307159997
544.0   128.76168383732298
545.0   122.1430775112587
546.0   113.3108551642456
547.0   116.07663234619807
548.0   114.01578329966046
549.0   107.27707459861517
550.0   106.22420127831589
551.0   95.97157008917011
552.0   101.70208902719452
553.0   93.56231531523926
554.0   97.75314663484195
555.0   93.75538675497654
556.0   90.88588817797924
557.0   81.08492231648341
558.0   91.70572954270165
559.0   88.09349254113945
560.0   84.49616259940183
561.0   88.22007574778414
562.0   77.116636031101
563.0   79.89595415876391
564.0   89.14272964027359
565.0   91.17762104916815
566.0   93.35964196964204
567.0   89.46886594260084
568.0   92.99673398409166
569.0   99.82513416140833
570.0   102.92402987471826
571.0   99.56802831067182
572.0   103.40570605718526
573.0   99.5752086367429
574.0   108.83042727539862
575.0   116.5438375189058
576.0   107.62774911881652
577.0   113.3459899555074
578.0   113.09618587450288
579.0   125.10065507030154
580.0   129.88065536634738
581.0   129.93900172834145
582.0   132.0836015329605
583.0   136.68980284055917
584.0   130.33898231145787
585.0   143.7791289401868
586.0   143.5365328745638
587.0   142.45979802329435
588.0   141.50795696862312
589.0   145.63909426068827
590.0   141.32420121766998
591.0   145.4009095729654
592.0   140.81479261893713
593.0   143.3250439703657
594.0   143.24911151579738
595.0   136.0517626377021
596.0   137.23324317582043
597.0   134.34847461568498
598.0   130.0302033121503
599.0   121.45954722993889
600.0   126.52299652628196
601.0   122.8317539752432
602.0   118.64988752275937
603.0   119.10845946231373
604.0   117.60794800450773
605.0   116.4365741457936
606.0   120.34309737001252
607.0   113.73968732504576
608.0   117.79590213198279
609.0   113.9257152993842
610.0   116.69209675029774
611.0   118.48772059592028
612.0   114.68763737879866
613.0   113.31456828615862
614.0   108.65635027943432
615.0   113.10832788349404
616.0   114.44691981606715
617.0   115.60889501715164
618.0   117.19662361825698
619.0   116.43428841043425
620.0   121.37587041455768
621.0   128.97008890506805
622.0   115.05070060849152
623.0   129.27687877082462
624.0   130.02857307576494
625.0   131.83533656558626
626.0   136.72345477533153
627.0   137.72309370797475
628.0   137.0618546132549
629.0   146.12200237346622
630.0   149.92847029539476
631.0   155.98941889417196
632.0   150.64976593405848
633.0   159.81494724579363
634.0   158.64759143917706
635.0   164.68983544352113
636.0   165.78196020549203
637.0   163.63049054487342
638.0   168.99464340337653
639.0   165.3543321658951
640.0   168.18821819456898
641.0   169.79966563340145
642.0   172.31148991308999
643.0   167.68223677156786
644.0   169.35600930040914
645.0   168.93049882368004
646.0   167.3524514802263
647.0   168.50254831376972
648.0   167.55972109543924
649.0   164.8362462776872
650.0   159.49017906076114
651.0   163.41024138652762
652.0   160.7404937481545
653.0   160.86955496316955
654.0   154.15255138342158
655.0   153.41094119301607
656.0   148.96687239078332
657.0   155.49722617818477
658.0   149.79595731927986
659.0   148.21870766440156
660.0   148.38929056452187
661.0   150.5122809479088
662.0   145.3353720783005
663.0   149.05729004849596
664.0   154.6951146846552
665.0   160.8614464978455
666.0   155.1506228746558
667.0   156.0132621201421
668.0   155.15812701491595
669.0   152.49298161002514
670.0   161.28821694167175
671.0   161.80471275845835
672.0   163.6641344610498
673.0   163.69841566896977
674.0   168.91937087654685
675.0   173.77418551121497
676.0   175.0347194120363
677.0   173.89941387220793
678.0   178.28063480905422
679.0   183.15770413918148
680.0   192.62314661604583
681.0   187.82524993513476
682.0   194.51265443569412
683.0   198.91237539167537
684.0   199.63824978254254
685.0   206.71885026312475
686.0   209.7484970514924
687.0   221.41088243602553
688.0   220.20789255537395
689.0   226.48244359703355
690.0   220.5693628763636
691.0   228.69391167212146
692.0   240.29731098278643
693.0   238.94336961814068
694.0   241.70562394051245
695.0   246.7634464318117
696.0   245.34598139478973
697.0   240.97542240798046
698.0   256.848924217527
699.0   257.9631698660304
700.0   258.4180475754024
701.0   244.52801143141014
702.0   250.9334137199876
703.0   250.4220821946643
704.0   249.2942627855409
705.0   252.4221543673185
706.0   251.32295031727003
707.0   250.65229819882074
708.0   242.01517440330517
709.0   244.31701414187555
710.0   234.61029729920978
711.0   238.50352827662306
712.0   230.7368168422204
713.0   229.87331536307798
714.0   224.73266659410146
715.0   224.15246900191934
716.0   224.64096750038334
717.0   232.56358962839755
718.0   211.77720955378703
719.0   221.4460364068219
720.0   217.16316620733332
721.0   215.24215198687705
722.0   215.95493840983784
723.0   203.74455515389977
724.0   212.02945947506038
725.0   201.19182259205863
726.0   211.31854569462288
727.0   210.53497880670264
728.0   196.34562571698586
729.0   205.84060924513517
730.0   196.60781883968622
731.0   196.68388306027177
732.0   213.12487839426763
733.0   204.0979887150231
734.0   207.25815312230986
735.0   203.07555277751723
736.0   194.19637945469077
737.0   195.36593602516572
738.0   199.46841266325407
739.0   197.23876921684604
740.0   203.29275264525168
741.0   204.8350532249112
742.0   209.30043462778787
743.0   199.89899204053003
744.0   200.92084024254285
745.0   206.66166327931228
746.0   204.29757484985103
747.0   208.80218149026913
748.0   211.43129002461248
749.0   204.32952493751833
750.0   213.34030753619868
751.0   214.03157488534518
752.0   218.0838285510394
753.0   220.36319397192793
754.0   217.83891746635044
755.0   226.8885732028812
756.0   226.37902841798837
757.0   228.3931615802776
758.0   233.8937115611928
759.0   229.97858922424783
760.0   238.01036214656565
761.0   239.71931264824485
762.0   243.16022193397103
763.0   249.34358387979324
764.0   246.81299056501766
765.0   250.68547664278887
766.0   255.15947988399026
767.0   251.53004769635825
768.0   258.47909946910795
769.0   251.90443344451697
770.0   258.56981570517297
771.0   253.72704139647678
772.0   255.14199941442774
773.0   248.0302189856829
774.0   248.681723308866
775.0   242.40773749523854
776.0   241.19208271451592
777.0   243.75319177417987
778.0   241.77818908651363
779.0   230.08569787870493
780.0   232.06779880208674
781.0   220.28373564030508
782.0   221.38467829668858
783.0   217.9553458007177
784.0   215.08778736432097
785.0   203.63857863976648
786.0   202.94626674610004
787.0   203.7874901494831
788.0   190.22466710490983
789.0   189.71572734786878
790.0   182.47439810421702
791.0   176.8608773211319
792.0   176.42977914531212
793.0   170.2980656710458
794.0   164.73308499371421
795.0   165.96249949894147
796.0   156.99770473616906
797.0   156.23064386882808
798.0   151.55696500422596
799.0   142.42982497074195
800.0   140.80127616994923
