500.0   120.89259247584158
501.0   126.95559934540259
502.0   124.26054910692551
503.0   116.71878707140397
504.0   122.6969527927701
505.0   117.28582907711032
506.0   112.01095236400744
507.0   108.61667927095343
508.0   103.3717287424463
509.0   101.43702605092861
510.0   93.86310443342418
511.0   95.8810408585787
512.0   97.00635518122476
513.0   91.30969067141893
514.0   90.84863506481906
515.0   86.9352534461527
516.0   90.41221269087069
517.0   92.98769521248968
518.0   88.95629129555707
519.0   90.7861856330808
520.0   84.69979813994479
521.0   82.00647996095097
522.0   88.0228699723483
523.0   87.69718964048198
524.0   85.90551824408419
525.0   87.8780807496637
526.0   93.38601733886898
527.0   94.28413417252364
528.0   98.6834041444877
529.0   102.12927461338603
530.0   105.18878802460361
531.0   111.38973425595384
532.0   112.59663258310013
533.0   117.09173870810113
534.0   123.4196253605848
535.0   120.43282029054356
536.0   133.33889459132277
537.0   136.55785890678513
538.0   136.09085783224714
539.0   141.6103171084521
540.0   141.44518614921571
541.0   144.44935268167825
542.0   140.1510105808527
543.0   146.5857819765567
544.0   139.6532092044756
545.0   133.82899973442574
546.0   125.75932341800603
547.0   126.46437557965626
548.0   126.15500956543244
549.0   119.71984641094701
550.0   117.88476923039957
551.0   107.66827617136559
552.0   113.91248292115841
553.0   104.71648646475225
554.0   108.88558793930272
555.0   102.94278538120636
556.0   98.58515591056513
557.0   90.50598149781246
558.0   100.37441903155718
559.0   96.43731794199519
560.0   93.8034707455796
561.0   95.02809512898042
562.0   84.19405418484087
563.0   89.39978854284738
564.0   98.0662991449681
565.0   98.51475764556531
566.0   101.32032803656222
567.0   98.31846357521047
568.0   102.04717770510482
569.0   106.97117314825292
570.0   111.59209181947779
571.0   107.14780565301947
572.0   110.82293946268985
573.0   109.23354377693084
574.0   119.8041685314837
575.0   127.44001153726984
576.0   120.93812069990432
577.0   126.13061443413304
578.0   126.02764835257668
579.0   136.6556559662557
580.0   141.28989477721123
581.0   142.96624292838226
582.0   146.68795540267857
583.0   150.2333467700789
584.0   143.2708558563677
585.0   157.8972621012158
586.0   159.92815318246332
587.0   154.8686864257972
588.0   157.24402426276774
589.0   161.4420747826537
590.0   156.92101349268617
591.0   158.8467738744384
592.0   155.40095924572324
593.0   158.2006025279635
594.0   154.0847133784191
595.0   149.3294702584551
596.0   149.44631680235156
597.0   147.45913674978075
598.0   144.7066983193911
599.0   134.07329763141485
600.0   137.00309669293497
601.0   134.62725848120573
602.0   130.9493053522792
603.0   131.08163592348328
604.0   128.705827451854
605.0   126.35094125035181
606.0   130.41733405814648
607.0   122.25229882175333
608.0   128.18235282032427
609.0   124.02404722643377
610.0   124.86978234323053
611.0   129.34442803385593
612.0   126.72259621038572
613.0   121.58469238796911
614.0   119.45806342005454
615.0   123.81802923890098
616.0   125.41622632270989
617.0   127.67799159489843
618.0   127.91629388483739
619.0   125.89228482026562
620.0   130.07188941927134
621.0   139.3764587139014
622.0   124.16212723821604
623.0   141.58399201859424
624.0   141.84077276073458
625.0   143.19781122504816
626.0   149.32224709173298
627.0   148.6515733306758
628.0   150.2442506479127
629.0   160.52806500190724
630.0   160.949295959443
631.0   167.8286687495477
632.0   165.93586436653314
633.0   173.2102270131835
634.0   172.41064499346322
635.0   177.27360510127357
636.0   179.5615187465651
637.0   175.59471961372364
638.0   185.53083506404556
639.0   180.23426185366802
640.0   182.7093524742365
641.0   185.80958141117355
642.0   187.51727160407364
643.0   181.84590221607718
644.0   183.7256414981219
645.0   183.75308026671544
646.0   185.13047769729087
647.0   183.03390091171397
648.0   181.87437631586104
649.0   180.52042321456835
650.0   172.47470431102948
651.0   179.18475258329983
652.0   175.23539933796025
653.0   174.90978494164
654.0   166.89782646796058
655.0   167.12591027255786
656.0   164.99872764960648
657.0   167.55093774528356
658.0   163.23206839430247
659.0   163.89310245917613
660.0   162.3436026799345
661.0   162.78088393474312
662.0   159.76110826641394
663.0   160.12200316116716
664.0   166.35115271187095
665.0   174.67507436657408
666.0   170.51947675980895
667.0   168.85698326496407
668.0   169.72692951076758
669.0   166.05931005744407
670.0   173.5309543436947
671.0   176.7114294389054
672.0   177.38044817461196
673.0   179.32253500225917
674.0   183.53986349127047
675.0   187.39669272889955
676.0   189.2514904712656
677.0   187.22528900215215
678.0   193.2133744590182
679.0   197.83021750644406
680.0   206.64542454267038
681.0   207.70720342755732
682.0   212.6239159161177
683.0   216.9906019370734
684.0   218.79288574539683
685.0   225.24779157336997
686.0   227.2902138951248
687.0   239.87285096175714
688.0   239.00596531286882
689.0   246.81310642177786
690.0   242.52198787830181
691.0   248.51741930368937
692.0   259.4758746019238
693.0   259.42806793414456
694.0   261.19212635589355
695.0   263.7005119067637
696.0   267.0798489721428
697.0   259.6105329489483
698.0   276.39941258444213
699.0   277.92013064430193
700.0   276.28554406425144
701.0   263.3948621707151
702.0   271.6716605569287
703.0   272.0093191674934
704.0   269.64439482624573
705.0   274.5835300443244
706.0   271.03616152021516
707.0   269.7012724887705
708.0   261.6275479274774
709.0   265.1289201134184
710.0   254.90091631355148
711.0   254.95280579796997
712.0   249.2423823931703
713.0   250.1487109609338
714.0   239.9980135296486
715.0   246.67594694071337
716.0   240.34961132953913
717.0   250.4492207264459
718.0   231.07361020390852
719.0   238.31684878470926
720.0   233.93781225958506
721.0   231.24253199826757
722.0   232.5909136989452
723.0   223.02235206593818
724.0   228.72674165744252
725.0   219.12257303192118
726.0   227.23120941095513
727.0   224.6938276136964
728.0   215.76202433967472
729.0   222.95838145516882
730.0   208.249894127468
731.0   211.3695132275624
732.0   230.3988250375936
733.0   219.98048868659092
734.0   223.40541720119774
735.0   221.59744785012978
736.0   209.21358387786097
737.0   208.48558610400497
738.0   213.88355052947423
739.0   211.6778349308571
740.0   218.90143338549498
741.0   221.04662817792112
742.0   225.48213125473643
743.0   214.8505579358476
744.0   218.44569508080338
745.0   221.16877517450337
746.0   217.80708740349527
747.0   222.33630272199517
748.0   226.6926263155432
749.0   219.4896077930715
750.0   230.61895550535183
751.0   230.68677520464522
752.0   235.3350847202833
753.0   237.20611975532935
754.0   233.1379346107537
755.0   244.14151849803758
756.0   242.0101941946554
757.0   246.31304867763572
758.0   253.3196218145144
759.0   251.25091769045545
760.0   257.2825166651577
761.0   259.15384460629144
762.0   263.7056043736983
763.0   272.7309894082944
764.0   269.4326499198145
765.0   271.09547066706193
766.0   277.7590909971617
767.0   274.2087850379071
768.0   282.65211556279803
769.0   274.6149764778919
770.0   282.30267563361525
771.0   275.6625967237144
772.0   277.8866354580597
773.0   270.34826939958714
774.0   271.8092445676333
775.0   264.46563485112426
776.0   263.6831639223427
777.0   265.8949866155569
778.0   261.6086483293902
779.0   251.50843478602957
780.0   252.6456630939007
781.0   240.45592816913356
782.0   241.19105337095883
783.0   238.95850942044208
784.0   229.815774832048
785.0   221.0634799632826
786.0   221.48124818336078
787.0   219.27940883561533
788.0   206.89413700485045
789.0   210.00185993508603
790.0   199.72396774585428
791.0   191.43402310484686
792.0   191.40425332060857
793.0   184.25675566938443
794.0   180.4753485710039
795.0   176.31008518221117
796.0   170.37221896917168
797.0   168.32420799370848
798.0   163.39967646319133
799.0   155.15703269390156
800.0   153.9543581833359
