500.0   124.89289702501162
501.0   130.76638907815854
502.0   125.80208698663563
503.0   120.74811696898522
504.0   127.30072384650458
505.0   121.34316398179007
506.0   114.74833307120406
507.0   113.48908364024598
508.0   108.33700461216858
509.0   104.40848183323007
510.0   97.72021687979694
511.0   98.92807204025016
512.0   95.9000221249712
513.0   96.41829873010295
514.0   96.40674080772135
515.0   88.85636392217182
516.0   94.20505915910357
517.0   95.81240481700146
518.0   91.48190007054873
519.0   95.15470408133481
520.0   86.14962726923665
521.0   85.98415545158167
522.0   92.95640292976748
523.0   91.01373716756544
524.0   88.2091280790724
525.0   91.528177252906
526.0   97.79556106938216
527.0   98.33245048423925
528.0   102.00135941093217
529.0   107.78671155791244
530.0   110.06733022224992
531.0   117.77910338187132
532.0   117.86250471356709
533.0   121.50607616298672
534.0   127.64928549544464
535.0   126.06845248831016
536.0   139.6326693289047
537.0   143.00491862397584
538.0   141.6662948904858
539.0   147.62735656475613
540.0   149.59455574417797
541.0   148.85971759607446
542.0   145.41016948878428
543.0   150.22504001607393
544.0   147.7971125474912
545.0   141.70962921241534
546.0   130.94702550165476
547.0   131.90869072589172
548.0   129.86021003457515
549.0   125.52915610655265
550.0   120.3944718263379
551.0   111.69761410916047
552.0   115.94717565044346
553.0   109.03701425245842
554.0   113.14590420503308
555.0   105.73391697751504
556.0   104.19123146433012
557.0   94.64421177452022
558.0   104.878753331675
559.0   100.18917844225942
560.0   97.40588987894319
561.0   100.24898790867812
562.0   89.4283374074771
563.0   92.26263210126717
564.0   102.7183568624304
565.0   103.41885967993974
566.0   107.31405149157735
567.0   102.77342757211679
568.0   107.69514953701699
569.0   113.18077985793329
570.0   118.5321109599775
571.0   112.91239214377146
572.0   115.0373223178
573.0   116.17473227142051
574.0   123.9537808185392
575.0   134.15169168088968
576.0   123.79336944627195
577.0   129.60089907730693
578.0   131.04129231597508
579.0   141.50932471564434
580.0   148.05665074317042
581.0   149.31457495057003
582.0   153.0817544922845
583.0   156.74039084228596
584.0   150.53983748728143
585.0   163.74107223056905
586.0   166.3274018557145
587.0   161.80049467075486
588.0   164.6745142143175
589.0   167.8679514488102
590.0   161.76492046957807
591.0   165.41095932011476
592.0   159.8570177225052
593.0   164.39106712911956
594.0   162.4745458151504
595.0   156.32219369281393
596.0   157.6089390277801
597.0   150.52046156171437
598.0   150.41636167224263
599.0   140.0658904082785
600.0   141.36546378001108
601.0   138.75076967029122
602.0   135.642183667485
603.0   136.12660234721122
604.0   134.27225542509083
605.0   133.4370063184499
606.0   134.63291799601086
607.0   130.98385332929237
608.0   133.72895619436704
609.0   128.88065851705136
610.0   131.48132225016016
611.0   132.9142344869199
612.0   131.48419701876944
613.0   125.9724500250376
614.0   123.27939306138029
615.0   127.73178362358692
616.0   128.4589636855915
617.0   131.08517137435675
618.0   131.96271731911185
619.0   132.64960892627994
620.0   138.35824526938413
621.0   142.64857284450198
622.0   130.90518714874247
623.0   145.98588039655328
624.0   147.717740800052
625.0   150.6839857707938
626.0   153.6903977133924
627.0   155.07093798757373
628.0   157.4363167898246
629.0   164.83755283544753
630.0   169.7385502670124
631.0   176.36268419751084
632.0   172.79996150154565
633.0   183.13947232384226
634.0   179.90849389251127
635.0   185.76455558429245
636.0   188.2541136195974
637.0   186.64028570426555
638.0   190.38815113064896
639.0   190.31743689489164
640.0   193.47218603416135
641.0   197.56746313581579
642.0   194.5839706420171
643.0   190.23416852987313
644.0   194.6613278861667
645.0   191.94048598871197
646.0   191.66817536234856
647.0   191.87439968483798
648.0   190.15241094104445
649.0   188.6559533897391
650.0   181.8379662152343
651.0   184.86193432340713
652.0   183.72815211352105
653.0   182.70102518436482
654.0   176.52549613235985
655.0   175.26718422881805
656.0   172.68480748111287
657.0   175.7148897296062
658.0   169.07771570976013
659.0   170.99882902906018
660.0   170.6206499951288
661.0   171.49331850540855
662.0   166.84983886401318
663.0   169.30037412138924
664.0   174.79457759086847
665.0   183.10235737381365
666.0   175.49027676135725
667.0   179.51332950695098
668.0   176.585063196714
669.0   176.93861857045056
670.0   184.67058605275253
671.0   184.80737766698562
672.0   186.06170524415245
673.0   187.45526622581016
674.0   191.50095323723576
675.0   195.71784672765529
676.0   198.90107738941393
677.0   198.53888808167343
678.0   203.06623651379113
679.0   207.61568359137448
680.0   216.56146352172388
681.0   218.0244027673906
682.0   225.10534432577197
683.0   227.8194895582517
684.0   232.68848883074466
685.0   236.57386563391174
686.0   239.85315485068782
687.0   251.50223415578142
688.0   249.39635340691765
689.0   257.2626126201245
690.0   253.46884285114626
691.0   260.784769139786
692.0   272.5452778288766
693.0   272.7457934918815
694.0   274.8968756913668
695.0   275.82290902819824
696.0   279.24795296646755
697.0   271.9696735182898
698.0   290.95365244833255
699.0   292.5655720740317
700.0   290.35686474619627
701.0   279.8246621793801
702.0   288.30427781971537
703.0   283.7273317684579
704.0   281.91283669702
705.0   285.2225138861099
706.0   286.54604742405627
707.0   286.19554629310505
708.0   275.31203138374315
709.0   279.0684530765493
710.0   267.0609596026156
711.0   269.8873279509008
712.0   261.17444503456204
713.0   259.9331528209218
714.0   255.1717631153651
715.0   255.97815000370016
716.0   255.16109622403394
717.0   261.9595228182519
718.0   241.4522711640049
719.0   248.5663427976361
720.0   244.86254022588642
721.0   243.68044622084022
722.0   243.71272998035806
723.0   232.1088385231936
724.0   240.93779242021247
725.0   229.90465149169975
726.0   238.715875302287
727.0   235.6897615876268
728.0   223.87755721200358
729.0   233.25601585605187
730.0   221.23894604104464
731.0   224.20915016925764
732.0   240.77215118644426
733.0   231.6693073480741
734.0   233.59915279348928
735.0   231.13069033641077
736.0   220.58651444216474
737.0   219.87353468356864
738.0   224.77597662374427
739.0   222.18461904925283
740.0   229.83366598518924
741.0   230.9933457852466
742.0   236.27319729175292
743.0   225.18760816547936
744.0   231.24361245767483
745.0   232.82019026420545
746.0   233.8929563433804
747.0   234.344276633867
748.0   236.64424492614708
749.0   231.52861321020168
750.0   244.42989436170535
751.0   240.09589968499736
752.0   246.50343857343967
753.0   247.77310603976
754.0   246.2301944737938
755.0   256.15431439756935
756.0   256.37058666633186
757.0   260.1951490321914
758.0   266.5608701871009
759.0   265.4828509545264
760.0   270.6371085602083
761.0   272.139608225733
762.0   279.7348265690923
763.0   288.25165756731826
764.0   287.85727423985065
765.0   289.1863837905054
766.0   294.6586735871316
767.0   289.4816563893079
768.0   298.1587437417593
769.0   291.7551802271902
770.0   299.6143890612116
771.0   291.03769553352663
772.0   294.2441981345576
773.0   287.7492149555753
774.0   288.1061056749171
775.0   279.5235454666347
776.0   280.7179893773838
777.0   283.48111949043647
778.0   281.3181379174386
779.0   267.79751965388294
780.0   268.1294472317936
781.0   254.64357219052872
782.0   255.8525429641189
783.0   253.60365962485307
784.0   247.2350857685855
785.0   235.21914766788905
786.0   237.68924390444772
787.0   234.91669390025797
788.0   221.70472830425228
789.0   222.19832525990722
790.0   211.6373793519234
791.0   206.06359953678145
792.0   203.13685945737876
793.0   195.18256025273698
794.0   191.03777858918966
795.0   190.19189559852524
796.0   180.92188476790523
797.0   181.33348084005107
798.0   173.6798961454058
799.0   164.45865856003763
800.0   163.82482849848464
