500.0   129.36135569687787
501.0   131.9044852767042
502.0   132.3624990136331
503.0   123.81766620620616
504.0   131.3852405589227
505.0   125.43113809914414
506.0   116.78743512100766
507.0   116.78312075709485
508.0   109.56701849947518
509.0   108.20279434213532
510.0   100.672457080035
511.0   101.3477418757403
512.0   101.81569470545992
513.0   99.02273326991201
514.0   97.36175906651755
515.0   92.20946167542368
516.0   97.43266324529694
517.0   97.62022473799775
518.0   95.49285718444295
519.0   99.31745815948338
520.0   90.43190956063773
521.0   88.29857359075402
522.0   94.08672351182537
523.0   92.78734140781361
524.0   93.11740794395303
525.0   93.79641133845132
526.0   99.94146730408184
527.0   102.88966972478448
528.0   105.10721574147729
529.0   110.86325051665733
530.0   112.47981283813172
531.0   120.84665886979576
532.0   120.43892934806422
533.0   125.44338970826837
534.0   130.4636024090929
535.0   130.23572364406752
536.0   143.46891338245072
537.0   147.23628225030612
538.0   147.26856738916547
539.0   151.80142532236678
540.0   154.73261923446137
541.0   151.6811640205192
542.0   154.22954098622756
543.0   157.86208112257577
544.0   151.4051605821305
545.0   145.60426489495177
546.0   136.2072006341461
547.0   138.57222530673752
548.0   134.94093638479782
549.0   129.20049508945652
550.0   125.60074183419448
551.0   116.39017607276642
552.0   119.5640609076425
553.0   113.20173111803811
554.0   118.92835325512343
555.0   110.8840989538287
556.0   108.62128349348072
557.0   98.14131214293928
558.0   110.04936079684876
559.0   106.44550510536752
560.0   101.45979374779006
561.0   105.60617001080638
562.0   93.82472764560896
563.0   96.39553635967428
564.0   105.41962587261892
565.0   106.63696909407159
566.0   111.53169404511488
567.0   107.44737757320158
568.0   108.14691015885748
569.0   117.26180668591567
570.0   121.8506933325204
571.0   115.95220726233816
572.0   120.51845847422342
573.0   120.97333584583652
574.0   130.210485878717
575.0   137.96345427524417
576.0   129.9094841721429
577.0   136.35769825600576
578.0   137.48988183546496
579.0   146.79922866989912
580.0   154.1554590597552
581.0   154.6850300783296
582.0   158.83854380919044
583.0   163.66152774802774
584.0   156.4959773978922
585.0   168.86613728451994
586.0   171.22688123335953
587.0   168.74885760572369
588.0   169.79698154150904
589.0   173.43283559119536
590.0   168.14861922599945
591.0   171.60973732201583
592.0   168.1928788743021
593.0   167.71398766011288
594.0   167.7101993955133
595.0   160.11307742987202
596.0   161.0982986790967
597.0   158.56496611037713
598.0   154.5710945518084
599.0   145.78353184931342
600.0   148.6294207668993
601.0   143.5072213972682
602.0   141.55445341194806
603.0   142.79773187930456
604.0   139.69553344465228
605.0   136.94280216700793
606.0   139.13464687238627
607.0   133.75057420132012
608.0   136.60330544299316
609.0   131.14202969577843
610.0   135.14453043332944
611.0   138.44591401836794
612.0   135.29136498164254
613.0   131.3974818883843
614.0   127.31561896222479
615.0   132.29202990140863
616.0   135.8160915289524
617.0   134.7647363598965
618.0   135.4811310138129
619.0   137.85190915135092
620.0   141.3972992774034
621.0   149.0508712844407
622.0   135.91803355180582
623.0   155.23784367786834
624.0   152.4931377463385
625.0   153.22628864928208
626.0   161.07152990590347
627.0   161.29317937080467
628.0   161.935323812755
629.0   174.01432538393482
630.0   177.30285475657948
631.0   181.8188819646139
632.0   178.11419362751073
633.0   188.59029043753685
634.0   188.25144585459788
635.0   193.1729345619433
636.0   196.74717467521722
637.0   192.42336303218204
638.0   198.58395789453778
639.0   198.37575065804336
640.0   200.74401545761665
641.0   203.21087594589488
642.0   203.93270236972927
643.0   201.4287820347868
644.0   201.16215776307922
645.0   199.96292189432577
646.0   202.16705161859244
647.0   200.64834366059264
648.0   196.88144491126533
649.0   197.20919791733556
650.0   189.90374943371336
651.0   196.179351161728
652.0   191.42522251392938
653.0   187.86308496942632
654.0   182.31389186353985
655.0   183.74847335697638
656.0   179.11535677082654
657.0   181.11235283947119
658.0   176.16331090073083
659.0   176.82695227467434
660.0   177.2520332720824
661.0   178.68839566420345
662.0   174.53428275730664
663.0   175.73883464848356
664.0   181.71807403415062
665.0   188.01072747862256
666.0   183.444133377731
667.0   185.53995612036658
668.0   183.13475788804934
669.0   183.68823689894572
670.0   191.65577587889237
671.0   193.86046191050386
672.0   194.09472623623736
673.0   195.48303954362606
674.0   198.9394494742599
675.0   203.66220089853874
676.0   206.01113433646256
677.0   207.58790492678182
678.0   213.16485826401896
679.0   216.5688866463422
680.0   226.35812103011253
681.0   224.8915935380515
682.0   230.72181007428463
683.0   236.82323492559556
684.0   240.78597689444078
685.0   246.0333119897619
686.0   251.87813370684478
687.0   259.8176004490017
688.0   258.81142548042385
689.0   269.0323598189956
690.0   264.89314547420906
691.0   270.52270258506996
692.0   282.7120710098193
693.0   283.5782096872092
694.0   286.266837368333
695.0   289.4705484493918
696.0   288.0970374908801
697.0   283.97549512457033
698.0   303.6425744148427
699.0   304.4099425584934
700.0   301.6224628500696
701.0   288.3629098358372
702.0   299.3593239128493
703.0   298.4268201310974
704.0   293.5979736586502
705.0   298.9888901951658
706.0   296.6840576436474
707.0   295.25617571204225
708.0   286.76036276075445
709.0   287.1609282510119
710.0   278.81396681156525
711.0   280.23926110243076
712.0   272.0564161651374
713.0   271.6421145881927
714.0   265.2329111835759
715.0   265.2840028832451
716.0   262.46477596885643
717.0   271.7279664114275
718.0   255.08537343752204
719.0   260.4851702202668
720.0   255.02009645164307
721.0   250.80130740069092
722.0   253.49559198292297
723.0   240.99327178563695
724.0   249.34454191223335
725.0   240.38244555759215
726.0   246.09096093747578
727.0   247.59561702214458
728.0   233.0345624765544
729.0   243.55295930679893
730.0   229.90658512431258
731.0   233.68948134945984
732.0   252.20233636386547
733.0   241.01916383771376
734.0   243.36227576212735
735.0   238.56093463782653
736.0   227.0842560324703
737.0   229.59063188544204
738.0   234.08288860581553
739.0   230.88264612609237
740.0   238.30718292754452
741.0   240.278030316893
742.0   243.97504949340083
743.0   236.75038313078855
744.0   238.20486018121898
745.0   240.3418062321506
746.0   237.79383791188374
747.0   242.26337016752782
748.0   246.09458855620815
749.0   241.77827870224166
750.0   250.87935341648802
751.0   248.25169037568608
752.0   254.49666395973526
753.0   258.42651894119354
754.0   255.79249842917937
755.0   267.9944709946227
756.0   266.2360300339822
757.0   270.1112112584436
758.0   277.4190348353731
759.0   277.78916858618663
760.0   283.9177589937823
761.0   287.6538379425125
762.0   293.72022857830075
763.0   304.25326346029107
764.0   299.45781142954263
765.0   303.7177520893008
766.0   309.0952758450677
767.0   305.4374077410039
768.0   315.7844467505745
769.0   306.41173170539366
770.0   315.18231021466914
771.0   306.80300676863715
772.0   310.41937624140803
773.0   304.4376090624955
774.0   305.2147055423296
775.0   295.49273010047864
776.0   294.1298448918145
777.0   298.17541872287785
778.0   296.02928440346034
779.0   281.380663997298
780.0   286.4476851154799
781.0   270.4314983765446
782.0   271.21980768657204
783.0   268.47453496758317
784.0   260.0474245681115
785.0   247.53990448801318
786.0   250.3126167238015
787.0   245.27840586829657
788.0   233.0405532563134
789.0   234.979979192308
790.0   222.66020325382243
791.0   217.10455095212677
792.0   216.92894748763894
793.0   207.09903272382408
794.0   202.00651765682846
795.0   199.86525366112934
796.0   192.41089429665118
797.0   190.8131651693798
798.0   184.39751539134937
799.0   174.29314306598286
800.0   170.67468824453738
