500.0   138.1695419276167
501.0   139.47005492236715
502.0   137.54849779133497
503.0   131.64650211677085
504.0   137.62717810287882
505.0   133.13207130725291
506.0   124.35326817309272
507.0   122.81247743702724
508.0   115.58453884903156
509.0   114.80658507204029
510.0   106.95653747444052
511.0   106.65457262351154
512.0   108.01514697232676
513.0   103.59096137140818
514.0   101.96954055680044
515.0   97.52947538683205
516.0   100.95071065444282
517.0   104.20253028740038
518.0   100.74746126039989
519.0   101.70196532839239
520.0   95.08301420717146
521.0   92.53196359352216
522.0   100.33461050667916
523.0   98.84730485882224
524.0   98.20956558129365
525.0   99.89641465075249
526.0   109.32179859591324
527.0   107.08699308490856
528.0   113.31255965103387
529.0   117.96909555937299
530.0   119.81271096440403
531.0   127.53119556925452
532.0   126.75954813301712
533.0   133.40739418276362
534.0   137.11691372985865
535.0   138.4446417151992
536.0   153.19191946059814
537.0   155.20009999568308
538.0   156.76574401996726
539.0   162.92838412133048
540.0   162.85467973930957
541.0   163.35808236321026
542.0   160.35664161371983
543.0   166.18634488209187
544.0   160.5850731561233
545.0   154.08754146680258
546.0   142.02416792393
547.0   144.3065153408808
548.0   142.27091069005613
549.0   139.7306057405466
550.0   132.29270932917854
551.0   122.21945211671576
552.0   127.58213429346023
553.0   120.04289869707961
554.0   125.22010195408134
555.0   115.16902869565274
556.0   114.61121730373432
557.0   104.3252692540313
558.0   115.39966324892174
559.0   110.32989188188944
560.0   106.70379165462202
561.0   109.82026967977308
562.0   96.98505136441361
563.0   101.02501916216755
564.0   113.25603460695052
565.0   112.12503539247618
566.0   116.49286737924524
567.0   111.5553952655736
568.0   113.54715077973341
569.0   123.7770518720578
570.0   125.53770612674947
571.0   124.25228161373036
572.0   127.9368305314949
573.0   124.89720163583769
574.0   135.75404579284452
575.0   146.5482955493791
576.0   137.14512775769734
577.0   144.56890205110707
578.0   143.3282039622886
579.0   154.53755842283212
580.0   160.93019606381878
581.0   161.97004132806705
582.0   166.75376142913566
583.0   173.37071346714922
584.0   165.26397346896493
585.0   178.09774552812905
586.0   179.71688304783012
587.0   179.20764671252283
588.0   177.19169530327977
589.0   184.2860939278348
590.0   175.5351394642071
591.0   180.54220755279422
592.0   177.3615079673873
593.0   177.88303836241028
594.0   175.49999117462136
595.0   166.02596326978647
596.0   169.83422383181627
597.0   167.22818137897113
598.0   164.64447252429258
599.0   153.15774671565305
600.0   154.7163633108827
601.0   150.24552971238558
602.0   148.64926658562658
603.0   149.34560679643502
604.0   146.2165579390107
605.0   144.6917483326535
606.0   148.79214535008384
607.0   143.23541671845797
608.0   141.95153121640746
609.0   137.6887079920196
610.0   142.6516187747932
611.0   144.74945910139581
612.0   141.39557065629626
613.0   138.9696111301208
614.0   133.66237612151468
615.0   137.57841168809705
616.0   141.88468813032765
617.0   142.8291005517178
618.0   142.58288906842859
619.0   143.4505722999727
620.0   148.27927467026782
621.0   155.66088378210452
622.0   141.86741607647508
623.0   159.36624005798956
624.0   161.31403376381985
625.0   163.9322588515373
626.0   169.166401690362
627.0   168.721386840753
628.0   173.3273286186816
629.0   182.23355545712758
630.0   186.69213411339004
631.0   192.09056225665708
632.0   187.94419871174446
633.0   199.19047533066987
634.0   198.7419611488346
635.0   203.81377922873503
636.0   208.58271821756026
637.0   204.40933531073992
638.0   211.8319661023923
639.0   208.34916828210996
640.0   211.300154688417
641.0   214.29263989080482
642.0   215.00971303808694
643.0   209.16755291425554
644.0   213.65648543970724
645.0   211.39073968517582
646.0   211.59543684155932
647.0   213.20523743814616
648.0   209.98184998356348
649.0   208.09042021617458
650.0   201.06601123641326
651.0   205.63591957544423
652.0   201.84883540113486
653.0   201.08771259984297
654.0   192.90684810340744
655.0   193.9847233634112
656.0   189.88971652034618
657.0   191.91568454197588
658.0   186.87156664078117
659.0   186.97884734666616
660.0   186.43183708982022
661.0   188.3214452202275
662.0   183.13237398637733
663.0   186.09416838394984
664.0   193.66233198864023
665.0   202.19234720779164
666.0   193.5421514183437
667.0   195.03339602068587
668.0   195.4505282849287
669.0   192.18430620134285
670.0   202.6549991425524
671.0   203.58236987451548
672.0   206.70829188613112
673.0   208.069531595526
674.0   210.7705300994486
675.0   217.71273861843514
676.0   216.59482054563617
677.0   216.37513887267156
678.0   222.6147234772571
679.0   229.83095098720952
680.0   238.76966251248948
681.0   239.12014922574366
682.0   245.4781308732601
683.0   250.86752765316447
684.0   254.53866252203673
685.0   260.9686140965933
686.0   265.1904087024111
687.0   275.6996857161463
688.0   273.25143226704415
689.0   281.68889241551994
690.0   277.9024468059506
691.0   288.09606609385594
692.0   298.53942435997203
693.0   299.4366777130999
694.0   304.35943838390466
695.0   307.27282681774324
696.0   307.8850804744329
697.0   301.1633186322183
698.0   317.7580280018908
699.0   320.2352769763223
700.0   316.0522951397629
701.0   305.79403567749364
702.0   311.1851159081551
703.0   310.4685772202679
704.0   309.2667210038978
705.0   316.28566012536993
706.0   311.8582511288382
707.0   314.2056534140178
708.0   301.9653970081714
709.0   301.97692417659584
710.0   295.12614574391415
711.0   295.92485966379087
712.0   289.26248403704267
713.0   285.65816433427517
714.0   277.667213301517
715.0   281.7327098990527
716.0   279.90291671493253
717.0   289.0510203311279
718.0   266.1659247776447
719.0   276.1791292326328
720.0   268.95051918702006
721.0   268.6545271674658
722.0   268.22582259576416
723.0   257.44313935815717
724.0   267.05446595425104
725.0   252.80718977273423
726.0   260.94442925326996
727.0   256.34068454230066
728.0   246.94041115866128
729.0   255.9216542632562
730.0   242.2508738893066
731.0   245.14170474311666
732.0   263.0929508847538
733.0   255.3081107829008
734.0   256.464434373835
735.0   252.98704562432587
736.0   237.18821349331148
737.0   242.5739040306989
738.0   244.45244039636844
739.0   244.60024527509677
740.0   251.98955964572465
741.0   251.87313376780574
742.0   256.7314630777274
743.0   246.83227608874674
744.0   250.69643737319615
745.0   254.14974935851484
746.0   251.80399179608602
747.0   255.59003737993348
748.0   257.9177487311315
749.0   254.5558592694067
750.0   264.19045721084075
751.0   261.66243928973336
752.0   269.68315674441305
753.0   272.28267478732755
754.0   272.3861830413643
755.0   281.07080580070715
756.0   283.1981335616408
757.0   284.0380508059134
758.0   294.10231595460493
759.0   294.8804488776841
760.0   302.4800089883428
761.0   305.3820442129658
762.0   310.3855698128972
763.0   322.64677624410075
764.0   318.815449022661
765.0   325.05588755838585
766.0   330.8215794069157
767.0   326.8220983899954
768.0   335.9719125639135
769.0   328.53342638113213
770.0   338.7978158035501
771.0   332.23883920248227
772.0   334.39800396471605
773.0   325.042669625214
774.0   325.2854239884539
775.0   316.3484958106151
776.0   317.73148303458936
777.0   319.1002772468526
778.0   316.7578408323176
779.0   298.135953631042
780.0   303.79598851161757
781.0   289.97938472745705
782.0   290.38768012697005
783.0   287.1471087344179
784.0   281.56718577316246
785.0   266.666624455685
786.0   267.5156964396964
787.0   262.98586505239143
788.0   253.8659009285035
789.0   249.7867925950897
790.0   241.68402951847565
791.0   231.71312726638712
792.0   228.8683351905339
793.0   223.43576641587535
794.0   216.42602310159384
795.0   213.691240063955
796.0   203.91873551003675
797.0   205.20072830424343
798.0   198.14748588480728
799.0   185.18620967015266
800.0   183.16438111709482
