500.0   140.61729955997254
501.0   144.39852815504096
502.0   142.49537617339536
503.0   135.83745580358968
504.0   139.26021693809332
505.0   134.70544636770765
506.0   126.55363108200095
507.0   126.94150361862748
508.0   118.25649734883478
509.0   116.90050344325661
510.0   109.5208193105934
511.0   108.53944255663131
512.0   108.8352164097322
513.0   106.36126111350154
514.0   104.9971445043339
515.0   100.35273340446955
516.0   105.69495106958087
517.0   105.254849633828
518.0   102.99771688845746
519.0   105.89390309729751
520.0   98.15102600152966
521.0   94.92477476279197
522.0   101.67361373009493
523.0   102.36234086917162
524.0   100.91634434461889
525.0   101.94843400482438
526.0   111.22382156635891
527.0   109.24686738777729
528.0   117.37479923536998
529.0   120.7646759810903
530.0   122.76038328849998
531.0   132.0194098555304
532.0   131.66562703945993
533.0   138.14782708475136
534.0   143.3237110602588
535.0   143.09077053069794
536.0   156.49499144895444
537.0   159.99566952475524
538.0   159.3726016389562
539.0   165.1903515395717
540.0   167.68325915578492
541.0   168.15736954006888
542.0   165.8610127466127
543.0   169.78376430805162
544.0   164.5113984120143
545.0   158.9875728908795
546.0   148.29504559740832
547.0   148.57492605859724
548.0   146.02411895098706
549.0   140.62683083539974
550.0   139.64268549657646
551.0   126.32678103205726
552.0   131.3535564064748
553.0   121.63770833099963
554.0   128.27775146542174
555.0   119.90759735034993
556.0   118.73636644090769
557.0   107.31775374704819
558.0   118.3744608611052
559.0   113.83148204541962
560.0   110.35673545690446
561.0   109.93080501095059
562.0   99.4717391670257
563.0   104.91957104155495
564.0   115.24075094077003
565.0   114.76901281046352
566.0   120.61952213083259
567.0   115.38241433976967
568.0   117.94781399671345
569.0   127.16186331551913
570.0   130.4423713473285
571.0   126.99947685106844
572.0   128.41459702511614
573.0   128.04740575121127
574.0   139.9118567786711
575.0   150.99694782643027
576.0   141.4832783467817
577.0   148.15371968531574
578.0   149.20192705453516
579.0   159.66825138654357
580.0   165.9060062222379
581.0   168.20623340238512
582.0   170.54405915630846
583.0   176.81410941653715
584.0   169.4894451302825
585.0   184.5799076636606
586.0   185.51803833661936
587.0   181.95769630927515
588.0   180.9587958055388
589.0   188.68869970852242
590.0   181.36228213295757
591.0   186.7243659297565
592.0   180.64383169664706
593.0   184.9213342451706
594.0   183.3442574201652
595.0   175.79994334453124
596.0   175.86935413522698
597.0   171.49551962374662
598.0   170.2561321295121
599.0   159.0118939703064
600.0   158.65156917736934
601.0   153.7044766135719
602.0   152.5531996402522
603.0   154.0424916012336
604.0   150.51390784595728
605.0   148.3818908058717
606.0   152.67476086290804
607.0   147.60441454715644
608.0   148.66511260167553
609.0   142.05882829120333
610.0   146.38893655195008
611.0   148.73165856704048
612.0   144.45439202290189
613.0   143.06944174669886
614.0   139.26153171820124
615.0   142.24452775921662
616.0   145.8545977353841
617.0   149.07680968444666
618.0   145.85468855884142
619.0   148.27208984308896
620.0   152.07292307724586
621.0   162.1417757174687
622.0   146.9674475618287
623.0   165.6974810677827
624.0   165.58343122977317
625.0   167.03636030871002
626.0   174.21312328111216
627.0   175.42669622295088
628.0   179.18814677314717
629.0   186.82245123066832
630.0   192.75416733614313
631.0   200.03640596458857
632.0   194.885452430725
633.0   205.7042503312112
634.0   206.46915688209816
635.0   212.3639579326806
636.0   214.51394576988727
637.0   212.40311598210977
638.0   218.9546525458046
639.0   216.98161258753996
640.0   222.95086976285833
641.0   221.3624680175064
642.0   221.51361455710804
643.0   218.27483517589442
644.0   219.7568360170019
645.0   218.33392338933035
646.0   220.98120795539688
647.0   219.72233494361595
648.0   216.58918957256216
649.0   214.51546639720343
650.0   208.20284097857962
651.0   214.42773179908045
652.0   208.04660057529628
653.0   208.43590910151454
654.0   200.0978029299827
655.0   202.27171765405444
656.0   196.4101940486424
657.0   199.2674735657695
658.0   194.22443318088403
659.0   196.3359263673551
660.0   193.87873239272838
661.0   195.48564587812015
662.0   190.17590365544856
663.0   190.96845861018622
664.0   200.96225354181763
665.0   209.6301496681049
666.0   201.04547398210886
667.0   202.8298106044371
668.0   203.11485382322033
669.0   199.43801411880196
670.0   209.81627199078446
671.0   210.609971844174
672.0   213.51063176851983
673.0   212.11610651572911
674.0   219.40380015961313
675.0   221.84485695393994
676.0   224.31823410137108
677.0   226.07968595071955
678.0   231.4051461027904
679.0   238.6965349523237
680.0   247.10038180300367
681.0   244.48262749235602
682.0   253.88205322730715
683.0   257.0766270723098
684.0   261.58910999872137
685.0   268.95243665513414
686.0   273.69458689934277
687.0   287.52088568196206
688.0   281.56620568597293
689.0   293.5990842049006
690.0   289.9466709208507
691.0   297.4707166958624
692.0   310.7273647029476
693.0   310.7515175667867
694.0   311.56081735558604
695.0   315.4870467315804
696.0   320.32693344318375
697.0   311.1924759416987
698.0   330.00716843981553
699.0   331.62602318373104
700.0   328.985627993193
701.0   314.91978332498104
702.0   324.7944266627205
703.0   322.1754360774463
704.0   320.90020105356575
705.0   326.2879240873529
706.0   321.8410926762142
707.0   325.3093212076551
708.0   312.0266212898547
709.0   314.9609012977661
710.0   304.5820954543758
711.0   306.3107193816189
712.0   296.80689776882605
713.0   297.37691798656397
714.0   290.159236980096
715.0   291.83689130659434
716.0   287.0002833183316
717.0   296.81845927775043
718.0   275.39777783353526
719.0   284.9760286070133
720.0   279.8953069158632
721.0   275.57343004008203
722.0   276.30245577951933
723.0   265.9712578429852
724.0   273.02888852119673
725.0   260.6711360520078
726.0   272.0505037678015
727.0   267.38919250175934
728.0   253.50859982477152
729.0   268.25416896613467
730.0   251.58951959190472
731.0   254.20863392153134
732.0   271.41973546874925
733.0   263.9728996581081
734.0   265.80223670815866
735.0   259.8145746635871
736.0   247.59873980354996
737.0   250.25565265953335
738.0   252.4987841592034
739.0   252.0477530303957
740.0   260.07629969406514
741.0   259.62506345256475
742.0   265.90983740587103
743.0   254.16458258479256
744.0   259.73057773029916
745.0   260.15418810277976
746.0   261.60854586772587
747.0   264.9202444834808
748.0   263.7986494520824
749.0   259.2399185665935
750.0   270.3672960925081
751.0   271.11210040734045
752.0   275.77813149886566
753.0   281.12729245269713
754.0   278.8953596029924
755.0   288.62876770180014
756.0   288.5741584243266
757.0   294.8440258632464
758.0   305.7322977026783
759.0   303.88823412770773
760.0   314.8711576586951
761.0   318.8958359782869
762.0   321.988597062816
763.0   334.33569225205457
764.0   333.01206806259813
765.0   337.82623412189014
766.0   346.0659535762701
767.0   342.00770942625616
768.0   353.54601124773035
769.0   346.29391826707297
770.0   352.92107460462495
771.0   345.74391102971754
772.0   351.0175047198154
773.0   342.89814328635276
774.0   340.9981972353579
775.0   331.4409452048309
776.0   331.682700266716
777.0   338.4477409916506
778.0   332.4517525570497
779.0   317.17342864443214
780.0   320.2817478426904
781.0   302.7477947815081
782.0   304.21352799133285
783.0   302.6273098645704
784.0   290.8941882915028
785.0   281.855753040817
786.0   278.1033414057894
787.0   277.96717289298635
788.0   262.90264287826915
789.0   262.63931495234476
790.0   249.73310437311318
791.0   244.83023571790596
792.0   240.2555700249793
793.0   231.26460006885836
794.0   226.246977764733
795.0   223.3823576998279
796.0   217.01910465571098
797.0   215.10899426087562
798.0   204.57015087564076
799.0   193.3442983710213
800.0   192.3488222763337
