500.0   131.05117089052249
501.0   136.01295113257518
502.0   134.69813880277786
503.0   126.56636232826193
504.0   133.70566545737466
505.0   126.82138525569744
506.0   118.95469611641539
507.0   119.09729284182251
508.0   111.64944922634697
509.0   109.5555864861499
510.0   105.03550112547848
511.0   104.29446929532659
512.0   104.60320756374063
513.0   101.61822452967914
514.0   100.30415888405952
515.0   94.61839787891049
516.0   98.51559642358629
517.0   101.9918708217663
518.0   97.45377213254127
519.0   98.45215745866412
520.0   93.33842147084835
521.0   89.95176440814663
522.0   96.98979120018129
523.0   95.71285314900658
524.0   95.1130180975394
525.0   99.59920391301631
526.0   104.06622164017713
527.0   105.53426156302032
528.0   108.45514485661593
529.0   115.09529670895387
530.0   116.62111781644788
531.0   124.05135163043587
532.0   125.54661970045947
533.0   130.08582108044428
534.0   133.967319700828
535.0   135.44384891724147
536.0   149.50521768863214
537.0   152.2556139430383
538.0   151.14317356038447
539.0   157.43336532222824
540.0   158.95843211038442
541.0   158.69949553982656
542.0   155.7021275908113
543.0   161.77526161729457
544.0   155.2610214397117
545.0   152.01757604201055
546.0   139.64707445624651
547.0   141.87309126742358
548.0   140.69801789960147
549.0   132.71400852452723
550.0   129.58576995909704
551.0   120.09836700311374
552.0   125.03447191526408
553.0   116.39436834323428
554.0   121.69093706730999
555.0   115.12197919889866
556.0   112.79624840632235
557.0   102.06138068201966
558.0   112.27657005400312
559.0   107.887193379173
560.0   106.85497557929227
561.0   108.02418237367814
562.0   96.7283900210299
563.0   99.89772812456766
564.0   110.6249096440894
565.0   110.63842687579589
566.0   114.05375147361013
567.0   110.64794237340871
568.0   113.59610520312177
569.0   121.65595937365734
570.0   126.0318438904734
571.0   122.74658492040027
572.0   123.92625508458636
573.0   125.1826216554594
574.0   134.87480841323077
575.0   143.54109966911918
576.0   135.1886625408671
577.0   141.0648594975115
578.0   142.65399399239206
579.0   150.76963947606484
580.0   159.0290970993689
581.0   160.51993094928133
582.0   164.62950634958813
583.0   167.99714014608364
584.0   162.33283287986433
585.0   175.93389072686415
586.0   178.24689486930774
587.0   176.8391744712327
588.0   177.34609701237687
589.0   180.04881603191527
590.0   174.8703246418353
591.0   178.68847289301178
592.0   173.38720272106553
593.0   177.1210582092433
594.0   173.6135586319457
595.0   166.9704506091374
596.0   168.43690893467337
597.0   164.68382602565256
598.0   161.25534807031633
599.0   151.96651767973486
600.0   153.91055591338332
601.0   149.08503208499275
602.0   146.670456058839
603.0   147.035510393286
604.0   143.72400795082999
605.0   142.84384368614747
606.0   147.45702309614484
607.0   139.41011617177114
608.0   143.49656662562015
609.0   136.6097332350555
610.0   141.9756555849556
611.0   143.62087970396635
612.0   141.6575461496963
613.0   137.3155203244531
614.0   132.8783974674481
615.0   136.57894084262517
616.0   138.45478137691393
617.0   141.34957508802214
618.0   141.52317358666033
619.0   142.40362413346617
620.0   145.5376910705667
621.0   154.32227045414095
622.0   142.27683232717834
623.0   159.99727579097197
624.0   158.8892366538792
625.0   161.59328783228523
626.0   167.09356483289426
627.0   169.47440017643137
628.0   169.97457035908556
629.0   181.61052378751452
630.0   186.6914685469263
631.0   191.77303517091835
632.0   187.3689768879715
633.0   199.0424931740402
634.0   200.1189139989682
635.0   205.3714462050587
636.0   209.58881126448134
637.0   207.34850591532236
638.0   211.45604382404855
639.0   209.1536740766053
640.0   212.56485781543986
641.0   216.0854091760898
642.0   216.90757621591706
643.0   211.6865443282904
644.0   215.08158373347408
645.0   212.67191915002408
646.0   214.99244151646008
647.0   212.62288020570574
648.0   211.42114402232292
649.0   210.5547662577287
650.0   201.69780119556532
651.0   207.43124493309676
652.0   204.21815432826207
653.0   201.46198538031643
654.0   193.981654048075
655.0   197.6906574533994
656.0   192.846675656702
657.0   195.14584481522658
658.0   189.2392342463212
659.0   188.58863219564574
660.0   188.48184968533704
661.0   190.44916685418892
662.0   186.5244353593534
663.0   187.44027547923824
664.0   194.12347393938433
665.0   200.85294100339726
666.0   196.11414910638732
667.0   196.59057049163738
668.0   197.69244185208228
669.0   195.47199489600735
670.0   205.44091967799113
671.0   207.0595943789834
672.0   205.75222738783623
673.0   207.61045212527281
674.0   214.0176574076313
675.0   218.34060032553344
676.0   220.18327816807383
677.0   220.45030579172422
678.0   227.39957921399792
679.0   232.11028106164594
680.0   239.87568062152567
681.0   241.1765877765111
682.0   247.7986222229609
683.0   251.11629681759916
684.0   256.89102572153115
685.0   264.217158328315
686.0   265.81097812180974
687.0   279.0025598054301
688.0   275.4027655036149
689.0   286.8357559270281
690.0   282.147611532125
691.0   289.62878362516506
692.0   301.3732708217424
693.0   303.5136874958009
694.0   304.8308619052931
695.0   309.11170407962965
696.0   310.0559844948041
697.0   304.54473654251774
698.0   322.5145334644483
699.0   321.37340905539224
700.0   323.43020498452074
701.0   308.62372727264903
702.0   318.3696281271908
703.0   316.1696595245676
704.0   313.698737001264
705.0   317.8770483655956
706.0   318.95118032789094
707.0   316.7729877296323
708.0   307.70743186261416
709.0   307.3657367496344
710.0   299.0780854609116
711.0   300.99890352398165
712.0   291.6431952384837
713.0   288.8150776164314
714.0   285.75171292329674
715.0   285.5536751061911
716.0   284.6252336829754
717.0   290.09186871320566
718.0   272.6773238809457
719.0   278.59146343401017
720.0   273.3354161605795
721.0   271.41556914259695
722.0   271.86847151762106
723.0   261.7245045455503
724.0   268.8118320842774
725.0   256.91065912612703
726.0   263.1950326846303
727.0   263.8905575493786
728.0   250.90482782892104
729.0   258.26401344805845
730.0   245.2874088308513
731.0   251.17435591892243
732.0   268.3806921859062
733.0   257.75013525523013
734.0   258.9351195656138
735.0   257.0320904096799
736.0   242.7156318052069
737.0   246.74744682656663
738.0   249.0655215451693
739.0   250.08872064526577
740.0   256.41619073986726
741.0   257.0346346187264
742.0   263.185771749945
743.0   250.29195194900362
744.0   255.5117789780926
745.0   253.5714780323844
746.0   253.76882966282326
747.0   259.0780205431928
748.0   258.17806844538336
749.0   256.37406014958265
750.0   266.54844715115144
751.0   264.08568318475784
752.0   268.3953205748561
753.0   274.25864983305235
754.0   271.80384050561946
755.0   284.9668352823145
756.0   286.8283914168319
757.0   291.4657824415243
758.0   299.511289686732
759.0   302.5587316105531
760.0   309.13585257909244
761.0   315.79882837603566
762.0   319.6867356524506
763.0   331.8397561315666
764.0   332.77196027147875
765.0   339.1215397831435
766.0   344.3480080146687
767.0   341.68287325489905
768.0   350.9462796491317
769.0   345.5762195587581
770.0   352.27085519353903
771.0   347.68047539370195
772.0   349.1017405066241
773.0   339.34861847935935
774.0   341.19404657161067
775.0   329.8343870361173
776.0   331.5308899264563
777.0   334.93583129189113
778.0   331.30762714114195
779.0   317.45914746820705
780.0   317.10516166961816
781.0   303.6562793233662
782.0   303.40744535606234
783.0   300.94259574585783
784.0   293.32737567396157
785.0   277.9465352190659
786.0   278.01424899642495
787.0   277.22892852451344
788.0   261.0695731155289
789.0   261.40443346221775
790.0   252.42158207341708
791.0   245.50363552324575
792.0   238.5629640049297
793.0   231.92445764231505
794.0   227.99887099965213
795.0   220.94188070531865
796.0   215.56379121052532
797.0   214.46628959545038
798.0   204.25806186358398
799.0   192.3548909948206
800.0   193.53972359574323
