500.0   137.4100258922375
501.0   141.42130941840483
502.0   140.47848531905322
503.0   133.75424859077864
504.0   139.2461103388723
505.0   133.86618328444374
506.0   128.25130928482145
507.0   126.7048495820566
508.0   118.93900106764482
509.0   118.69990673431815
510.0   113.04643088179265
511.0   113.30638725844622
512.0   113.40748784170307
513.0   111.63870879746815
514.0   107.50689697125563
515.0   104.93250335458467
516.0   111.4584693316344
517.0   112.750771862233
518.0   111.83931939796227
519.0   112.76895862743217
520.0   104.36440950354
521.0   103.06509057231665
522.0   111.30562682978712
523.0   110.39749818706039
524.0   109.70547581938587
525.0   113.05647795082876
526.0   120.96118330776025
527.0   121.02937484436757
528.0   126.98999871612696
529.0   133.59955708930596
530.0   136.31341739245872
531.0   144.56936966578303
532.0   146.61686249437565
533.0   148.95419899071695
534.0   155.76325837933268
535.0   157.32458017615508
536.0   174.38364681710746
537.0   177.10437909254452
538.0   178.50495189695295
539.0   186.77331143714767
540.0   190.44652328619213
541.0   189.45386771026028
542.0   187.12138849631003
543.0   195.0838777949898
544.0   190.44098602041876
545.0   182.50749853021108
546.0   172.2647731733614
547.0   174.41471316585907
548.0   171.57418590214056
549.0   163.93719997931635
550.0   158.64378119427124
551.0   149.60225711555782
552.0   154.61375500002617
553.0   146.50063359871538
554.0   150.83907081751752
555.0   143.61483706819791
556.0   140.49557190355878
557.0   129.01469749834308
558.0   143.6208121489072
559.0   133.87677923727122
560.0   133.437195371119
561.0   134.03544041086283
562.0   122.36535515986543
563.0   126.19177384652647
564.0   138.980513782212
565.0   138.3073534248883
566.0   144.34816817963315
567.0   141.5095668738965
568.0   143.54657717082299
569.0   153.49248116501892
570.0   157.6648519246113
571.0   157.22020407084312
572.0   159.06732060809694
573.0   158.30200467632994
574.0   169.56327441916136
575.0   181.42370616643214
576.0   174.35316611219181
577.0   183.32705640562298
578.0   184.3023079305049
579.0   198.11818947926932
580.0   204.28636450039207
581.0   207.9281610416371
582.0   213.84611809766554
583.0   218.93909364225257
584.0   213.0744617485227
585.0   229.6862863838228
586.0   231.3111224503916
587.0   227.3208796016719
588.0   231.4490031332165
589.0   237.61909996752271
590.0   229.95163175661818
591.0   237.8178833871306
592.0   230.3396483951244
593.0   232.64972048373266
594.0   230.91195782072532
595.0   222.70109555210502
596.0   222.85092354774773
597.0   220.83305871370473
598.0   216.80091206015825
599.0   205.06676500477823
600.0   204.71358609485256
601.0   199.96037168718277
602.0   194.62318611218544
603.0   199.9027218239909
604.0   193.13185813270601
605.0   191.769886614901
606.0   199.04191563328112
607.0   191.10518479783175
608.0   192.81562134685194
609.0   184.8644562915237
610.0   187.94948937962906
611.0   193.3894870281702
612.0   191.51271405790985
613.0   184.68049428693595
614.0   177.33590841264765
615.0   182.7112991237267
616.0   186.26825412015975
617.0   190.640316320091
618.0   188.35905840988158
619.0   191.87866574951437
620.0   195.22711969592117
621.0   206.85106849409823
622.0   190.66103483415827
623.0   211.15553707505774
624.0   217.32633314081522
625.0   221.14841688546176
626.0   234.33579018224688
627.0   235.84687462742878
628.0   242.20318729792635
629.0   254.49427184609237
630.0   261.80754575703077
631.0   271.4552057483895
632.0   270.89095730717247
633.0   282.17938040147635
634.0   286.72648637287045
635.0   293.58209134273295
636.0   300.0545646508348
637.0   299.32971441785594
638.0   307.529405117473
639.0   307.5334782532161
640.0   311.9944367886484
641.0   313.03299522002703
642.0   315.4252420731116
643.0   314.5169755551706
644.0   317.50384950319796
645.0   315.4164799999206
646.0   320.3716870479929
647.0   316.10347002880394
648.0   313.69190662347955
649.0   312.54916234988013
650.0   305.7966306281744
651.0   309.7691140470691
652.0   304.58904208351925
653.0   305.1798114639559
654.0   297.59306563687403
655.0   295.1963891510585
656.0   293.41754235709016
657.0   292.6444069472334
658.0   287.93742038912944
659.0   287.33120113998547
660.0   288.84612396730813
661.0   290.34794837721836
662.0   286.4288934954798
663.0   286.6997291477147
664.0   296.2007109117963
665.0   309.58661597605305
666.0   300.7453681636051
667.0   301.66190322620207
668.0   300.1028317267195
669.0   299.6432260144175
670.0   314.44143803179395
671.0   318.5592287191997
672.0   318.6977340858629
673.0   322.35187168515677
674.0   326.58242668654054
675.0   336.860194887203
676.0   340.7046804083634
677.0   343.1782632146825
678.0   349.48826918418405
679.0   360.8931740858762
680.0   374.03133285875026
681.0   373.967685625353
682.0   384.5746323973454
683.0   392.5540477012536
684.0   400.7900646610992
685.0   410.00543836640236
686.0   417.28697833729393
687.0   432.6984625738286
688.0   432.9616172154143
689.0   450.22978897879887
690.0   448.7408326075421
691.0   455.9189049392776
692.0   474.53018554554603
693.0   478.660679027607
694.0   481.8079869966171
695.0   490.48431750019057
696.0   493.61308408229127
697.0   484.40826563643725
698.0   511.8566523229709
699.0   516.0433984348382
700.0   510.922594795877
701.0   493.8255106898771
702.0   510.1931094302031
703.0   505.77778642644574
704.0   505.5682536925767
705.0   508.86287132822196
706.0   506.92027164672015
707.0   508.49470819984447
708.0   495.2886657882399
709.0   499.7957794561728
710.0   485.3566054744676
711.0   484.00312891828764
712.0   477.6195252237495
713.0   472.6099684695969
714.0   463.27074804687834
715.0   462.89557806320374
716.0   459.2690503481551
717.0   468.59740055432997
718.0   443.73453798282276
719.0   453.6279399607288
720.0   446.9709326470629
721.0   439.994214626902
722.0   444.5009317397364
723.0   433.63282262869393
724.0   439.58574117645475
725.0   425.8711188111597
726.0   430.7875290519439
727.0   430.0425514788651
728.0   413.70501566956364
729.0   424.610419952881
730.0   406.3536792112725
731.0   410.72622557339
732.0   434.63141949380673
733.0   423.01309180808255
734.0   427.29537850728985
735.0   418.9766282420817
736.0   398.51538213185813
737.0   402.574309076532
738.0   408.58206325417524
739.0   405.11345302470704
740.0   419.52718232640393
741.0   415.95464487618835
742.0   421.873556275377
743.0   405.03251547146067
744.0   407.04831236447
745.0   404.386729822325
746.0   401.35449443078994
747.0   404.70465420907874
748.0   406.47993684893254
749.0   406.41223195548037
750.0   424.06990495827176
751.0   428.7190925365288
752.0   444.7405171040359
753.0   455.51988640958905
754.0   465.8318334044774
755.0   492.8165457407541
756.0   506.3977140844903
757.0   520.984535859036
758.0   545.9473543017434
759.0   552.6105613723023
760.0   574.9606705551636
761.0   589.6976434934178
762.0   607.8681497172188
763.0   637.1985866843788
764.0   643.9305564857747
765.0   656.5322219210453
766.0   675.8409375059539
767.0   669.8447513668219
768.0   697.6077461950925
769.0   685.5108238004003
770.0   705.5314756712016
771.0   694.4996304102934
772.0   696.8336568471562
773.0   685.9930820617542
774.0   695.5108064549974
775.0   673.8059547963369
776.0   675.4597806101606
777.0   683.7834708140631
778.0   677.9286669364672
779.0   655.967813638103
780.0   659.2107033298047
781.0   635.4779898539285
782.0   635.6046703762485
783.0   624.5226814944492
784.0   608.7514283230926
785.0   590.1269422139226
786.0   583.2634736704474
787.0   576.458725424777
788.0   557.1921535616968
789.0   551.1772947622903
790.0   537.0696953386409
791.0   522.5453373390305
792.0   517.2937287049369
793.0   502.79584370354587
794.0   487.24638096636215
795.0   477.3513218060722
796.0   466.3476109181517
797.0   470.417556580599
798.0   450.7835022039693
799.0   428.37435001782336
800.0   423.80219218666764
