500.0   141.21701242254096
501.0   147.45179315648718
502.0   143.46066020072112
503.0   137.10916325610273
504.0   142.70477667752783
505.0   136.1906584230272
506.0   128.82037962783374
507.0   126.85186783027333
508.0   122.17424081409064
509.0   119.3855694216688
510.0   111.78872920171071
511.0   113.52532037423535
512.0   111.26183503206283
513.0   109.53219590936834
514.0   107.4353642426372
515.0   102.25959209880992
516.0   106.5372751799994
517.0   110.98257688770005
518.0   106.02194724331682
519.0   107.79068327700597
520.0   101.32253429137012
521.0   99.14333279768186
522.0   106.89983202600564
523.0   104.7882733771784
524.0   102.8226155699794
525.0   107.92172763951828
526.0   113.60914203561688
527.0   112.79463353658133
528.0   118.84160232011848
529.0   124.99466624441521
530.0   128.18955057661654
531.0   137.26282883352206
532.0   135.00291069434792
533.0   139.67846361812687
534.0   144.22626181018262
535.0   146.9283265879961
536.0   162.16944280734154
537.0   164.75750674374368
538.0   166.42785886863663
539.0   170.4326414859665
540.0   172.7986097391747
541.0   172.92510535879114
542.0   169.97798595525353
543.0   174.8313003100148
544.0   170.59627566259954
545.0   163.43730461724402
546.0   153.19902512080932
547.0   154.5500020104544
548.0   151.41502340303774
549.0   145.18636676726442
550.0   141.18696523312224
551.0   130.93542242048912
552.0   137.5069278708762
553.0   127.65097038861788
554.0   131.1135942146997
555.0   124.9678036167544
556.0   122.50344341686858
557.0   110.82047207760797
558.0   124.10455135970972
559.0   116.22227971009389
560.0   113.43045418717486
561.0   115.2099930793245
562.0   105.76263304566612
563.0   108.97625674118314
564.0   120.33458533137414
565.0   120.19009485764806
566.0   125.551951436987
567.0   121.02872057522407
568.0   122.29662520717491
569.0   129.18336378557595
570.0   133.654244212253
571.0   130.92983736722243
572.0   134.50246611020586
573.0   133.5134429862136
574.0   143.90582673637914
575.0   156.1311246391176
576.0   147.2442472249937
577.0   153.9477852966787
578.0   156.42158778079587
579.0   165.84260310305828
580.0   172.93637799583487
581.0   173.6461205539378
582.0   177.34836087361575
583.0   184.0110683220806
584.0   176.79792537023064
585.0   189.9485308344968
586.0   191.190336161158
587.0   190.55280347346678
588.0   191.10072165529752
589.0   193.78116684455924
590.0   187.4467102640057
591.0   193.54224917780553
592.0   187.49703989277833
593.0   190.64237209843475
594.0   191.064161420959
595.0   180.78486134766314
596.0   181.79905262592146
597.0   178.07725714904782
598.0   175.8294978239447
599.0   162.72089130387263
600.0   162.95856993518848
601.0   161.4431218154295
602.0   158.24163687522238
603.0   160.0757813222772
604.0   154.69075664232335
605.0   154.79298347479192
606.0   157.91823353503986
607.0   152.90204216414762
608.0   155.55739028777796
609.0   147.66229601313114
610.0   154.1243885954639
611.0   154.5658610660858
612.0   149.8944175726672
613.0   148.29170512581666
614.0   142.634594575979
615.0   148.15040850721476
616.0   149.2470986931328
617.0   153.0549088684152
618.0   152.5038507676751
619.0   154.4982253058613
620.0   157.11520095994044
621.0   167.3164476492625
622.0   152.18499146109474
623.0   170.76938984865063
624.0   171.05764883017486
625.0   174.7440423521669
626.0   183.4028190032727
627.0   182.30207167327242
628.0   186.39705947010978
629.0   195.4593527826333
630.0   202.02402056132948
631.0   207.65978697159167
632.0   205.94954137496947
633.0   216.42958733998285
634.0   215.66880450784868
635.0   221.34247201692745
636.0   225.67980714819257
637.0   221.44501625131542
638.0   229.4178922948364
639.0   226.29275935879005
640.0   231.94045969046644
641.0   232.34362185762035
642.0   231.96751666449842
643.0   230.39995050687614
644.0   230.16906950729162
645.0   230.21587844909172
646.0   231.48223793795762
647.0   229.54884431157123
648.0   226.96484219831515
649.0   225.88341432279472
650.0   218.7388985328011
651.0   224.66418036000056
652.0   219.44747725815245
653.0   220.25647096799048
654.0   211.40801722888645
655.0   210.90924661383877
656.0   208.02505506706157
657.0   210.81031645140436
658.0   204.1914789199758
659.0   205.50986203917017
660.0   202.8940643227243
661.0   206.07304420144212
662.0   202.5785466252006
663.0   202.89493546026776
664.0   209.88463645821662
665.0   218.1113254753292
666.0   213.38303492410435
667.0   213.94290583943547
668.0   212.89309314847648
669.0   208.56531645071425
670.0   219.45301448303525
671.0   224.9897188160601
672.0   224.2772228899919
673.0   223.35294667778132
674.0   230.60978282330427
675.0   237.30394853011427
676.0   238.56297084169356
677.0   236.29048556646458
678.0   245.02289247785012
679.0   251.61658129186145
680.0   259.80300754463224
681.0   259.24267394316036
682.0   268.1225270506634
683.0   273.2324315825132
684.0   273.9878938499636
685.0   283.05335488960895
686.0   289.41294357966507
687.0   299.76838725947886
688.0   299.9648158559147
689.0   308.4959837095171
690.0   307.40539602799254
691.0   310.21056693650894
692.0   326.35840146188144
693.0   324.0506183878258
694.0   329.9259654970164
695.0   334.08828488758485
696.0   338.59913722972533
697.0   327.6946347346171
698.0   346.79651592708893
699.0   350.1421807239925
700.0   346.7825947423936
701.0   332.29684970048856
702.0   345.45281490711807
703.0   342.7407643162506
704.0   340.98788430413674
705.0   343.1557006113514
706.0   342.764243256678
707.0   342.86639205022095
708.0   331.2554516873655
709.0   332.45235679997427
710.0   323.3484110246391
711.0   323.1778708585985
712.0   315.85485372615346
713.0   313.01170005672566
714.0   307.1635256856607
715.0   309.598781184618
716.0   304.7815484213559
717.0   313.5194233308073
718.0   292.3519676686498
719.0   302.538566055296
720.0   297.4133910177683
721.0   293.80128004418526
722.0   291.90910848506513
723.0   281.2969472251916
724.0   289.13833653654495
725.0   276.95583126252825
726.0   284.34722722156926
727.0   283.7871320711812
728.0   270.68984393268994
729.0   281.99104223018884
730.0   267.2900925274705
731.0   267.9588647865853
732.0   288.58834452244906
733.0   278.2641301332426
734.0   281.3856335991737
735.0   276.66596063857764
736.0   261.51791459034655
737.0   265.36100323829453
738.0   269.7916490030707
739.0   266.832746138927
740.0   274.2782937970146
741.0   273.799132603306
742.0   280.5211423811506
743.0   270.69082727919965
744.0   274.81875134873485
745.0   276.80262723558764
746.0   272.58087941765007
747.0   277.16446158723943
748.0   278.893329271228
749.0   275.6346580148766
750.0   286.02309069692535
751.0   284.8358576156438
752.0   289.8789328684898
753.0   295.2184894395839
754.0   294.276810821729
755.0   307.1002642007147
756.0   310.5936097942922
757.0   313.90278843958305
758.0   328.9090515066934
759.0   325.34026337232535
760.0   334.9821913049816
761.0   341.8254014402146
762.0   348.5777915818363
763.0   358.34461082801687
764.0   357.58445344136373
765.0   366.32087913727685
766.0   374.6243971950348
767.0   369.0538724422315
768.0   384.2566531406218
769.0   374.19578045580715
770.0   384.0399629521797
771.0   375.287159519718
772.0   377.5559080882434
773.0   370.37525238753204
774.0   371.6716304855887
775.0   360.0917353294068
776.0   360.1542668358928
777.0   367.72450273767544
778.0   361.90653100941864
779.0   344.3123407926783
780.0   347.7322383319623
781.0   332.86954979530185
782.0   330.65953643366436
783.0   330.48489890970063
784.0   317.14006268838216
785.0   302.76265803193246
786.0   302.3894552138145
787.0   300.50291029506786
788.0   287.21212391284405
789.0   283.1711522362716
790.0   276.1692680590464
791.0   264.78419893439457
792.0   262.85507683070824
793.0   254.0388626264
794.0   247.24099648443377
795.0   242.25733423566604
796.0   233.0110807959466
797.0   231.32200755284364
798.0   223.2711308271717
799.0   209.29137474310318
800.0   209.6376612000185
