500.0   146.58808451128516
501.0   149.1145375514425
502.0   148.0148749151927
503.0   139.4543415979305
504.0   148.2963250211222
505.0   139.4302880793023
506.0   133.54908748446832
507.0   131.18574637663679
508.0   122.56891046747415
509.0   121.26530147806918
510.0   113.53267094032029
511.0   113.44505819767946
512.0   113.82336578050968
513.0   112.3155700466815
514.0   109.15201685991792
515.0   104.78985530416239
516.0   110.60970790575121
517.0   111.02531449655177
518.0   108.61967188524537
519.0   112.5955122338701
520.0   102.06242142792559
521.0   100.91192896048068
522.0   107.68620322190401
523.0   107.99001413726629
524.0   105.93810268734745
525.0   109.28828540862298
526.0   117.16696427148267
527.0   116.94173043736834
528.0   120.76433608935181
529.0   126.23854125272896
530.0   129.5370820561374
531.0   139.93991521770454
532.0   138.42338410986497
533.0   147.8918713874032
534.0   148.8664342970821
535.0   151.8403703281879
536.0   166.2548443477414
537.0   170.09116224666226
538.0   167.61903059239944
539.0   175.38003180027764
540.0   176.1292355546385
541.0   179.58037668364108
542.0   174.84411768729973
543.0   178.25137048265918
544.0   172.61890780129212
545.0   168.462374523832
546.0   156.46686918808751
547.0   157.8982049830054
548.0   154.4173642168258
549.0   150.5741252782766
550.0   146.23108148290214
551.0   136.7611497046333
552.0   141.77980171848793
553.0   128.70640502054349
554.0   134.51184676287497
555.0   127.49953331683338
556.0   127.37098745081946
557.0   115.83193993434094
558.0   128.15555101556174
559.0   120.99585686427653
560.0   117.47098809982896
561.0   118.61481846838282
562.0   107.98808999584708
563.0   113.93863388198889
564.0   122.89035829066873
565.0   123.5653073978904
566.0   128.24854764962203
567.0   124.54937267013761
568.0   125.34617028890452
569.0   135.949874031895
570.0   139.12300944481785
571.0   134.046103087453
572.0   139.80684086142733
573.0   139.47985363495428
574.0   149.2966101921504
575.0   160.34258488460515
576.0   150.6816055212881
577.0   157.7006406126445
578.0   157.5421435052908
579.0   172.29476256094992
580.0   175.67749721014403
581.0   178.09283738431964
582.0   183.42352669452205
583.0   187.3554287457259
584.0   181.38927499321272
585.0   196.55416044317798
586.0   198.69875857356803
587.0   194.70121684021404
588.0   196.39549445408218
589.0   202.37600425540208
590.0   192.03878056076533
591.0   199.04862779836648
592.0   193.30063482483126
593.0   194.8495720565606
594.0   194.2074801127805
595.0   187.2013484520483
596.0   186.75947042550595
597.0   184.00703849581512
598.0   182.16393488311704
599.0   171.17054811527674
600.0   168.97807313887895
601.0   165.77731390430853
602.0   162.92672021254126
603.0   164.90568350007644
604.0   159.9254987799998
605.0   160.37616685270604
606.0   164.79768965091068
607.0   156.4068436578817
608.0   159.6323556155406
609.0   151.8073721659091
610.0   157.44594944960446
611.0   159.25896636903678
612.0   157.02873860592197
613.0   153.08817252126525
614.0   148.48603025156882
615.0   151.78479646548737
616.0   155.25783999871513
617.0   158.20146978419737
618.0   158.3323336210304
619.0   159.00540856422214
620.0   162.43843043171003
621.0   171.97036845117213
622.0   157.79828450965647
623.0   176.51961722960033
624.0   174.31007838897233
625.0   180.68903688751755
626.0   189.08822485803367
627.0   188.27826907823604
628.0   192.74117827774828
629.0   202.13237524870266
630.0   208.85108264132438
631.0   214.116734326802
632.0   211.20585001002004
633.0   222.42524235366267
634.0   221.72670324939168
635.0   228.05809264318623
636.0   233.49593489464158
637.0   229.45454862854396
638.0   236.15733521397726
639.0   236.31437104886137
640.0   238.6355078426275
641.0   242.50760121760044
642.0   241.8823806392133
643.0   237.3351102461954
644.0   241.36092813160514
645.0   240.7695558754601
646.0   237.03985464264514
647.0   237.6539561660039
648.0   232.52844635328645
649.0   233.5807065784734
650.0   225.54636667210303
651.0   230.53513891767386
652.0   226.33621176467256
653.0   226.82525596370687
654.0   221.5303779813083
655.0   219.30619170172895
656.0   214.9736102821636
657.0   218.92115964923957
658.0   212.36127290147732
659.0   213.8922455034181
660.0   212.1711466294922
661.0   211.75245449055305
662.0   209.97732537526116
663.0   212.37027075291272
664.0   218.06450049090353
665.0   226.83056797779815
666.0   220.91971396859404
667.0   220.62484586766084
668.0   220.38368484215832
669.0   220.47403202708966
670.0   228.17099018362825
671.0   230.8761449973314
672.0   233.5070626738247
673.0   233.51569550573063
674.0   237.46762338205826
675.0   245.25185241399657
676.0   247.88493131513658
677.0   245.78852782262115
678.0   254.76939411882904
679.0   260.69983019264595
680.0   269.488454194298
681.0   273.41814538049744
682.0   278.7939798473628
683.0   282.2885799255909
684.0   288.33683302660916
685.0   296.0324247670366
686.0   298.4830094853462
687.0   312.2976386808464
688.0   309.46013247075473
689.0   320.5411390764094
690.0   318.53671939220294
691.0   325.71281419613
692.0   342.10921578201
693.0   340.9618272946111
694.0   342.49794329456455
695.0   346.3160564342789
696.0   348.710652886807
697.0   343.3081951086284
698.0   363.04791403844575
699.0   363.4548524774849
700.0   362.91008471300086
701.0   346.7796562907057
702.0   355.8506011418867
703.0   355.7859751234336
704.0   354.1498253168095
705.0   356.2916013868955
706.0   358.72313264507966
707.0   356.15575192672065
708.0   345.1664085825536
709.0   345.19851713421747
710.0   335.6193847297797
711.0   334.8037612097264
712.0   325.61928099244585
713.0   326.9813671199727
714.0   318.97208988710497
715.0   319.822185308797
716.0   319.44439348494836
717.0   323.55660244295655
718.0   305.4280233117141
719.0   312.5069075669784
720.0   306.1195681205047
721.0   303.61257634264905
722.0   304.50540662157243
723.0   293.6133544018247
724.0   299.0421229832389
725.0   288.9591776839029
726.0   295.7885085115007
727.0   296.3394974148616
728.0   281.89846118920923
729.0   291.69444392325494
730.0   276.58526378311103
731.0   281.54105226325487
732.0   300.982171459584
733.0   289.3817283003116
734.0   290.73052637592787
735.0   286.62556095388004
736.0   273.5830502119643
737.0   278.8630613199083
738.0   278.20466869696924
739.0   280.3897801663588
740.0   285.43849478301047
741.0   284.02195585198035
742.0   292.6394577487484
743.0   279.41652828017016
744.0   281.9428193729552
745.0   283.7359494536884
746.0   284.7680480447365
747.0   285.8941362313402
748.0   291.0193055230118
749.0   283.0600548096059
750.0   296.96639296224646
751.0   294.3367407358787
752.0   301.44113501838444
753.0   305.578607433225
754.0   307.61079037056385
755.0   318.43894002169236
756.0   322.16090186893854
757.0   328.0301481098364
758.0   340.9739144836196
759.0   342.5091095982708
760.0   347.93317337080293
761.0   356.39055334603256
762.0   360.9047715638403
763.0   377.5245308021899
764.0   378.02063386533143
765.0   383.7226739748604
766.0   391.5792745192233
767.0   389.09701654424657
768.0   403.27034864362884
769.0   392.13619674265976
770.0   404.03855189472193
771.0   394.27549241290035
772.0   395.26958118970776
773.0   388.04915976140927
774.0   389.4488982680514
775.0   381.68095564851535
776.0   377.5243051251508
777.0   385.6314235382766
778.0   377.5152692788443
779.0   361.57843238166305
780.0   361.3398038966667
781.0   348.7060957061557
782.0   348.15526975037665
783.0   345.2106643285149
784.0   336.1152872713408
785.0   320.6057287358116
786.0   316.2643118691795
787.0   315.68377451041545
788.0   299.4217486635262
789.0   297.3724211549775
790.0   287.29770031200985
791.0   278.03602635433197
792.0   274.373056978861
793.0   269.22563216586514
794.0   258.8864601179912
795.0   256.24439172906534
796.0   245.0806922395472
797.0   244.2833211764653
798.0   233.51501723356273
799.0   222.68245370949103
800.0   221.4596860736679
