500.0   154.85686566917838
501.0   155.73872342060398
502.0   157.69724501484018
503.0   149.54278969635797
504.0   154.3403699464692
505.0   148.22658219062387
506.0   141.32235749428526
507.0   138.9397433327064
508.0   131.05312282603143
509.0   128.7497563622447
510.0   121.85522463205919
511.0   121.48147530522127
512.0   119.80918055686033
513.0   118.00978909339256
514.0   116.4966350962963
515.0   111.10238739493374
516.0   116.38890605098553
517.0   118.712450054924
518.0   114.06268608785527
519.0   118.2945912870641
520.0   111.1468012113516
521.0   106.65327687318222
522.0   114.84352142171883
523.0   115.58403738746634
524.0   112.36618897000966
525.0   118.44647560393378
526.0   123.33306376626362
527.0   126.3402129650915
528.0   130.414812814601
529.0   134.48582085605653
530.0   139.42544361079715
531.0   150.47347142224913
532.0   147.98006865451578
533.0   153.2784157108775
534.0   159.68869315760293
535.0   160.56066241035793
536.0   174.1212073073768
537.0   178.33384971930573
538.0   178.9504819706459
539.0   184.61666087556566
540.0   188.83992973831084
541.0   187.3949988767049
542.0   183.20712306231502
543.0   190.58252906805149
544.0   184.09700783013378
545.0   178.33836818884822
546.0   168.48336977579794
547.0   167.47050580101208
548.0   163.4554464896594
549.0   159.5076912339851
550.0   156.08372059965086
551.0   143.08288331059904
552.0   149.48210191914916
553.0   141.01511747540255
554.0   143.4824040988769
555.0   135.7873441034693
556.0   133.33410340741247
557.0   120.91949413307509
558.0   131.68683443761864
559.0   128.75708129119462
560.0   125.13118289248644
561.0   127.54014148296264
562.0   115.72406019875359
563.0   117.13372921377413
564.0   130.58304718309202
565.0   130.75472311169656
566.0   136.2489471301559
567.0   131.54849969020543
568.0   132.9458065170766
569.0   142.56613109381712
570.0   147.1957293124011
571.0   145.56142285376768
572.0   148.9886991651218
573.0   146.29551935983898
574.0   157.35056161637544
575.0   169.45457183457486
576.0   161.16704572660646
577.0   168.13077744512654
578.0   168.6278363552493
579.0   179.83319127001292
580.0   189.43943563065622
581.0   188.5495185865181
582.0   193.66335507833648
583.0   201.89795029198294
584.0   193.01828653450576
585.0   208.70022657958384
586.0   212.3583563453
587.0   209.1986391838082
588.0   209.09953348223584
589.0   215.44281337761228
590.0   205.84122063896777
591.0   212.21884511884573
592.0   203.75602802782367
593.0   207.76348922996476
594.0   206.30886161645412
595.0   198.77110665016227
596.0   198.7868254693091
597.0   194.6475856177112
598.0   191.98061216334705
599.0   179.57495298108034
600.0   181.062900073855
601.0   177.6603830601137
602.0   172.93047456331774
603.0   175.11469857553848
604.0   170.71304789252778
605.0   168.6917259138001
606.0   172.93965334386093
607.0   166.50930818795226
608.0   170.17825168642023
609.0   161.86670373827332
610.0   167.72097514571337
611.0   167.9303393873608
612.0   166.37685636075506
613.0   161.46512565973686
614.0   155.1713932215494
615.0   162.2547268241081
616.0   164.07831358120612
617.0   167.8460636112894
618.0   166.30198559156474
619.0   168.50089735781881
620.0   171.6884018839523
621.0   183.3942427062866
622.0   169.97580493138872
623.0   187.45785385377263
624.0   187.5857727297784
625.0   192.13194549167264
626.0   199.0254557239078
627.0   202.259912649607
628.0   207.70325195682554
629.0   212.94886892596315
630.0   220.12105669254473
631.0   228.2637294217187
632.0   225.4105267301192
633.0   237.18420239200793
634.0   237.7429190412123
635.0   245.2753041584486
636.0   248.64276019384485
637.0   246.57889863075954
638.0   252.434394060251
639.0   251.17928876901115
640.0   254.87920942642066
641.0   258.4399771066909
642.0   259.1067996663129
643.0   252.86047305891228
644.0   256.4470611959503
645.0   254.5093996791543
646.0   253.71975899999688
647.0   254.03842329227692
648.0   249.1248245418378
649.0   246.8253902748846
650.0   238.8697764895855
651.0   246.24101417973043
652.0   243.54993836648924
653.0   240.86832573361107
654.0   234.41182246276898
655.0   233.8727076499648
656.0   228.8175100656285
657.0   232.1363665359752
658.0   226.29234422528077
659.0   226.35458834854478
660.0   225.7974118684282
661.0   229.62656092489905
662.0   224.57846250295586
663.0   226.1093736972318
664.0   233.6602898404077
665.0   240.99986151113868
666.0   233.28256231292144
667.0   235.29817219992418
668.0   234.30546250191512
669.0   231.45421677881683
670.0   245.1284716364092
671.0   245.61463770988976
672.0   247.42320953534994
673.0   247.8383609775806
674.0   252.7591686056315
675.0   260.88925226674854
676.0   264.25391059781236
677.0   263.5078798010097
678.0   272.6318673880882
679.0   273.0997649484831
680.0   286.43442578243935
681.0   288.1857665664456
682.0   293.0585995435592
683.0   303.33347883475074
684.0   305.192212591401
685.0   315.1158177566806
686.0   321.46668332381466
687.0   332.69362600183035
688.0   327.760417684516
689.0   342.27866221964655
690.0   341.54814384676934
691.0   348.655748931846
692.0   360.2978370453176
693.0   358.9382600602913
694.0   362.8128265059307
695.0   369.36924574906067
696.0   369.5159841497177
697.0   365.47211905792744
698.0   385.4917930495064
699.0   383.7529786021513
700.0   383.8965398060649
701.0   367.7061048042326
702.0   380.9606166716485
703.0   380.4850590867416
704.0   378.29068850671763
705.0   380.9832059735317
706.0   378.5666627449432
707.0   376.7608826378638
708.0   366.9424952337274
709.0   367.5936133127209
710.0   357.74656348208765
711.0   356.12486755372424
712.0   349.9540807323731
713.0   347.14862137252203
714.0   337.8253218885128
715.0   340.93264257012515
716.0   337.04934731419104
717.0   345.4912767011497
718.0   323.91605080016654
719.0   333.812590828732
720.0   325.8959042322033
721.0   323.8448583252115
722.0   322.5477322762498
723.0   313.25471814787136
724.0   322.698053852045
725.0   307.2000042682513
726.0   315.84876174820204
727.0   314.8427378505636
728.0   299.1416018061494
729.0   312.25307917309453
730.0   294.98991492622054
731.0   297.8363299779661
732.0   318.02856837789903
733.0   307.3997019027379
734.0   309.7085675306182
735.0   302.5821032530373
736.0   289.82855243669627
737.0   294.0724025913602
738.0   296.89329723533876
739.0   296.0349080654803
740.0   304.4316023648455
741.0   303.87224502174286
742.0   307.16598030081707
743.0   296.38708967917773
744.0   301.4462781990152
745.0   301.07137991996007
746.0   300.4210568896523
747.0   307.04824357390964
748.0   307.4648976507099
749.0   303.04125411784037
750.0   312.19313267075387
751.0   313.53395570897135
752.0   322.26211264153125
753.0   323.10467200883227
754.0   326.3740968690356
755.0   339.02909119312835
756.0   343.0631872922529
757.0   349.95453453270096
758.0   363.36006439957947
759.0   360.98631136449853
760.0   374.791169686996
761.0   380.6430990602812
762.0   387.40342585700796
763.0   405.4329387318027
764.0   400.70546328627574
765.0   411.07840545941656
766.0   418.1226518632192
767.0   418.52846004667254
768.0   430.4321346083782
769.0   421.7353087586123
770.0   430.4309095582931
771.0   424.2709584586887
772.0   425.8765844499678
773.0   418.79809906629345
774.0   418.4164372818385
775.0   405.9619106324767
776.0   408.77233592204027
777.0   410.9845441425577
778.0   406.66112685336094
779.0   385.8241622391278
780.0   390.5735041137565
781.0   374.11064969198515
782.0   370.15929659040046
783.0   367.83455655244063
784.0   357.91316467009244
785.0   343.9596691874677
786.0   337.70834129373816
787.0   336.0798490783661
788.0   321.42674850482547
789.0   319.83454044766586
790.0   308.34334956139844
791.0   299.45031474098585
792.0   294.4211266853946
793.0   284.37361799823725
794.0   277.39074119222164
795.0   271.923729333221
796.0   264.6825850141017
797.0   262.19681008910004
798.0   251.15812394291163
799.0   236.4713121354385
800.0   233.80042546472265
