500.0   158.09396475914212
501.0   162.7552886215298
502.0   161.2757068851185
503.0   152.66694673546377
504.0   157.6418796659592
505.0   152.62966032841732
506.0   146.45976327467622
507.0   142.26173259078175
508.0   133.721508392617
509.0   132.44820912710085
510.0   124.10094172897502
511.0   125.00850266419022
512.0   124.2036119463408
513.0   119.26685463504231
514.0   119.53987119006433
515.0   114.8909079490202
516.0   120.45027399398398
517.0   120.6103116720652
518.0   118.19666990389541
519.0   121.23513134796261
520.0   113.68170214931052
521.0   111.2037453778072
522.0   116.83836020070402
523.0   117.07501241461514
524.0   115.92282602986131
525.0   119.99317419860319
526.0   126.8887092777417
527.0   130.29114774258738
528.0   132.0123002389328
529.0   140.67910818632163
530.0   143.0731273131179
531.0   152.5764824129592
532.0   152.53968610025987
533.0   159.73453675020076
534.0   163.7821328825052
535.0   166.88342267595303
536.0   182.1544129601131
537.0   183.54128839096134
538.0   184.54034196153867
539.0   192.67121856123967
540.0   192.59454800637877
541.0   195.00781478226708
542.0   191.37590213995395
543.0   195.9583663989941
544.0   189.53976739334527
545.0   182.1604196977438
546.0   173.13485537999298
547.0   172.46371647612668
548.0   167.73040353439345
549.0   162.41828211573875
550.0   158.63224646661308
551.0   146.5937197090814
552.0   150.96453042104343
553.0   141.59019314972343
554.0   146.33304252008648
555.0   139.8276121401633
556.0   137.9215377191944
557.0   126.39830167614548
558.0   139.73214920791867
559.0   132.84429975085513
560.0   129.20394586426767
561.0   132.79968812446154
562.0   119.39666435246642
563.0   123.2622731753957
564.0   134.73558137667962
565.0   134.64093688006872
566.0   139.89100993075448
567.0   137.30359067124377
568.0   139.14570142904708
569.0   146.78660145353135
570.0   152.24725217960759
571.0   148.59416972946656
572.0   152.32297062002877
573.0   152.05192201488404
574.0   163.1055242318725
575.0   173.80660305508738
576.0   164.0823993099598
577.0   173.69340240529996
578.0   172.95977301825715
579.0   186.88829386686288
580.0   194.73489657272413
581.0   196.02903055642798
582.0   200.49493973887647
583.0   205.79555717951777
584.0   198.75488895831455
585.0   213.53196853110114
586.0   215.97049244280643
587.0   213.76657969725784
588.0   213.34544817895275
589.0   220.3657657661296
590.0   212.51989929033843
591.0   215.466422999088
592.0   211.27059532177418
593.0   213.8747816946959
594.0   210.11137536374218
595.0   203.0284094338141
596.0   204.79477614353468
597.0   200.9792790333863
598.0   198.63412577213913
599.0   185.52106646932424
600.0   184.90839225528535
601.0   182.14044468983036
602.0   177.86421657858764
603.0   179.56192106581543
604.0   175.56728553167952
605.0   176.36642749135797
606.0   178.33770853321556
607.0   174.52037863558715
608.0   174.20033545713355
609.0   168.367395158203
610.0   172.0004220258438
611.0   174.36083536171122
612.0   171.71681865656788
613.0   167.76121736580714
614.0   162.17580445137406
615.0   166.60143680202515
616.0   168.30935255635612
617.0   172.3867921312279
618.0   170.89816397609644
619.0   174.54736184376054
620.0   178.35940602612212
621.0   186.49955300925023
622.0   174.19391923134498
623.0   192.0665603100906
624.0   195.57528905970105
625.0   196.49717743830445
626.0   206.75186571401943
627.0   206.3359427340295
628.0   212.9924023104049
629.0   223.12021057057729
630.0   228.81446939528266
631.0   237.40505968518508
632.0   233.207361794756
633.0   245.07428918506008
634.0   244.43324451501888
635.0   252.70121695385944
636.0   257.2542296047445
637.0   254.76262209290635
638.0   262.03599786507203
639.0   260.3895838659357
640.0   262.21986860149286
641.0   265.4152875880656
642.0   269.8716268088023
643.0   262.87249892881164
644.0   263.68077311664496
645.0   263.6780199641356
646.0   262.8324155932287
647.0   260.6886400409618
648.0   259.96629260989255
649.0   256.0862524691877
650.0   248.71846293973772
651.0   252.6729338324181
652.0   252.20224139496764
653.0   251.36070818956586
654.0   241.32451221486244
655.0   241.74284015335314
656.0   238.99429437023113
657.0   240.64744044189027
658.0   235.36339841068423
659.0   235.21640886398717
660.0   235.20306010332897
661.0   236.28434712372453
662.0   232.88581122674208
663.0   236.21814317765066
664.0   239.47358495493086
665.0   252.17392082174817
666.0   243.3791241125928
667.0   242.1782308664686
668.0   241.13508796867066
669.0   242.55928681328544
670.0   253.3343945399638
671.0   258.98818834823317
672.0   258.0893534264947
673.0   258.2692818242191
674.0   263.6780409579058
675.0   273.36066757037287
676.0   273.40427776067247
677.0   274.61820687678653
678.0   282.5621269510708
679.0   287.12134974519057
680.0   297.6803002382677
681.0   299.33143212854634
682.0   306.88032542060984
683.0   312.46037955511116
684.0   320.2993464021765
685.0   329.04395452813844
686.0   331.30190177798545
687.0   343.3685678750388
688.0   342.5495388728431
689.0   355.6260291234314
690.0   353.8645720503067
691.0   357.0618856115707
692.0   376.8161557483777
693.0   375.3032049532494
694.0   377.67783422167173
695.0   385.0846593679477
696.0   384.220348428903
697.0   375.4767606871362
698.0   400.5545453864949
699.0   400.8835743129773
700.0   399.0026237997464
701.0   384.5670882416275
702.0   395.0455545357722
703.0   392.72199036907097
704.0   391.994215632649
705.0   392.6079775397407
706.0   391.54344887279444
707.0   391.06356318614144
708.0   379.32093845966267
709.0   381.526479037287
710.0   372.7064354946803
711.0   371.9678930587917
712.0   363.90539209022484
713.0   361.44860716816174
714.0   352.42495917998974
715.0   353.8352670287992
716.0   348.8175123100022
717.0   362.84348113056205
718.0   340.0652977783126
719.0   344.6031674719684
720.0   337.68365526685307
721.0   335.67769694236506
722.0   338.2021812246155
723.0   325.1207435448698
724.0   333.32999548066465
725.0   320.5868605583588
726.0   327.55687639874077
727.0   326.28818927211364
728.0   314.0162742352221
729.0   323.3162744004228
730.0   306.39434764213485
731.0   309.63262602146483
732.0   329.4474991304526
733.0   320.3749619108545
734.0   324.0926987857476
735.0   318.31969411505804
736.0   301.7883635756393
737.0   305.3033197887295
738.0   307.92125572086053
739.0   305.90546042156967
740.0   316.18090054774257
741.0   315.53910397790787
742.0   322.4896453940521
743.0   309.3058635814306
744.0   311.50890451173257
745.0   311.494865724729
746.0   311.6779136043398
747.0   316.4639196267253
748.0   317.99616673103776
749.0   312.65545637026287
750.0   325.6703812479547
751.0   325.1547457437928
752.0   332.42301253825804
753.0   338.5782325122876
754.0   339.7070059335655
755.0   352.59113451167264
756.0   357.27593385351554
757.0   362.1829474007066
758.0   378.28795590557803
759.0   378.2026770588269
760.0   387.3045109030079
761.0   399.0378750477156
762.0   403.3284613363219
763.0   423.39257749656696
764.0   421.7990930599325
765.0   429.934569193466
766.0   438.96859460059227
767.0   437.5180395794405
768.0   453.356652269641
769.0   442.4153222353775
770.0   452.14008695795343
771.0   442.4164772748877
772.0   445.9869813566644
773.0   436.30968990669186
774.0   438.7903724665266
775.0   430.77675003685795
776.0   426.9004254036531
777.0   432.33304535839915
778.0   424.6096672815207
779.0   406.7243634584058
780.0   411.24374591718936
781.0   393.0079644811609
782.0   392.61848832447174
783.0   384.99340530524626
784.0   374.2066941656756
785.0   361.0684764574435
786.0   356.8512608261383
787.0   356.03961019483995
788.0   339.2616923870834
789.0   334.2355929438682
790.0   322.31752507137975
791.0   311.75547606729384
792.0   309.68255918158434
793.0   298.49596300717906
794.0   291.2631837603067
795.0   285.7366642157234
796.0   276.88331492329655
797.0   275.33183110442246
798.0   263.2089471693149
799.0   250.06135511031476
800.0   245.07496518764634
