500.0   165.5166030391086
501.0   168.01519693532944
502.0   167.41422717264788
503.0   158.86277527449502
504.0   163.0374784113825
505.0   155.98066286714916
506.0   150.48324876137008
507.0   147.47350282398807
508.0   138.1087491781459
509.0   135.45584428827178
510.0   128.1356493836984
511.0   129.18150514286728
512.0   128.88585749852876
513.0   125.2312414688011
514.0   122.37622629841377
515.0   117.2887412007357
516.0   123.68934878169492
517.0   124.64744350099804
518.0   121.90307834656917
519.0   126.67313868067245
520.0   116.29494317000922
521.0   114.01958162857659
522.0   121.81140886859197
523.0   120.52217574220342
524.0   121.85933310451873
525.0   125.00628222165807
526.0   130.79816229254098
527.0   135.46481070887154
528.0   137.35639590642498
529.0   144.16366789764737
530.0   146.58246767583913
531.0   156.36184880808668
532.0   157.75794955788666
533.0   164.76190732537836
534.0   170.36108283085719
535.0   170.72712250594847
536.0   186.48554478423526
537.0   191.18298719125514
538.0   193.6667970665681
539.0   199.5792526060836
540.0   199.8066755963955
541.0   198.9945646709716
542.0   197.21198564730616
543.0   201.8367064021645
544.0   197.49456126265878
545.0   191.10464657415747
546.0   181.36060750147539
547.0   179.8237283509006
548.0   175.99626496625135
549.0   169.93875630087234
550.0   167.39658231353377
551.0   154.96485916056807
552.0   159.66522397781068
553.0   148.8447349951554
554.0   152.78470577969009
555.0   144.01357127701334
556.0   142.97516980789382
557.0   129.1165970619386
558.0   142.51125279668548
559.0   136.93961177994035
560.0   134.64430683385592
561.0   136.99945389814033
562.0   123.85053168600632
563.0   128.38029905138546
564.0   139.7857384215719
565.0   140.65366037555575
566.0   145.40250400566072
567.0   141.32834475833582
568.0   144.59525787169972
569.0   152.22060986282716
570.0   157.1262126282025
571.0   155.24941239445502
572.0   158.6704606716726
573.0   159.48560744675126
574.0   170.0629394885632
575.0   181.34443664958516
576.0   170.88231937012424
577.0   180.28313343814975
578.0   180.43075181481984
579.0   193.5017216264753
580.0   201.0115093543973
581.0   205.61018864206756
582.0   209.59168651405813
583.0   215.08656146781445
584.0   207.69120713178307
585.0   222.71638588845644
586.0   225.98607084394084
587.0   222.35763092858576
588.0   221.99586234797206
589.0   229.2906249863872
590.0   223.2335785970932
591.0   227.38855575806255
592.0   218.5537000699196
593.0   224.77544026807993
594.0   220.20098543149612
595.0   213.11207001199864
596.0   213.28441965023669
597.0   208.4860198934699
598.0   204.20762505014378
599.0   192.54621306492504
600.0   195.19025998313688
601.0   190.54326770309245
602.0   184.9718373659559
603.0   187.97148175255896
604.0   183.35950163293117
605.0   180.17453761954715
606.0   185.18294423541226
607.0   180.30652898122716
608.0   183.89042654043746
609.0   175.2243112736511
610.0   178.68142416755384
611.0   180.36293841871907
612.0   178.76417122978327
613.0   171.96579832386183
614.0   167.32020859166664
615.0   172.79209338304395
616.0   174.2473774547705
617.0   178.64485076070005
618.0   176.99841776356175
619.0   180.5803415337046
620.0   183.93181618882576
621.0   195.3656176516855
622.0   180.83914486258226
623.0   199.50176541774727
624.0   200.22467429990735
625.0   208.5103870184726
626.0   215.19814499063486
627.0   216.78967457859952
628.0   222.70280271234517
629.0   231.02786495383845
630.0   238.2372974996488
631.0   246.20437592137014
632.0   241.074468842553
633.0   253.88743739980123
634.0   255.92639046631655
635.0   260.9351782884002
636.0   266.41694593618104
637.0   264.49742323421447
638.0   271.3501141896149
639.0   272.1410743996263
640.0   275.3341419944866
641.0   278.3609644718985
642.0   279.3128272950517
643.0   274.39980985208456
644.0   277.07864945287656
645.0   274.75709108925173
646.0   274.6789281115129
647.0   273.64716319076
648.0   271.32618650471863
649.0   268.27411728275
650.0   259.9753410828838
651.0   266.4378748559164
652.0   261.64442821740397
653.0   261.1699499744823
654.0   252.09493386178346
655.0   252.90163454234596
656.0   249.32572060152197
657.0   251.42813560713884
658.0   246.66279784296842
659.0   247.41368854930676
660.0   243.97085813048707
661.0   245.88691315328722
662.0   244.37273008272365
663.0   245.0308704989529
664.0   251.81387503977345
665.0   260.42198585329345
666.0   253.6726470850484
667.0   255.06770649427125
668.0   253.9300617665887
669.0   252.79751701422015
670.0   263.6946417619607
671.0   267.36945367434134
672.0   270.92569523120306
673.0   269.5551731866741
674.0   275.1794768345324
675.0   285.46278448647746
676.0   284.9064675867153
677.0   287.26160674844937
678.0   294.0383956583859
679.0   300.0145448930961
680.0   313.19455963114535
681.0   313.02215938117854
682.0   323.18643445305077
683.0   328.94863620278113
684.0   332.7385916923565
685.0   341.7179821419661
686.0   346.2118390728624
687.0   360.96382307872625
688.0   358.65118765542286
689.0   371.2002353570829
690.0   369.0592763356109
691.0   375.5974555743975
692.0   393.38305546715617
693.0   394.07301576116697
694.0   396.8104148009159
695.0   403.6758510170244
696.0   407.51890008224836
697.0   396.54243969796767
698.0   418.9674320475505
699.0   420.3416143522322
700.0   416.92109665883265
701.0   404.6881270283419
702.0   413.70533629298745
703.0   412.88472575154043
704.0   408.2172482490806
705.0   414.2297580718237
706.0   412.79978570326784
707.0   412.455330324853
708.0   401.7834317160348
709.0   401.16251023981624
710.0   392.54565941230504
711.0   392.17055311557476
712.0   383.5100648590608
713.0   379.7379895011444
714.0   371.7907309858829
715.0   372.5938134997742
716.0   368.3884520290446
717.0   377.87442414276416
718.0   356.07384283605813
719.0   363.55012193999494
720.0   356.35114161833314
721.0   355.18550374163385
722.0   355.28862051985914
723.0   343.34270431060315
724.0   352.11597714083183
725.0   335.1092541324473
726.0   345.5058946059869
727.0   345.2404302948753
728.0   330.9693670361281
729.0   341.0949199407818
730.0   324.9309486310501
731.0   327.20790366725043
732.0   346.1643093124548
733.0   337.6347110804286
734.0   338.8275510041438
735.0   337.0485672280172
736.0   320.36059504869115
737.0   321.1382527141376
738.0   325.72036472740405
739.0   324.4463650495754
740.0   336.94696852258755
741.0   333.27915390432065
742.0   339.57253388173075
743.0   327.3799467398194
744.0   328.30740084499735
745.0   329.0673757686459
746.0   328.0599244142329
747.0   333.65979707629754
748.0   336.0351414456977
749.0   329.1467004879096
750.0   342.23489932426185
751.0   338.2674251951769
752.0   354.02317178240776
753.0   354.5174512901016
754.0   358.2456988219076
755.0   373.79197092929667
756.0   376.7761401531542
757.0   383.6863150599076
758.0   397.7292472532112
759.0   399.81598081226684
760.0   412.9877768437831
761.0   420.86674167088427
762.0   432.33806978465395
763.0   446.53313083496545
764.0   450.1328375937819
765.0   455.9389294233839
766.0   469.9399677678157
767.0   465.4779832984551
768.0   481.7901481440431
769.0   471.7496054516919
770.0   485.9938268373716
771.0   475.09240443032206
772.0   478.7054873838398
773.0   466.5638339315863
774.0   468.9132462539046
775.0   461.36328458708135
776.0   458.2942042570403
777.0   458.80073317667194
778.0   454.8925956281958
779.0   438.37145305662665
780.0   438.7064004403943
781.0   424.2628998172713
782.0   422.23432534209826
783.0   411.6510472694032
784.0   401.1014072638501
785.0   387.59738733160697
786.0   383.4013195334376
787.0   378.1311980780521
788.0   360.51945449263155
789.0   359.00409212393475
790.0   346.7097254681798
791.0   333.2520820373015
792.0   334.82334780901505
793.0   317.08018310932925
794.0   311.1688684177058
795.0   306.09072533513745
796.0   297.2785933056905
797.0   295.3666529582729
798.0   281.94767236743337
799.0   268.0050278788593
800.0   264.3162967356701
