500.0   170.2307561633121
501.0   174.76583269532492
502.0   173.02234954049533
503.0   167.23595406073636
504.0   171.50046836445864
505.0   164.39060636351005
506.0   156.62861556303847
507.0   153.3281872015223
508.0   144.53067808941262
509.0   142.54971479924208
510.0   135.11899933870077
511.0   133.7635615796793
512.0   133.79213633342056
513.0   131.7791309857294
514.0   127.44490028429027
515.0   123.09214998799487
516.0   129.07009982483308
517.0   130.0767466964895
518.0   127.54348738208913
519.0   130.30903406227716
520.0   122.61689690908287
521.0   117.64577043044915
522.0   128.01200516826987
523.0   126.53464439593327
524.0   126.8954893210007
525.0   129.044050491883
526.0   137.83456182108003
527.0   141.59451028413963
528.0   145.59190769740454
529.0   150.8990341202537
530.0   154.0446204240064
531.0   164.0609499797892
532.0   163.2789604153537
533.0   171.2179374148915
534.0   179.23072261083684
535.0   178.88185445374413
536.0   194.7116702960491
537.0   198.7175858790147
538.0   200.5082478681167
539.0   206.68389416771387
540.0   210.69064674019933
541.0   210.5978532377208
542.0   205.62382524224392
543.0   211.1339427204743
544.0   207.09297784296396
545.0   200.78255649406168
546.0   187.71139615961079
547.0   185.84178641069357
548.0   183.06667531217695
549.0   178.397957723025
550.0   170.4438966459996
551.0   163.18414842948377
552.0   165.79698746787608
553.0   156.01429018533824
554.0   159.3760429369958
555.0   150.8483876960276
556.0   150.33369035901976
557.0   136.2322828536275
558.0   151.00796956379963
559.0   144.56069855534
560.0   141.63208220847656
561.0   142.44276097545557
562.0   128.4531371795618
563.0   134.36990893746878
564.0   147.28081803134907
565.0   144.3864861343748
566.0   152.2902282509881
567.0   149.3212664489922
568.0   151.64422258551312
569.0   159.21324446661308
570.0   164.87464939591484
571.0   161.68796305545987
572.0   165.75717655618453
573.0   163.83031773624475
574.0   176.55959772104217
575.0   188.04507544631983
576.0   179.422895799975
577.0   188.41180288227534
578.0   191.1219200369775
579.0   201.578367138318
580.0   209.7487805318261
581.0   211.68951813837162
582.0   218.33104117816058
583.0   223.21745687956403
584.0   217.58089962527248
585.0   235.03315774626407
586.0   236.50947254060813
587.0   234.65467129540536
588.0   233.0581001012247
589.0   238.47385741266166
590.0   231.1845506482924
591.0   236.1126992410806
592.0   229.96387699218343
593.0   233.96829495722022
594.0   231.3421698512724
595.0   221.95714740562
596.0   221.8115854451585
597.0   218.82949339835434
598.0   214.84569619834733
599.0   203.88517705010094
600.0   202.96550245423984
601.0   196.97620178941435
602.0   193.6873432230494
603.0   194.48083708003796
604.0   191.22703100439801
605.0   188.378414683838
606.0   194.01086498347092
607.0   186.83159823902778
608.0   189.8768687655403
609.0   182.4081951326354
610.0   186.18331094944156
611.0   188.84858719093774
612.0   186.77415869802743
613.0   180.78420298113005
614.0   173.72698682696222
615.0   178.97329538477607
616.0   183.64502894957175
617.0   187.93123913257486
618.0   185.11964132788864
619.0   188.79588731412474
620.0   191.24554029202616
621.0   203.68657530496574
622.0   191.1835751000974
623.0   208.98350148863977
624.0   210.43317105581366
625.0   213.7377875040048
626.0   223.7760713194787
627.0   223.80962050719634
628.0   231.36963830089886
629.0   242.55775567546544
630.0   249.34884691574368
631.0   258.85753295565405
632.0   253.6975948822563
633.0   266.0681455776344
634.0   264.87183225980203
635.0   274.32671730737536
636.0   279.17782197878444
637.0   278.98734844718524
638.0   286.7510359483144
639.0   285.02265660777005
640.0   286.2792183348157
641.0   291.92949911836394
642.0   291.44834935795376
643.0   286.55311052313357
644.0   289.4946298801031
645.0   287.8616154192184
646.0   288.5412784795258
647.0   287.5968167582148
648.0   282.1280595105867
649.0   281.10297515041134
650.0   275.2856081401263
651.0   278.2130297219002
652.0   274.04460124595784
653.0   271.1712102455082
654.0   265.45887517424353
655.0   264.7769406536515
656.0   260.91367035376936
657.0   263.40508275699426
658.0   256.53280075190315
659.0   256.85503024387725
660.0   255.4413196823168
661.0   257.25444420778865
662.0   255.46761502371726
663.0   256.9009531969525
664.0   261.61330396612664
665.0   275.0887633654328
666.0   265.2636575680897
667.0   267.13996329434116
668.0   263.43451687428774
669.0   262.9694162910399
670.0   276.7014844387809
671.0   281.0269886349213
672.0   281.08288723529137
673.0   282.2757926700126
674.0   287.05120812188727
675.0   295.94016923541193
676.0   297.2323386003817
677.0   303.2535729992336
678.0   310.50326315051933
679.0   313.7002144938244
680.0   326.5373971722572
681.0   327.39715717540065
682.0   335.45273819360017
683.0   344.0469368758179
684.0   348.5928829107303
685.0   358.9424099740787
686.0   363.9179383478523
687.0   378.8433892385483
688.0   375.38878878212586
689.0   389.2321011005289
690.0   390.39664183330785
691.0   393.7290481655315
692.0   412.1651023085917
693.0   414.6967164469197
694.0   417.4020516497014
695.0   419.66761447844937
696.0   425.9616292365249
697.0   416.83998936696855
698.0   439.6033328294787
699.0   441.32203220035933
700.0   436.1819206722822
701.0   421.02481142712145
702.0   435.52630656237716
703.0   432.44890999427736
704.0   429.81892307826797
705.0   435.665436671402
706.0   435.3706732717483
707.0   432.7093683381921
708.0   420.81512302279555
709.0   419.59628735441515
710.0   411.00338965217946
711.0   411.65895632759725
712.0   400.54290395723876
713.0   398.37472533339997
714.0   389.51067691807657
715.0   390.50505675292584
716.0   387.6741548543386
717.0   396.68386105206537
718.0   374.3062852250074
719.0   382.7903707560912
720.0   376.3248461346823
721.0   370.0392823285059
722.0   372.85405467372584
723.0   361.69278599370114
724.0   367.3502333544064
725.0   357.4423130937496
726.0   362.9422984048683
727.0   360.3368861755581
728.0   346.4832898271254
729.0   358.83515524841016
730.0   342.69023578445547
731.0   342.86685556895975
732.0   362.4808391760019
733.0   353.29763850556355
734.0   357.2642117471991
735.0   351.0698045093661
736.0   334.4020717421233
737.0   338.2375219506605
738.0   343.2637945888851
739.0   339.18352581551676
740.0   349.72531859519097
741.0   348.4610776074801
742.0   357.5869913146617
743.0   342.74269646123844
744.0   348.5605709115705
745.0   344.9441143858716
746.0   343.2344390400102
747.0   348.6794738637469
748.0   350.09683250372586
749.0   343.55795566718734
750.0   358.5532439651839
751.0   357.60165409867136
752.0   370.05931936633306
753.0   371.09070508881985
754.0   373.58719821220075
755.0   388.57012250401533
756.0   395.7078492398633
757.0   405.51500199539163
758.0   417.0052972070426
759.0   421.4388637126614
760.0   433.3564386607104
761.0   446.4741899868328
762.0   455.4630092281203
763.0   474.5517329951163
764.0   474.52961683355784
765.0   482.7398651261375
766.0   495.98205960808014
767.0   491.47857793089725
768.0   509.10001855249595
769.0   500.2246356998086
770.0   510.36766959958237
771.0   504.1518414906691
772.0   504.26077156092504
773.0   493.27014194085103
774.0   497.1320831286672
775.0   482.08374930880166
776.0   483.1937899234763
777.0   486.4879549454583
778.0   480.72225364356444
779.0   460.75844373106423
780.0   464.09504056231356
781.0   444.256635817866
782.0   441.010319715538
783.0   434.5499937801917
784.0   423.950268365316
785.0   407.25118510747603
786.0   405.1794952375759
787.0   398.58448254068526
788.0   383.37842536130916
789.0   377.1650961508038
790.0   364.1552130991001
791.0   353.1236583757863
792.0   349.21687733837706
793.0   339.6077763417062
794.0   326.37395867878763
795.0   321.23706562870905
796.0   312.9295040096101
797.0   309.7715633133473
798.0   297.74331602280057
799.0   282.14970468461615
800.0   276.7126392612539
