500.0   177.91663253305126
501.0   180.7004181837958
502.0   177.47573126780605
503.0   171.92808761946745
504.0   177.40649878196928
505.0   169.69876351160926
506.0   161.91257272901714
507.0   159.63573057222797
508.0   151.20169310719308
509.0   148.73858580955434
510.0   141.28317339492204
511.0   140.3671002943602
512.0   140.57021780565117
513.0   136.20847859296242
514.0   132.17883749316502
515.0   128.50923173290815
516.0   135.12339585444383
517.0   137.62841714693187
518.0   132.23852836219928
519.0   134.58399354173966
520.0   127.97252797698332
521.0   125.11888041292491
522.0   132.7825562946037
523.0   133.21812938828535
524.0   131.26588009276446
525.0   133.06772755564464
526.0   142.16231567141128
527.0   145.20737256632032
528.0   150.5920382619428
529.0   158.5259935202613
530.0   161.62803551954877
531.0   170.88514903003892
532.0   171.52817532206228
533.0   179.90363722604357
534.0   183.70369532076342
535.0   188.00051511387156
536.0   204.63744344237367
537.0   208.63879621226525
538.0   211.2848368219598
539.0   216.37545496309727
540.0   220.16720918185592
541.0   218.59603106944456
542.0   214.3110521532015
543.0   219.34624014767348
544.0   214.10435206938305
545.0   206.13966890787094
546.0   193.99684373085353
547.0   194.7188713730428
548.0   193.72852507238704
549.0   183.14320059727595
550.0   177.4392271271928
551.0   167.55468915974356
552.0   172.93410711411724
553.0   163.6424991675983
554.0   166.0008075494957
555.0   158.61077158331335
556.0   154.49723639338063
557.0   144.74202691030473
558.0   156.53731425351538
559.0   149.87781590284888
560.0   146.43828372637466
561.0   149.39720519648793
562.0   136.35121581821886
563.0   141.48730992571217
564.0   152.07902612126233
565.0   150.83880529321274
566.0   159.2959415899138
567.0   153.94706867957953
568.0   155.64674921720896
569.0   166.65447944405244
570.0   171.5129102415941
571.0   169.7792408890076
572.0   173.99838834068564
573.0   173.49332753424142
574.0   185.14818869218402
575.0   195.38155833829333
576.0   186.2259723754776
577.0   195.63630901937913
578.0   199.24130102240989
579.0   212.77122790777432
580.0   217.81437889185045
581.0   224.0359973458318
582.0   227.5429231093336
583.0   234.82541283201542
584.0   230.05324200947467
585.0   243.78795532431684
586.0   246.39606768959052
587.0   241.0405023854858
588.0   244.02865425756218
589.0   250.5450647562188
590.0   242.68596038942073
591.0   248.0844353313814
592.0   240.8845751012052
593.0   244.65094000711179
594.0   242.34375294860854
595.0   232.03970547055906
596.0   231.43334805161678
597.0   225.87841930705318
598.0   223.13502749527302
599.0   210.58181908490297
600.0   212.13150687804657
601.0   206.84489724990715
602.0   203.2947194106496
603.0   205.84809635331297
604.0   197.99505281727684
605.0   198.4744794201274
606.0   203.6932566735328
607.0   194.34785219519787
608.0   196.74628873462208
609.0   189.71916948979998
610.0   194.11526303981552
611.0   195.17611644310108
612.0   194.1887723566292
613.0   187.03706886442208
614.0   183.037405084885
615.0   185.82231865074618
616.0   191.23069012379082
617.0   195.3733330784739
618.0   195.0100608367709
619.0   194.49825828425293
620.0   200.37813191178972
621.0   212.4516293446007
622.0   199.89099584560995
623.0   219.68742496181443
624.0   218.14440172783208
625.0   224.18191544885605
626.0   236.9568764641456
627.0   237.95738838482848
628.0   241.28165086404024
629.0   255.9959707498403
630.0   258.9726377564234
631.0   269.16705581955534
632.0   266.30578582917667
633.0   276.97464136113024
634.0   279.9877663045458
635.0   286.47927153936416
636.0   294.3249291013159
637.0   290.32938944395926
638.0   298.2552794135273
639.0   299.07551810216114
640.0   304.19988115267586
641.0   305.4438750087327
642.0   305.77626407382684
643.0   298.27973176500564
644.0   304.3424039577876
645.0   301.55456602964534
646.0   301.11687444976224
647.0   301.0749327058023
648.0   297.82672179013525
649.0   295.0873135192628
650.0   289.59808991077705
651.0   292.1291504903689
652.0   288.29477457317176
653.0   285.57154986853357
654.0   278.4719076722324
655.0   276.9715207418998
656.0   274.32245498429586
657.0   277.55586368077115
658.0   267.49056243246895
659.0   271.29627784375367
660.0   272.22904547047574
661.0   271.4328496805996
662.0   266.6901329014801
663.0   268.80454221368404
664.0   279.87780100602515
665.0   287.75903023401906
666.0   278.7136235467841
667.0   279.4034932311801
668.0   279.5467770446735
669.0   278.55006310981247
670.0   290.8079586372063
671.0   295.31575473204805
672.0   299.7607566402125
673.0   298.45031789359416
674.0   302.67361035541524
675.0   310.7552757127496
676.0   314.75507558428376
677.0   315.00436524519773
678.0   322.43129660654677
679.0   331.6702928926222
680.0   344.1158569588822
681.0   343.0429504079984
682.0   354.9880352456573
683.0   362.7243123394436
684.0   364.8876385417616
685.0   376.07745300826105
686.0   380.0036927306737
687.0   395.5261925808104
688.0   392.2509837209192
689.0   408.2967443673492
690.0   404.6707980263402
691.0   415.00371651802925
692.0   432.3636914039049
693.0   434.81114677410653
694.0   435.66770406706047
695.0   442.7483285803675
696.0   442.3654710981956
697.0   436.0815257255663
698.0   463.88059204402765
699.0   464.6872918027765
700.0   459.30878055045844
701.0   442.4561595218065
702.0   458.17609635637984
703.0   455.4592047878123
704.0   451.7000443560863
705.0   456.32653811166045
706.0   454.629576837943
707.0   454.0822893576642
708.0   443.312305734638
709.0   440.3757449565644
710.0   431.0617033859749
711.0   431.16206499652014
712.0   420.6916732581867
713.0   418.5852308573999
714.0   409.678696898923
715.0   410.1684241628001
716.0   408.9900928762799
717.0   417.93067062807063
718.0   393.39921482302066
719.0   401.97460222789005
720.0   393.72733572735183
721.0   389.9279267465986
722.0   390.29161652982907
723.0   379.1219732134025
724.0   389.43437271343674
725.0   374.06659219627807
726.0   379.44819347275234
727.0   380.64934643371043
728.0   363.1268933643503
729.0   376.48292349620124
730.0   357.68396867881654
731.0   362.24463078454414
732.0   381.463779480837
733.0   373.2524402187969
734.0   373.71231730189066
735.0   367.47140204234665
736.0   351.8661699943175
737.0   357.14348944334165
738.0   359.27796142724225
739.0   356.2594777029118
740.0   366.81586853696615
741.0   367.105042065264
742.0   374.7257781593892
743.0   360.8713577377396
744.0   363.4402034016425
745.0   360.9376901001834
746.0   360.186645015189
747.0   364.2551560096239
748.0   369.8815795272884
749.0   366.5882248905888
750.0   376.59557947375936
751.0   375.2559539199817
752.0   385.6031988162555
753.0   390.75413795729776
754.0   392.84742490696715
755.0   411.1200515828133
756.0   414.04835345635945
757.0   427.26124938792367
758.0   442.5771820820873
759.0   443.3996923805797
760.0   462.9140605575635
761.0   471.2266306536535
762.0   481.72005414949
763.0   502.2335207717045
764.0   501.05589468176277
765.0   512.4824126030512
766.0   525.895365010628
767.0   520.0926550316974
768.0   541.9069234697037
769.0   528.921561203877
770.0   540.7089459827323
771.0   535.9254368502004
772.0   536.2619563466712
773.0   522.3457754184203
774.0   526.6828491519377
775.0   513.5803522909131
776.0   512.5279679665463
777.0   519.125950768916
778.0   508.4006171370466
779.0   488.3287687994501
780.0   491.43905243354686
781.0   473.61331307160106
782.0   468.884379566328
783.0   463.12418235444363
784.0   447.211749829851
785.0   433.85107527772385
786.0   429.8952174552711
787.0   422.73773556908986
788.0   406.1366269902177
789.0   400.87289031224924
790.0   389.2638520589399
791.0   375.2569740993069
792.0   368.62274502045244
793.0   357.6971955542373
794.0   345.7709810061458
795.0   342.67196468348686
796.0   328.6018013545931
797.0   330.7902990575968
798.0   317.2569634172241
799.0   298.65883365865017
800.0   296.4972246922236
