500.0   186.7486157169422
501.0   190.1207727199085
502.0   190.06264051866793
503.0   181.4514436516677
504.0   186.5757999253654
505.0   177.95985751235511
506.0   173.432493322968
507.0   165.4663103876102
508.0   158.77621774579353
509.0   155.03088346495392
510.0   147.8468086069569
511.0   146.7528184797052
512.0   147.1439454612484
513.0   144.02077257687
514.0   141.41147080879205
515.0   134.3204998416638
516.0   140.14541253788397
517.0   143.9301133926277
518.0   140.36612552608418
519.0   142.66563487962836
520.0   133.5103487276802
521.0   132.84080989646588
522.0   141.557857997211
523.0   139.7803535634342
524.0   138.90005431769555
525.0   141.56141307365039
526.0   149.75039787224975
527.0   153.01142129437244
528.0   158.30547019625712
529.0   166.2600504732082
530.0   168.35577441586494
531.0   180.6216429726229
532.0   182.0633983081022
533.0   189.22901925639272
534.0   194.63063763029606
535.0   198.61658483731165
536.0   214.30578415542053
537.0   218.42749375522678
538.0   220.89433956283534
539.0   228.6695262227315
540.0   230.70489160724867
541.0   229.58733927173438
542.0   226.45017343045924
543.0   232.5262976659277
544.0   226.89275145089883
545.0   217.7647504611681
546.0   207.30773086115272
547.0   205.21327442131692
548.0   200.5328424652188
549.0   194.50159140585055
550.0   188.64585849444137
551.0   177.89915923068307
552.0   182.86680245902488
553.0   172.065166904503
554.0   175.49615850965043
555.0   166.27838484913826
556.0   164.25469862865296
557.0   152.77434076549582
558.0   164.6695514663984
559.0   156.88755771372567
560.0   155.5264827485077
561.0   157.21297246760665
562.0   142.81903102810634
563.0   148.44841996967762
564.0   160.1066014429238
565.0   159.74994626883202
566.0   168.03840928714448
567.0   163.3245241723761
568.0   164.3460193467923
569.0   175.64056939444552
570.0   180.54456240884537
571.0   179.03152415084895
572.0   182.18208821271597
573.0   184.0207129147479
574.0   194.16460451447756
575.0   208.13969992340944
576.0   198.54249592023322
577.0   208.81018663404583
578.0   211.29989457093902
579.0   223.34064988953847
580.0   231.54949105766386
581.0   235.9619861002417
582.0   239.69424727233078
583.0   246.23129899038346
584.0   240.97918968244596
585.0   258.2107640254796
586.0   259.16054670580945
587.0   256.7579012228692
588.0   260.1753230487682
589.0   264.0126139508453
590.0   254.44180109211212
591.0   260.9873687459751
592.0   254.00048683853277
593.0   257.4114194185643
594.0   253.53094110348638
595.0   242.7075822426774
596.0   242.74714130164668
597.0   238.45118708803622
598.0   234.44368105675088
599.0   222.58173958350795
600.0   220.74028744877077
601.0   216.97527010816674
602.0   212.9691386701928
603.0   215.57517706100376
604.0   210.36490863139645
605.0   208.42172002956914
606.0   215.44498392200313
607.0   204.56353328596842
608.0   208.28469465182005
609.0   200.33483970460492
610.0   204.64900337466182
611.0   205.74009006020356
612.0   204.04407049565484
613.0   198.4417482221049
614.0   191.81846271840124
615.0   197.52143243103416
616.0   203.01338077436944
617.0   206.4637879360122
618.0   202.65753689263784
619.0   207.71531858505483
620.0   212.01905841822136
621.0   221.40268889359032
622.0   208.72961634974087
623.0   229.11913416270022
624.0   234.1722991792272
625.0   236.71200557578806
626.0   247.1887715746544
627.0   248.6881149769945
628.0   257.1435153883143
629.0   266.6430492976843
630.0   271.73944335929264
631.0   281.5089050454792
632.0   280.1325890707682
633.0   292.7305890407734
634.0   292.34987407221155
635.0   301.94185533658344
636.0   309.65355823112213
637.0   309.13012694891177
638.0   313.3474326833256
639.0   314.854192817087
640.0   317.9884423857195
641.0   322.27476608596356
642.0   322.6984260467694
643.0   314.89427897551514
644.0   320.4122064743872
645.0   317.2692897775396
646.0   318.94537606872365
647.0   315.32951504834386
648.0   313.7137091729061
649.0   309.3739947978904
650.0   302.507059887495
651.0   306.10348687814667
652.0   303.39869594572934
653.0   300.5328849203288
654.0   293.2631534742894
655.0   290.76083744680165
656.0   284.9467929089956
657.0   291.4379454351488
658.0   283.25715212203585
659.0   283.27966762322785
660.0   283.9028961740139
661.0   286.2367378670086
662.0   280.5221906442293
663.0   281.5854426831719
664.0   292.10460270552454
665.0   303.37517105339384
666.0   293.76652527088504
667.0   293.7716416407696
668.0   292.75063496453595
669.0   292.3313774987844
670.0   306.7384795069229
671.0   309.7726751534983
672.0   310.44717631177434
673.0   313.47045878891834
674.0   317.9866512981513
675.0   329.55199051556343
676.0   329.68172401795755
677.0   330.36294331258523
678.0   340.81244176994284
679.0   346.7650248888627
680.0   361.8266632417683
681.0   361.46133337130567
682.0   370.7481546810645
683.0   380.90333476281967
684.0   387.6846167268229
685.0   396.7722288148825
686.0   401.227614209535
687.0   415.2622882558736
688.0   415.70748374617074
689.0   431.626681345825
690.0   431.9821170274944
691.0   436.73188101916026
692.0   454.8938649400949
693.0   457.722876125942
694.0   460.4033229272389
695.0   465.5492214717927
696.0   468.63857324520063
697.0   462.42780920394193
698.0   485.2538017881504
699.0   488.0853268650793
700.0   482.72227062283264
701.0   465.71901941586987
702.0   480.2352471406924
703.0   476.0358188968666
704.0   474.9169353168762
705.0   482.5354651884183
706.0   478.1629633761704
707.0   478.54813853310543
708.0   464.3022190784118
709.0   464.3762362244238
710.0   456.6146460283173
711.0   452.6053623217508
712.0   442.24347872685496
713.0   439.28170100506384
714.0   432.66972650933053
715.0   433.9128197152055
716.0   428.66685811508165
717.0   436.2207870852815
718.0   415.1320444184372
719.0   423.4529778963288
720.0   414.5567041370492
721.0   413.3696369928158
722.0   413.78072022616857
723.0   400.94062290592706
724.0   408.9289433730423
725.0   392.4914718157306
726.0   399.0841735851194
727.0   399.5420330593747
728.0   385.9211668376877
729.0   394.2128373367866
730.0   376.75818592453743
731.0   380.49055015914007
732.0   401.33138641286706
733.0   392.78982504514295
734.0   393.3873611413174
735.0   389.0477788092239
736.0   371.9431016366442
737.0   372.8853727343884
738.0   381.84085068535325
739.0   377.0608701065772
740.0   390.62751830895513
741.0   385.3408638899035
742.0   392.0981548978754
743.0   379.3941957816512
744.0   383.3397881430178
745.0   382.91411706106254
746.0   379.68057186822557
747.0   385.99408369466823
748.0   387.1178436080096
749.0   382.9817458216926
750.0   396.59832913950106
751.0   394.96809685126175
752.0   406.4149475646183
753.0   411.683593016774
754.0   417.1979597426491
755.0   432.99147801987897
756.0   440.85662950448443
757.0   450.5986435734308
758.0   465.49621777838064
759.0   471.75191252524155
760.0   483.70520897598976
761.0   495.7371084485717
762.0   505.4527255182801
763.0   528.0633032042008
764.0   531.4959183154597
765.0   543.4123933269931
766.0   553.1430913182205
767.0   549.244352340978
768.0   568.3716694315549
769.0   562.7362354431425
770.0   572.0247104251177
771.0   566.8299491230908
772.0   569.3890439199379
773.0   553.8764191863022
774.0   554.752272369536
775.0   544.6201305895551
776.0   544.7441940943213
777.0   548.7964691632642
778.0   540.59629564327
779.0   517.5822508544525
780.0   521.7417685319452
781.0   502.7406689536074
782.0   498.59005748835034
783.0   487.93889173619266
784.0   475.2211025945978
785.0   458.86303445985874
786.0   453.15868549452
787.0   447.29264112772705
788.0   428.22429861900844
789.0   425.050307409768
790.0   410.4707397914952
791.0   397.6758963728278
792.0   394.4326251645105
793.0   379.3269570721794
794.0   368.83802689806214
795.0   360.6458262349413
796.0   351.2349973855581
797.0   351.6096027362206
798.0   333.64993035157977
799.0   315.0879576995306
800.0   313.15652129539444
