500.0   190.49851158791046
501.0   192.31041916232195
502.0   191.25352961062424
503.0   184.4884387416208
504.0   190.25755747629194
505.0   182.28560031750166
506.0   173.85902798450854
507.0   170.41190561831175
508.0   163.08473523617454
509.0   157.6702448354865
510.0   148.7121496995214
511.0   149.89381925374423
512.0   151.0062061670664
513.0   146.44033598556103
514.0   140.66658353710204
515.0   138.44520229960224
516.0   143.87638660513576
517.0   145.51252385664267
518.0   142.0778803277078
519.0   146.55774165148281
520.0   136.11833448682347
521.0   136.1065923667295
522.0   142.9137107869347
523.0   142.23501168130073
524.0   140.38198566298468
525.0   145.72351269362508
526.0   155.68177916890673
527.0   157.6529982398837
528.0   162.61281685703082
529.0   166.97501177068614
530.0   173.36561853598894
531.0   184.40133991575806
532.0   185.5010491298841
533.0   192.34941809380902
534.0   199.60210896904852
535.0   204.71506850830545
536.0   219.63013020459957
537.0   223.0839145758077
538.0   225.42458720103673
539.0   233.61124251582984
540.0   232.06427664013734
541.0   231.86806611092902
542.0   230.20512756586868
543.0   234.49208902905372
544.0   227.96058166378876
545.0   222.6288388779783
546.0   211.4120894999977
547.0   210.75257521161254
548.0   205.14662884185455
549.0   197.107024409772
550.0   193.8613194693949
551.0   182.04011556546
552.0   185.61143806656526
553.0   176.48854309212803
554.0   178.87391217134703
555.0   169.90608032484243
556.0   167.15111409415292
557.0   156.10610186691486
558.0   168.1030173053718
559.0   160.12031605151284
560.0   158.49467859297562
561.0   162.27693263803084
562.0   145.68465064594113
563.0   151.78324009175628
564.0   162.65896547893445
565.0   161.8764028214675
566.0   172.1664185022368
567.0   166.88048642475243
568.0   167.04515166560006
569.0   179.19643718260252
570.0   187.2728309376638
571.0   183.39546241399967
572.0   183.58041939482504
573.0   186.22767244709433
574.0   198.44256277934073
575.0   211.47253584566292
576.0   202.7363907828976
577.0   213.87484483920295
578.0   214.55248451783038
579.0   229.05487202615254
580.0   236.10650505492842
581.0   243.1142626970198
582.0   245.39277246056471
583.0   250.84319517408224
584.0   245.10011461609167
585.0   263.427513524952
586.0   264.72579056671725
587.0   261.99277699782203
588.0   262.41959468142113
589.0   270.3106606666961
590.0   259.9732645997284
591.0   268.27794937140027
592.0   259.241254491872
593.0   261.0450755865302
594.0   257.4711939522912
595.0   249.62031942160382
596.0   250.5116108420198
597.0   243.5533597668596
598.0   241.53439583111182
599.0   228.4525100065503
600.0   229.54324335080597
601.0   222.88839340136315
602.0   218.10382203480364
603.0   220.3430391742115
604.0   214.56742035891241
605.0   216.1939186801239
606.0   219.11287566108592
607.0   211.1136590322727
608.0   212.98099501089675
609.0   203.23550411545256
610.0   209.49327882368013
611.0   211.4500396161348
612.0   209.543153095233
613.0   200.08633258324735
614.0   196.56347142726378
615.0   201.9510841598667
616.0   205.90634484591553
617.0   210.92803182909725
618.0   208.66833037559172
619.0   213.87980600042738
620.0   215.38170261168304
621.0   231.26098289932497
622.0   213.5946921608395
623.0   234.20947981649329
624.0   235.2912357145753
625.0   243.25102877764385
626.0   252.2465526252531
627.0   256.379848432813
628.0   261.29931030621697
629.0   275.7303269536956
630.0   282.6142452552008
631.0   291.18132639766554
632.0   287.3330245185224
633.0   301.1605637349284
634.0   302.81883281384575
635.0   310.8088206670109
636.0   316.5610824387202
637.0   314.9602392334598
638.0   320.5441283068488
639.0   323.406534847971
640.0   326.3312980804765
641.0   331.0945169039863
642.0   331.17359275472586
643.0   322.96636627228065
644.0   329.41329913194033
645.0   324.6515445802106
646.0   328.3261523408343
647.0   326.6043030230484
648.0   323.2845892576637
649.0   317.9328965578277
650.0   313.72941578731275
651.0   316.17777162347664
652.0   311.9117266719326
653.0   310.071433545331
654.0   301.00960091247646
655.0   300.144478129104
656.0   296.37521738525277
657.0   300.26061299086257
658.0   292.88748177457666
659.0   292.7359296541779
660.0   293.5131083595136
661.0   294.1515509716263
662.0   290.56126522255295
663.0   291.57017355489666
664.0   300.55869626718317
665.0   310.7364988497063
666.0   301.5933118450306
667.0   304.65828699689666
668.0   300.0555857351728
669.0   300.5928404621654
670.0   316.97288725174724
671.0   320.1005284435379
672.0   321.1864153993837
673.0   321.9257437947035
674.0   327.56477477596843
675.0   337.1973975285899
676.0   338.0114965883391
677.0   344.06610747053276
678.0   352.42251005633824
679.0   356.97821252518116
680.0   372.12217714943426
681.0   373.0474929203992
682.0   385.59215095125654
683.0   392.32111170091457
684.0   395.99819197372244
685.0   406.858039102402
686.0   414.0970590569276
687.0   428.35404867683053
688.0   426.05369237745515
689.0   444.89277802089066
690.0   444.06923165082264
691.0   450.62123746855593
692.0   469.60664403843
693.0   470.4277679042641
694.0   472.7233577455866
695.0   481.91922518418204
696.0   485.262102759654
697.0   476.1920058195823
698.0   500.57545552131893
699.0   503.76092369359026
700.0   501.3271720381491
701.0   482.7996905962842
702.0   491.41819023279913
703.0   490.9926060849827
704.0   492.3357153442603
705.0   499.1220908821347
706.0   494.0051105880641
707.0   494.2606838942554
708.0   479.27761484642497
709.0   477.50632860878864
710.0   466.9247814831701
711.0   466.5973491061734
712.0   457.04311484435027
713.0   453.8858446000261
714.0   446.67059796615786
715.0   446.1147863552602
716.0   440.0238738948463
717.0   449.97623192086144
718.0   424.61344499252357
719.0   436.3742934089523
720.0   426.10476368624984
721.0   421.1041825276095
722.0   424.4331057157017
723.0   412.0951753437921
724.0   420.7778105165458
725.0   404.4882384534228
726.0   410.8889687323194
727.0   410.89638983099496
728.0   396.5721332973633
729.0   406.77669034379073
730.0   387.10138904490896
731.0   392.63991771945814
732.0   415.60642373297327
733.0   403.4772353622799
734.0   403.5546077766998
735.0   398.7372111795945
736.0   384.3425694045403
737.0   384.66536704793293
738.0   390.5629297094329
739.0   386.9415965048687
740.0   400.2637681915098
741.0   394.53257193087825
742.0   404.5503907359302
743.0   393.4066419423759
744.0   394.2929317887979
745.0   392.0929895187283
746.0   391.4576365767274
747.0   398.5580873842425
748.0   399.1080862481649
749.0   392.6368606116066
750.0   407.35681203194895
751.0   407.81717899729904
752.0   416.5332598573018
753.0   422.6487751605073
754.0   425.31367444537386
755.0   447.23768436144826
756.0   454.5396032858306
757.0   463.53291400497056
758.0   483.2830895775858
759.0   484.361181686912
760.0   502.3636597124141
761.0   513.9118812117729
762.0   524.2258822095935
763.0   548.6273496829563
764.0   552.4556283700124
765.0   562.5623966661126
766.0   572.56432781295
767.0   575.3717189351519
768.0   593.9707525042209
769.0   581.1458197223153
770.0   594.7414777034724
771.0   588.2788700505674
772.0   592.690792141974
773.0   575.4750945500662
774.0   579.25808518963
775.0   566.3109192874059
776.0   563.8106655555921
777.0   569.5239108633609
778.0   564.4101818701704
779.0   539.2391374526878
780.0   540.7969482117562
781.0   521.7232690050304
782.0   516.8703186330926
783.0   505.6114455368495
784.0   493.28406236824105
785.0   474.59937332224723
786.0   469.75820616956787
787.0   464.30270376379553
788.0   445.6551624480044
789.0   439.91300595966
790.0   426.5399709757989
791.0   413.1701482430802
792.0   404.38727095558096
793.0   394.14009558864893
794.0   383.5594211454444
795.0   376.7589538149799
796.0   364.1469926951474
797.0   361.9814939589528
798.0   345.7013910261808
799.0   329.3835925958013
800.0   322.8496047209012
