500.0   192.96290674824348
501.0   195.84370883699134
502.0   193.8313697318572
503.0   185.60577642026036
504.0   193.82599910261132
505.0   185.01753695458805
506.0   175.2597034998862
507.0   169.76225325536993
508.0   163.7812876087661
509.0   159.67028429671407
510.0   152.02045567830558
511.0   151.99103015457305
512.0   152.71853703231653
513.0   148.24637604602788
514.0   144.24280125687824
515.0   140.035570684063
516.0   146.83421541954974
517.0   146.6432083989296
518.0   144.27165510475393
519.0   147.79190103150685
520.0   137.57904355926235
521.0   136.49826767765182
522.0   145.73028064715822
523.0   142.37667143954232
524.0   143.839749581741
525.0   147.3322881740139
526.0   156.03364730173897
527.0   158.16594279768793
528.0   163.75499274939747
529.0   171.04909237752543
530.0   175.41285571759406
531.0   187.18946408081786
532.0   187.70773199084186
533.0   195.98928475706967
534.0   202.50399496929305
535.0   203.97840691975577
536.0   222.92816934584985
537.0   228.21393798031127
538.0   230.59269719030777
539.0   235.8643352036133
540.0   239.02370341443213
541.0   238.80238432769784
542.0   234.79324620501689
543.0   241.17969420077804
544.0   232.16555249839328
545.0   229.2927050868417
546.0   214.06984741141292
547.0   212.13725669825865
548.0   208.79087836762673
549.0   203.4334838453492
550.0   194.9771519626613
551.0   185.6621881362939
552.0   191.52922667570266
553.0   177.73775117644996
554.0   180.6366956202764
555.0   174.60594672580896
556.0   170.01864851803637
557.0   158.5655546366392
558.0   170.51310873551012
559.0   162.27142875497898
560.0   162.42235275249652
561.0   162.04731318017505
562.0   150.96504417965764
563.0   155.44272807735007
564.0   166.18350840817712
565.0   165.25799957946785
566.0   173.73273039096205
567.0   169.28752666390469
568.0   170.94535284472587
569.0   182.6611265912655
570.0   189.35157709459457
571.0   186.4300258708721
572.0   187.95028754827248
573.0   188.16719941129912
574.0   202.69840629782806
575.0   214.55238168369905
576.0   206.88632701015203
577.0   215.65426889789725
578.0   217.57574404402558
579.0   231.58842076549266
580.0   239.81276309138886
581.0   244.5699112136653
582.0   249.15079568385843
583.0   257.056375280207
584.0   252.05708810956799
585.0   268.79712917761515
586.0   269.3802092191795
587.0   267.9822103620025
588.0   267.48049944043544
589.0   274.3266296266397
590.0   265.82382435468855
591.0   271.10514010415375
592.0   263.78040470001656
593.0   265.4496254522182
594.0   263.9803264381341
595.0   253.93156362755172
596.0   254.05860641261373
597.0   246.32394295770754
598.0   244.78647531658456
599.0   230.07076889393153
600.0   231.9781944218757
601.0   227.6944210355996
602.0   221.06709108073883
603.0   224.8100638653843
604.0   216.90541242783323
605.0   215.57327130390593
606.0   222.15555175317365
607.0   216.6893512879012
608.0   219.2565356591767
609.0   207.16836498654146
610.0   214.35478668243982
611.0   214.76808207580154
612.0   213.51970759261897
613.0   204.36550204843795
614.0   198.6244148415733
615.0   206.8771161411708
616.0   209.6370129497997
617.0   213.54934638176476
618.0   214.15481011627958
619.0   217.32093736309514
620.0   218.27729238289592
621.0   232.56376132252626
622.0   219.85723948524588
623.0   239.70041321819224
624.0   241.26026703989106
625.0   247.3358311497538
626.0   257.5067135164039
627.0   261.9029357939171
628.0   267.4443440146432
629.0   280.85761790060934
630.0   287.2205432014829
631.0   294.99786187238146
632.0   291.2956843086197
633.0   305.99247183332557
634.0   309.1625180620203
635.0   315.68456601979295
636.0   323.32997537685867
637.0   319.68349624881046
638.0   327.46556827080667
639.0   327.8439084397545
640.0   333.57819468229275
641.0   337.07561380355384
642.0   337.8513427305884
643.0   331.7817955853203
644.0   336.1817349633468
645.0   333.28711592618765
646.0   333.9577714870024
647.0   331.1069741443541
648.0   328.0787453480374
649.0   325.19092070161685
650.0   316.9887114221608
651.0   321.8554923661485
652.0   318.5269568782126
653.0   314.09278795056616
654.0   308.1483858015781
655.0   309.3453298499331
656.0   303.16790201351125
657.0   307.27600638765216
658.0   299.4193091392982
659.0   300.8096944444947
660.0   300.3389947021017
661.0   300.2015380994636
662.0   296.0723752273174
663.0   298.480607057463
664.0   306.0909019869516
665.0   317.87485781717135
666.0   307.92098671438066
667.0   309.46904530187805
668.0   306.2919398675099
669.0   308.3203276894841
670.0   320.9617691932493
671.0   323.49865984583323
672.0   329.6268773652218
673.0   329.2768270763037
674.0   333.4929676811305
675.0   345.4067976073208
676.0   347.7228472881868
677.0   350.56137485959266
678.0   355.11784658854975
679.0   365.6008864015325
680.0   379.5611432339947
681.0   382.0858544908893
682.0   391.7501285417529
683.0   399.0807408862944
684.0   405.4921791106225
685.0   417.6706205249683
686.0   424.9181822847895
687.0   439.9003133927911
688.0   437.0293899533651
689.0   450.4039388341628
690.0   451.6703002003171
691.0   461.7804754546145
692.0   478.1802776768575
693.0   483.9139241549333
694.0   482.9121462158359
695.0   493.8389267715913
696.0   495.7632539968205
697.0   485.570083772502
698.0   512.5977495031354
699.0   516.2772658663351
700.0   510.76249336577473
701.0   492.37827512726324
702.0   508.3028841793787
703.0   499.74512743128827
704.0   501.9298619028999
705.0   506.5650611569784
706.0   503.3763238226014
707.0   502.63992171432665
708.0   491.85020838844935
709.0   491.50346643935177
710.0   480.1615669726295
711.0   476.9178667579223
712.0   467.4056694873135
713.0   464.0306582585781
714.0   455.2056762487049
715.0   456.85539736550993
716.0   451.336532084835
717.0   462.95349387746694
718.0   435.96723715376277
719.0   442.65832913816166
720.0   433.9296802491792
721.0   430.4647421138991
722.0   435.4769951294629
723.0   419.9059646056379
724.0   432.22166094417577
725.0   415.3649236253241
726.0   423.33448608685137
727.0   420.8887117753487
728.0   407.1550680192855
729.0   417.544579946349
730.0   393.81106363635433
731.0   401.61393463456363
732.0   423.0395865149715
733.0   414.75025932042524
734.0   413.9627575604225
735.0   408.9984864916918
736.0   388.545017909693
737.0   394.54049823133903
738.0   399.32883038188066
739.0   396.22329746043863
740.0   409.9333958444405
741.0   406.1213775671454
742.0   415.40081711795455
743.0   397.7586674199257
744.0   399.21513403237077
745.0   403.3697234300583
746.0   400.52944038004216
747.0   405.6103842699646
748.0   408.25127043449504
749.0   402.7278928097795
750.0   413.97181421628
751.0   413.24571889136007
752.0   425.21516078585364
753.0   429.2950612204327
754.0   438.7473410378161
755.0   455.28053824398694
756.0   465.12862048151464
757.0   477.5655104067636
758.0   491.8231875339845
759.0   495.30818031787896
760.0   513.615922629222
761.0   527.0544647612281
762.0   539.5545333296878
763.0   564.0335648386479
764.0   562.3105183416742
765.0   577.4621376635195
766.0   587.8616305383257
767.0   589.4716786823631
768.0   607.4570950500478
769.0   596.9916642288091
770.0   614.2513011229819
771.0   607.8955416204315
772.0   605.4329450372106
773.0   594.0951283730196
774.0   598.3105063281065
775.0   580.1858678635805
776.0   581.2885720192331
777.0   585.4345854629889
778.0   579.2169712559062
779.0   554.7329620465405
780.0   556.0471044246007
781.0   534.3015998173898
782.0   537.2796074438228
783.0   521.9001162039904
784.0   508.430622176195
785.0   490.30958636817167
786.0   484.9954878186387
787.0   481.6906100281858
788.0   460.1661708806108
789.0   454.7092615625799
790.0   439.5020941047888
791.0   425.7691894419698
792.0   415.2172690688904
793.0   403.5523659627977
794.0   392.22586438298424
795.0   383.5239456591074
796.0   373.00901776694417
797.0   372.6952166330343
798.0   356.56918728509663
799.0   337.2755666457318
800.0   333.2625230553308
