500.0   202.03426494944318
501.0   203.54576387024233
502.0   204.0589221307083
503.0   194.46602757942136
504.0   202.2408655285014
505.0   192.1388928370728
506.0   184.68780872068862
507.0   178.17555763086514
508.0   173.7043564074678
509.0   167.57040756504077
510.0   158.28163629463089
511.0   156.53826919938652
512.0   158.25566372509496
513.0   156.64964724941495
514.0   150.73634854328668
515.0   145.4319020799148
516.0   153.42872465524968
517.0   152.39476037457612
518.0   149.17551646358575
519.0   154.4207159066419
520.0   145.9043818070336
521.0   142.1056052346487
522.0   150.79431980562282
523.0   151.85366919024418
524.0   148.76316849347222
525.0   155.539773151176
526.0   162.3924902295487
527.0   165.8135627653802
528.0   173.0690989417623
529.0   180.13119818783258
530.0   186.10867041733226
531.0   195.67173187204696
532.0   196.9954560513914
533.0   206.5720290984627
534.0   211.29638681951525
535.0   214.58462397782554
536.0   231.75207611143296
537.0   237.27571798785036
538.0   240.8230257999001
539.0   247.98746900406556
540.0   247.72897702364156
541.0   248.61117475578823
542.0   247.19459090892946
543.0   251.26863589164032
544.0   244.71098517098906
545.0   239.8769947343224
546.0   223.35600099287984
547.0   223.09575316057075
548.0   219.16639064284388
549.0   214.09144890114158
550.0   205.25719867778156
551.0   192.54770747180666
552.0   200.36156601841344
553.0   185.94906741357718
554.0   189.21656429807982
555.0   181.6182336800669
556.0   178.83522905029744
557.0   165.95288070879803
558.0   179.35089614031602
559.0   169.99942688019675
560.0   166.7082951647443
561.0   170.85062203590624
562.0   157.7750350592775
563.0   162.09380141479284
564.0   177.43835433180786
565.0   174.8149961983443
566.0   182.15057061961636
567.0   178.5226835538356
568.0   178.24526884351926
569.0   188.74179249827196
570.0   197.24608502623
571.0   194.68853268412312
572.0   196.63116192678874
573.0   197.95959071911307
574.0   211.6504844947192
575.0   225.9446338905445
576.0   217.6776351565961
577.0   227.95548334960571
578.0   230.71188916518653
579.0   244.50038093658563
580.0   251.85131760417826
581.0   255.42991456640794
582.0   260.9445742237557
583.0   268.4081228448081
584.0   262.8789923230275
585.0   280.9623916475659
586.0   284.71919052801013
587.0   280.589127192342
588.0   282.51728496656517
589.0   289.3430829131247
590.0   278.6775148486406
591.0   283.07624903974
592.0   275.1757629540882
593.0   277.5725946938755
594.0   274.9307430984192
595.0   266.65258219823966
596.0   266.99712573996123
597.0   259.7874181994848
598.0   258.16088545022365
599.0   243.18555872058488
600.0   242.85992085216273
601.0   240.0747545545832
602.0   233.08584600556125
603.0   235.23102678069293
604.0   232.1085262331296
605.0   227.80784533000087
606.0   232.40923403723605
607.0   227.53425900560964
608.0   229.46337625752065
609.0   219.0391447571721
610.0   220.03058444309906
611.0   226.73931130116597
612.0   223.72776434361444
613.0   216.15330850874986
614.0   208.9172319137731
615.0   215.37885623342777
616.0   220.42150078694206
617.0   225.46449086028676
618.0   222.51844098522452
619.0   227.02569609693631
620.0   230.37984437438476
621.0   244.15233392523396
622.0   230.35015362535114
623.0   248.11186171897424
624.0   252.4911826967699
625.0   259.2161812507564
626.0   272.67289272522896
627.0   274.0402196414565
628.0   279.80692528912823
629.0   293.3276000392857
630.0   299.64278786852447
631.0   308.4040186697737
632.0   306.09821654716256
633.0   321.99681254360354
634.0   323.19794807110054
635.0   332.1568661823044
636.0   342.2052585994544
637.0   338.2791667669758
638.0   342.8537970225971
639.0   345.94195193378414
640.0   349.0893686546358
641.0   353.60886912668394
642.0   353.28226343465315
643.0   347.0661400917412
644.0   351.0957014005917
645.0   350.2560822009999
646.0   348.30807758344537
647.0   347.782304564167
648.0   347.9796257847091
649.0   341.1910084643638
650.0   333.821442557368
651.0   337.3321509769692
652.0   333.26890379663365
653.0   329.7403663454189
654.0   323.1592532565094
655.0   323.81416282419065
656.0   318.81372693673495
657.0   322.26602168955674
658.0   314.3574021896201
659.0   315.5583718553479
660.0   312.6527601090818
661.0   313.436754056105
662.0   309.83158761351604
663.0   310.9604220702529
664.0   324.2597685419865
665.0   334.036213215948
666.0   323.1535458091586
667.0   324.7934109563043
668.0   323.29944332526566
669.0   325.7624603633485
670.0   336.67123815657476
671.0   343.25824113897283
672.0   342.92290002887495
673.0   343.3858795661729
674.0   352.6706581326089
675.0   362.31323688194146
676.0   364.71187055570283
677.0   368.16698172602423
678.0   374.9064488417502
679.0   383.54406484946713
680.0   395.7850073232478
681.0   402.7580526250055
682.0   411.9435316410281
683.0   422.1677101234161
684.0   427.84140485989235
685.0   435.79046060178337
686.0   444.15539930467787
687.0   458.11632783666755
688.0   459.35158214984017
689.0   474.41470969073873
690.0   474.51227608287627
691.0   483.2532138409298
692.0   501.73337626075954
693.0   505.40070054121816
694.0   508.3173175486009
695.0   512.796243312396
696.0   518.2999398983654
697.0   508.0949892565702
698.0   536.7667588140255
699.0   544.8830076163836
700.0   538.4524512873152
701.0   518.5721127197545
702.0   532.096976473291
703.0   527.851724437297
704.0   528.1385143778874
705.0   534.8970989450452
706.0   529.9367314677312
707.0   527.0655589748328
708.0   514.0165389472419
709.0   515.47157791124
710.0   503.49263907628045
711.0   503.29264184251895
712.0   491.1310716488031
713.0   485.3269186210139
714.0   478.02394034517056
715.0   476.8738451668829
716.0   475.36386184187285
717.0   486.153769536181
718.0   461.248682939157
719.0   467.150003784443
720.0   455.5469271485397
721.0   454.9091361692995
722.0   457.24541485816974
723.0   445.33600332088474
724.0   453.21438610325
725.0   436.51222169712287
726.0   444.3811574742624
727.0   441.895875735931
728.0   423.0555694401089
729.0   435.87117390913795
730.0   416.2030907008909
731.0   423.3276385483956
732.0   444.74233187580177
733.0   435.68980746820705
734.0   435.7143611170853
735.0   429.79734182014465
736.0   410.7169677697226
737.0   413.4576093707692
738.0   421.9835991844947
739.0   416.8378617310202
740.0   429.2202699515917
741.0   423.541302132291
742.0   433.64834211622286
743.0   417.36272027903954
744.0   424.88629886233866
745.0   419.3288226943113
746.0   419.5957600505941
747.0   425.8278065807731
748.0   426.30863315669035
749.0   422.0226415883376
750.0   435.0154907203075
751.0   433.9002280121613
752.0   446.1042715815187
753.0   453.9001224594821
754.0   458.73923508753205
755.0   478.4873478574251
756.0   484.69484968717927
757.0   496.5723383861527
758.0   521.9154708319181
759.0   519.2738292760986
760.0   537.5562669978309
761.0   554.3402366474156
762.0   566.9184895170655
763.0   591.890178385697
764.0   593.6745616059142
765.0   607.6217616594442
766.0   621.1621292846786
767.0   621.7745490434214
768.0   643.1566203794677
769.0   631.3322816422046
770.0   644.5234165908898
771.0   638.2321114023897
772.0   640.4151646044647
773.0   622.6386227463854
774.0   627.5183307791119
775.0   612.6064421812212
776.0   612.9001717125782
777.0   619.4163069602316
778.0   612.6755532798145
779.0   585.7808729365127
780.0   585.4766359290471
781.0   568.3624081834444
782.0   562.3175740191529
783.0   548.5493818097264
784.0   536.6920425251193
785.0   518.8000759645515
786.0   509.75871841508933
787.0   502.61500842062355
788.0   483.50386655137333
789.0   478.43652158739
790.0   460.4828626136386
791.0   446.86347612900937
792.0   440.25135564195324
793.0   428.4653594601331
794.0   411.51769425119323
795.0   405.41067745304724
796.0   393.4780523366223
797.0   391.57586283298815
798.0   372.40223903651383
799.0   353.960902753904
800.0   350.5031530970182
