500.0   152.2144549406509
501.0   157.0819685152758
502.0   154.51725992055822
503.0   148.5944436217779
504.0   153.8828868898451
505.0   146.54928405014564
506.0   141.17155202774245
507.0   137.08582791870217
508.0   132.45997380219143
509.0   132.01735899146
510.0   124.564867744966
511.0   125.70910414709905
512.0   124.53024978215365
513.0   121.38168181113537
514.0   119.51219682453421
515.0   113.71930908475545
516.0   120.42659157987637
517.0   123.56307731315948
518.0   119.49880799541157
519.0   123.05808127522843
520.0   114.80098733791283
521.0   114.80638850594147
522.0   122.55351709524803
523.0   121.19562201620985
524.0   120.19584413483796
525.0   123.58663431155958
526.0   131.76054385790505
527.0   131.91330885346719
528.0   138.20028043688635
529.0   145.79701297754468
530.0   149.04606119438247
531.0   160.2846992072392
532.0   159.83761557209834
533.0   166.7443527243482
534.0   175.34980173280053
535.0   176.1648509814261
536.0   189.88760671411418
537.0   195.80510647100496
538.0   197.04962110190087
539.0   203.1133132413042
540.0   208.25259516626954
541.0   207.669373214602
542.0   205.6777101509797
543.0   211.52512076163794
544.0   206.82333886126142
545.0   201.5205006996827
546.0   190.26329007135382
547.0   189.8145341296349
548.0   185.16617032001446
549.0   181.23201851746273
550.0   173.43889266730514
551.0   164.66613357541004
552.0   167.99293446566736
553.0   159.26036357436166
554.0   163.32552395745077
555.0   155.66943874497218
556.0   155.92189663980892
557.0   141.53624717200654
558.0   154.79695246677608
559.0   146.49194751528844
560.0   146.92169679464888
561.0   146.76769148733442
562.0   135.67312014350682
563.0   139.06973117445875
564.0   152.05905751221124
565.0   152.0020796296897
566.0   160.36265578464474
567.0   154.47902193499831
568.0   155.6963666737593
569.0   166.5370060976849
570.0   173.7589284717456
571.0   170.75991224714812
572.0   174.51329049778488
573.0   174.92983796758847
574.0   186.77084283336694
575.0   198.0858599591842
576.0   190.24304033477281
577.0   199.48297529930224
578.0   202.42233705823
579.0   213.27894644463166
580.0   225.00204481955214
581.0   226.6477259014145
582.0   232.76545793337877
583.0   238.77432807891077
584.0   232.44069699831863
585.0   249.84799341621198
586.0   254.51287871595738
587.0   250.6878493875182
588.0   252.23161534238878
589.0   258.81777093010703
590.0   251.72550476430652
591.0   259.08547246547596
592.0   251.37313743938017
593.0   253.53015970240807
594.0   249.98938998227476
595.0   243.9709908964586
596.0   244.04708730099006
597.0   238.23743002699487
598.0   235.2911627767718
599.0   224.54598346212845
600.0   222.75056369083123
601.0   219.1849597372917
602.0   215.5914531738695
603.0   215.15463043883452
604.0   211.78526279399054
605.0   212.6103848661882
606.0   216.04826247441605
607.0   210.8240649031794
608.0   212.8877646221512
609.0   204.5131887207828
610.0   209.71890637452762
611.0   210.23065716354404
612.0   210.39461559082147
613.0   202.12582535650265
614.0   196.5546904446391
615.0   201.00465516924214
616.0   202.59555567381372
617.0   210.00840341578302
618.0   206.13390394563748
619.0   211.2846295171566
620.0   215.2338697864935
621.0   224.89851813557226
622.0   213.12916710928278
623.0   235.24403143833723
624.0   237.190660308164
625.0   244.19172224888462
626.0   255.35099718593918
627.0   257.4016756968192
628.0   266.47244389501543
629.0   277.52060734592106
630.0   285.78752740664925
631.0   296.58053799588424
632.0   295.35981864457506
633.0   307.02942776302183
634.0   312.09895240980245
635.0   320.4347740170526
636.0   325.71602281526486
637.0   327.12873739855627
638.0   332.9830211501026
639.0   334.48715384507875
640.0   341.016134149512
641.0   344.1867362576863
642.0   345.86824446899936
643.0   340.23864970795285
644.0   344.43032936508973
645.0   344.180624944236
646.0   346.29140267197187
647.0   344.3695467328811
648.0   339.69391130574263
649.0   337.2936425795042
650.0   330.20762855382856
651.0   336.60527032775843
652.0   334.43955102925605
653.0   328.77023118483623
654.0   320.7211727877319
655.0   322.02227326449344
656.0   315.9708523338685
657.0   319.7395700682762
658.0   313.03092846390945
659.0   316.03645487866976
660.0   312.34606070677887
661.0   316.4715001947758
662.0   312.204037679564
663.0   313.81002115481397
664.0   321.9999151026655
665.0   334.0184532111713
666.0   327.551654845332
667.0   326.28940979862784
668.0   325.26344621133364
669.0   325.8954473369033
670.0   340.5411250995986
671.0   348.9178579929654
672.0   348.553995435603
673.0   351.68990510508183
674.0   354.51930776652966
675.0   367.91178850234013
676.0   368.1254324621691
677.0   375.3669002267869
678.0   380.4721866343048
679.0   392.65517052900447
680.0   404.2449797490832
681.0   404.7065656331153
682.0   420.15496972259456
683.0   429.2067222229125
684.0   434.43543833600256
685.0   446.57555873291426
686.0   453.96538983679363
687.0   467.8914309675689
688.0   468.1688657798784
689.0   487.7714014089005
690.0   487.9102840135313
691.0   496.32391323052843
692.0   519.4175194346832
693.0   523.1716876559843
694.0   525.8740198603791
695.0   536.7865633928259
696.0   538.709080536366
697.0   528.0742337984111
698.0   558.2454417292049
699.0   561.850313013455
700.0   557.9432299299682
701.0   537.0465407154661
702.0   551.2795682287808
703.0   552.3974938956248
704.0   548.9811601021582
705.0   554.7823922737382
706.0   552.821812266308
707.0   553.1439942537722
708.0   540.2486718844254
709.0   538.4075318695827
710.0   527.8916308006962
711.0   525.9492849002917
712.0   520.6913415858406
713.0   516.3069717333008
714.0   508.21391281364424
715.0   502.33396235796283
716.0   501.06108331341005
717.0   511.3146891772212
718.0   487.0919333903465
719.0   496.7914693967758
720.0   483.97016955261597
721.0   482.37331965701173
722.0   482.3206856487312
723.0   473.7359925447927
724.0   477.57326861864925
725.0   464.136893470961
726.0   467.2327681882599
727.0   469.4946989913668
728.0   452.486029327653
729.0   464.1748616008596
730.0   441.14760119206574
731.0   447.51803318870475
732.0   471.27043413730865
733.0   461.97689677623646
734.0   464.409598225171
735.0   457.1660690475975
736.0   437.6556865104044
737.0   441.75210266682427
738.0   448.67926735409793
739.0   442.80969465292526
740.0   459.0998025685111
741.0   454.7942867306168
742.0   463.0062384017397
743.0   445.4557197365117
744.0   448.34883498603426
745.0   444.98703820253996
746.0   442.274170746566
747.0   447.2525102297253
748.0   446.45312768789995
749.0   447.11064430823603
750.0   464.49217001630245
751.0   466.83821013047725
752.0   481.90480648478524
753.0   495.0134189374676
754.0   509.972798835944
755.0   535.3729040395993
756.0   553.1525605952028
757.0   563.4763438096415
758.0   592.223169758154
759.0   597.2897098527682
760.0   617.0140728977145
761.0   640.0585363337777
762.0   658.881979562642
763.0   686.3683871941978
764.0   691.5781248369937
765.0   708.758773584706
766.0   726.6968176380726
767.0   722.9670161351003
768.0   753.0479776581222
769.0   739.8050574987433
770.0   758.5365441605047
771.0   754.5925886391589
772.0   755.2392944154548
773.0   740.126299327962
774.0   748.6907136504896
775.0   730.076585816509
776.0   732.2201117304262
777.0   740.625247590674
778.0   734.5948716445764
779.0   708.6859530204244
780.0   711.2472702872388
781.0   692.3199248808271
782.0   686.3200348504778
783.0   673.2904546842941
784.0   655.5839342015149
785.0   640.5521653030587
786.0   629.8632345263906
787.0   622.6091712068799
788.0   602.9930909566376
789.0   596.1192968530875
790.0   581.5766097949352
791.0   565.9927323878619
792.0   557.7231154644651
793.0   544.6392660885069
794.0   528.6447806479008
795.0   519.0394077615905
796.0   504.10367658321746
797.0   511.5555513360489
798.0   485.4973746592308
799.0   460.7191715461518
800.0   459.67572852719934
