500.0   147.7081443117474
501.0   153.84400783957565
502.0   153.18134587533137
503.0   143.3962572948628
504.0   152.05783751967346
505.0   146.67798113085243
506.0   139.24998215066978
507.0   136.4144791470081
508.0   130.48853157778512
509.0   127.51777272894239
510.0   121.19839305452544
511.0   120.84922414391966
512.0   120.94132969658472
513.0   119.59061297399717
514.0   118.08564917935792
515.0   112.77238841402138
516.0   119.10632300995096
517.0   120.40730989433209
518.0   115.93615834446322
519.0   119.60481119189748
520.0   111.91665833854012
521.0   111.02532979014819
522.0   119.51853201549159
523.0   116.67091325358163
524.0   117.29315731767485
525.0   120.52971800189647
526.0   129.04200429367935
527.0   131.00154388110707
528.0   135.61504396195656
529.0   142.83237032802418
530.0   147.31296868352902
531.0   156.61480386873586
532.0   157.97054331172325
533.0   162.5082296798868
534.0   167.52074702359738
535.0   170.82324759732867
536.0   185.50030057267853
537.0   190.39875068990492
538.0   192.34837904496243
539.0   198.33441014991516
540.0   201.40966410549817
541.0   203.4835087452471
542.0   201.5887345016855
543.0   206.42177772196925
544.0   201.1658848561498
545.0   195.01127717242656
546.0   185.93130686176153
547.0   186.26512984517544
548.0   181.40054279218057
549.0   174.9867311614608
550.0   170.77095069133532
551.0   159.80275655402207
552.0   166.24252431572194
553.0   157.48812976147727
554.0   157.9024571210878
555.0   152.69819445433944
556.0   150.51011095528142
557.0   137.82605251788385
558.0   151.40832432227523
559.0   144.5864144215977
560.0   141.342151018521
561.0   143.05795566735927
562.0   131.39064914644496
563.0   136.46742650474795
564.0   148.38475017684468
565.0   148.8473591837441
566.0   154.50336591720304
567.0   151.54485102008815
568.0   153.24636835257516
569.0   165.17243934093162
570.0   169.56079603400627
571.0   166.0529911128378
572.0   169.06510525681213
573.0   171.45003457488542
574.0   182.6953723403285
575.0   193.13991612372362
576.0   186.59595026160432
577.0   194.33494882136822
578.0   199.22684791401988
579.0   212.1603581668111
580.0   220.96534348818946
581.0   219.7638869279756
582.0   227.16556368388925
583.0   234.7495331803038
584.0   228.30165247067282
585.0   245.30600294382538
586.0   250.46654143034587
587.0   248.34417517417074
588.0   250.58150712105018
589.0   255.4233102934812
590.0   246.53947372089326
591.0   252.40900329986576
592.0   245.6024703312047
593.0   249.36443784337627
594.0   245.7753360426247
595.0   237.44959926204285
596.0   237.2310151739462
597.0   235.81726682397849
598.0   231.60078694395
599.0   219.18353821629995
600.0   217.13636302753528
601.0   214.20655995394202
602.0   210.43207866491903
603.0   212.49178887999207
604.0   206.98895097813224
605.0   206.4757032041423
606.0   210.71833712696235
607.0   203.87465615382624
608.0   208.4472984165466
609.0   198.67665138126927
610.0   204.14383477111127
611.0   204.66557529627448
612.0   206.3479848894145
613.0   195.53344963855417
614.0   193.24509409035096
615.0   199.16803939398454
616.0   200.1954855250739
617.0   205.17966241372184
618.0   203.33680297458477
619.0   206.74559034328564
620.0   209.88409731394248
621.0   222.83160485519534
622.0   209.34757920540181
623.0   231.14572443812744
624.0   233.88761187542275
625.0   238.60826892210997
626.0   250.14221198905958
627.0   253.1196799762819
628.0   259.3961865785136
629.0   273.24376951502796
630.0   277.4941568114755
631.0   289.6684521386368
632.0   286.614389363286
633.0   301.5416633675055
634.0   303.7671636808742
635.0   312.7632884516726
636.0   318.53904673661
637.0   316.499775122055
638.0   324.4521383186063
639.0   327.49980766956935
640.0   331.83686803649357
641.0   336.2881211697418
642.0   337.4038263171807
643.0   329.12795705583346
644.0   335.4722626174465
645.0   334.50758012274264
646.0   336.08960900859967
647.0   335.0620813083508
648.0   330.33277734228886
649.0   327.60832862459904
650.0   320.30271330066006
651.0   329.471550928561
652.0   323.5449900746492
653.0   322.07142786265075
654.0   313.3536910627872
655.0   312.7675994691025
656.0   307.3484059519633
657.0   311.0923290078656
658.0   303.2975960401497
659.0   305.8388282190437
660.0   307.27895862752484
661.0   307.6503911322345
662.0   302.5551773926747
663.0   304.9673548435601
664.0   314.69589212523044
665.0   325.9297639838935
666.0   314.97735909285154
667.0   320.38149022229044
668.0   317.1303520955745
669.0   317.7490381008141
670.0   333.7694245180313
671.0   339.5150563728565
672.0   339.1255225884126
673.0   339.9619667974898
674.0   345.21731260337333
675.0   360.9579723122958
676.0   358.6143853384433
677.0   363.0535820670078
678.0   371.5789303750584
679.0   378.6846055828441
680.0   393.33086234313737
681.0   398.404728778279
682.0   407.4181529271313
683.0   415.3326106028203
684.0   423.4915378544172
685.0   434.8175716367856
686.0   443.7784739000168
687.0   457.8590896903953
688.0   457.2821294888423
689.0   474.50900573766444
690.0   476.72821215462875
691.0   481.67488388164395
692.0   503.4976679581838
693.0   510.63468338894165
694.0   513.8942301725099
695.0   521.712935041166
696.0   521.6544090065917
697.0   514.4762393269583
698.0   541.497827129187
699.0   544.8358138786323
700.0   542.50617250969
701.0   526.941116311396
702.0   543.9197741333392
703.0   539.5123922994701
704.0   535.42012155994
705.0   543.292204949912
706.0   540.1022093447915
707.0   540.2630945069326
708.0   526.8203327059668
709.0   524.0403582610662
710.0   515.3051102813884
711.0   514.8689932389282
712.0   504.82010110013255
713.0   500.58908882658204
714.0   494.27238842822703
715.0   488.75920463938496
716.0   487.6588645870493
717.0   497.9600258790865
718.0   469.9610195154428
719.0   482.7249227497257
720.0   471.3567408340716
721.0   468.954186333994
722.0   472.12258902831456
723.0   459.35207257737875
724.0   467.00523826040506
725.0   447.59953158444466
726.0   458.64688611399674
727.0   457.7845877735258
728.0   439.84365450225937
729.0   454.4247434447799
730.0   430.91454050246966
731.0   437.6376768818898
732.0   464.0669860465136
733.0   451.86830331357964
734.0   452.9643944240409
735.0   446.94952939257644
736.0   429.12679806619667
737.0   429.8567672628859
738.0   435.12878127485095
739.0   433.40632943604373
740.0   450.07758007055384
741.0   443.98514053619135
742.0   453.49395176598824
743.0   439.3285949401004
744.0   441.08905122789133
745.0   434.5480936485015
746.0   434.9577738161247
747.0   439.0037724763997
748.0   440.46650097755605
749.0   437.7364307114392
750.0   454.67134854583105
751.0   457.34292461077484
752.0   472.93540909431533
753.0   482.21228251557886
754.0   494.91458143414263
755.0   518.4165661411348
756.0   530.8435001191042
757.0   544.2235720585743
758.0   574.5570114356174
759.0   580.6310779222867
760.0   600.6070687051113
761.0   620.4451876686929
762.0   633.7214300768937
763.0   661.5273733904125
764.0   668.5422131898812
765.0   679.4023897369266
766.0   699.6338565952709
767.0   694.4248351728627
768.0   728.7375994679948
769.0   712.0028432804646
770.0   729.6678615236053
771.0   727.2114921329595
772.0   727.189370340166
773.0   716.64077400117
774.0   722.4258561579396
775.0   702.092213633165
776.0   706.3868683438686
777.0   712.8304783998681
778.0   707.3235637726814
779.0   678.6856782469722
780.0   683.5019220332246
781.0   662.9057025247394
782.0   658.9872938249051
783.0   648.5970411031346
784.0   635.9239907894629
785.0   616.1242252554059
786.0   610.1213651095924
787.0   603.2662389573607
788.0   578.9044938028563
789.0   577.658785077529
790.0   560.962285831341
791.0   543.2679840306473
792.0   540.5918957487531
793.0   522.0763833381146
794.0   507.2704196031923
795.0   502.6563650852462
796.0   488.8136245265519
797.0   491.46744161120955
798.0   467.3676474180635
799.0   442.9238986933562
800.0   443.22220762397376
