500.0   90.183135155233
501.0   94.48074273079285
502.0   93.37338139603534
503.0   87.17073973909535
504.0   92.62322106437242
505.0   88.61583940887033
506.0   82.2455531709846
507.0   81.55375135485366
508.0   76.58299533277517
509.0   75.52015069736638
510.0   69.73894500277791
511.0   70.57076918009659
512.0   70.77487609361194
513.0   67.93325792512599
514.0   68.99416085113808
515.0   63.08486019909191
516.0   67.62341232253559
517.0   68.80610353970368
518.0   66.05979077416973
519.0   67.80223064250856
520.0   62.44587165138637
521.0   58.920872592242915
522.0   64.0345695970399
523.0   63.858283434165855
524.0   62.668113382892955
525.0   62.98544483725567
526.0   69.06725917746118
527.0   68.19352227016807
528.0   72.08631972149303
529.0   75.0120538799367
530.0   75.44251044548616
531.0   81.89800335992237
532.0   80.92916953904
533.0   84.71906302579265
534.0   87.27952470144822
535.0   86.12938552944058
536.0   97.38501755955042
537.0   99.64708843119337
538.0   98.25161097109259
539.0   102.24583591324563
540.0   103.46431909217955
541.0   104.12025859808972
542.0   101.31510006750972
543.0   105.88304943164746
544.0   102.17721629922443
545.0   97.10227213453817
546.0   88.28456303121732
547.0   90.527711607024
548.0   90.18415638023998
549.0   85.99531700570219
550.0   83.81150119478065
551.0   75.71303676565702
552.0   79.68115780636919
553.0   73.33274065115376
554.0   78.55049035663399
555.0   72.62413578655989
556.0   71.17129130839956
557.0   61.71667841681909
558.0   73.01033961705733
559.0   69.24512779957439
560.0   65.84845542671798
561.0   67.65067733597098
562.0   58.46551719052965
563.0   61.31483060635995
564.0   69.90596497736809
565.0   71.09867971641197
566.0   72.91747952394695
567.0   69.06776017222677
568.0   72.83962754724666
569.0   77.68400872845785
570.0   80.3728952465683
571.0   76.33293465697767
572.0   79.65617832366365
573.0   77.53073150526933
574.0   86.56842117993341
575.0   93.1023528674038
576.0   83.64318260753703
577.0   89.27039667494307
578.0   88.50870987913885
579.0   97.4916660471747
580.0   101.33235397939745
581.0   101.23976572626214
582.0   103.83633636780019
583.0   106.84179418770952
584.0   99.83539373153388
585.0   111.95144873903809
586.0   112.51794536955447
587.0   110.56293669029259
588.0   109.75422784546947
589.0   113.77476227629631
590.0   108.5459622685621
591.0   112.58742015700625
592.0   108.5519708134226
593.0   112.07746715867773
594.0   111.02204583635262
595.0   104.50944182444903
596.0   106.29755774964343
597.0   104.86995641311262
598.0   102.86301010551483
599.0   93.14398769873111
600.0   96.5433179174276
601.0   93.11490043944787
602.0   92.95550033162056
603.0   91.87742098016435
604.0   90.59674583660967
605.0   89.74281402829905
606.0   92.46873601120927
607.0   86.10072070731644
608.0   89.72953822667148
609.0   86.75894915427307
610.0   89.77456540503573
611.0   92.89215590457621
612.0   88.28842750952185
613.0   87.0881989571505
614.0   84.26904002201013
615.0   87.98045513261974
616.0   89.05653614247223
617.0   90.34277305212436
618.0   91.2643352893594
619.0   90.66961673863779
620.0   94.1808752342572
621.0   99.7871256764102
622.0   86.48861754425809
623.0   100.82177251565395
624.0   99.42890460604747
625.0   100.61518087356387
626.0   103.77133548674777
627.0   102.24301752517061
628.0   103.22068062416429
629.0   110.14218595185775
630.0   113.04371528738398
631.0   117.09768655274627
632.0   111.33086374368077
633.0   120.07074010530846
634.0   117.54093248664105
635.0   121.6612595569926
636.0   123.14339707561442
637.0   118.81727346730679
638.0   125.4890667401603
639.0   120.8174932907566
640.0   123.42114997823433
641.0   125.30950225256265
642.0   125.61502940960759
643.0   121.50841635614483
644.0   124.20819197357639
645.0   123.13305902363118
646.0   122.89824753280038
647.0   123.42750024076258
648.0   121.38562473001127
649.0   120.89842898196582
650.0   114.36524684606184
651.0   120.94038966298478
652.0   117.44493271946874
653.0   117.71180113890591
654.0   110.47538313018879
655.0   111.69117260143264
656.0   108.17284124973412
657.0   111.30677284351202
658.0   107.2709565344602
659.0   106.86647014548703
660.0   105.86815148868402
661.0   108.27102806132109
662.0   103.25776716822577
663.0   105.16892659115433
664.0   110.15073591209125
665.0   116.2327047441147
666.0   111.27793557340215
667.0   112.47303217870603
668.0   112.02744193367812
669.0   109.0819832375189
670.0   115.13237604774633
671.0   115.5823857087255
672.0   115.34139109957835
673.0   116.57204603284276
674.0   120.60845414218693
675.0   123.48497176921035
676.0   124.79416466941689
677.0   122.29714374038326
678.0   127.1702270833888
679.0   129.48073717303214
680.0   136.10801536972224
681.0   134.1238979427792
682.0   138.70490583133846
683.0   141.14564445198732
684.0   142.62887275534047
685.0   146.9605710989017
686.0   148.95309341822883
687.0   158.63867707932457
688.0   154.97020937896377
689.0   161.60270422974077
690.0   155.356415454252
691.0   161.15557894115295
692.0   169.59347859145691
693.0   166.83318225368896
694.0   170.57729981591945
695.0   170.14533645036113
696.0   173.37726476953253
697.0   168.19796511407196
698.0   180.40080651058406
699.0   180.7471054116213
700.0   180.75304287836207
701.0   170.42156525915414
702.0   176.16084608196115
703.0   176.12009024323334
704.0   172.96002764661466
705.0   176.76905345622413
706.0   176.27938066643287
707.0   175.91924120545377
708.0   167.63968399450198
709.0   169.58874333677034
710.0   162.71440754973992
711.0   165.28185112535755
712.0   158.63472930446846
713.0   158.98174220975852
714.0   152.75619257142046
715.0   156.40510251087846
716.0   154.26446712789811
717.0   162.4608431967855
718.0   145.8299089551864
719.0   152.62716942641168
720.0   150.13008848877064
721.0   148.32807717113155
722.0   148.1822982641063
723.0   138.64945663648166
724.0   145.36838901615
725.0   137.1581544133221
726.0   146.42844343142144
727.0   143.6319262807565
728.0   133.1025026402906
729.0   141.7962075385791
730.0   133.4562114701056
731.0   134.61843259582122
732.0   148.78273323549092
733.0   140.5315421425372
734.0   143.47888258839544
735.0   140.95277595929167
736.0   132.07190423460804
737.0   134.07586922106384
738.0   135.57806271900324
739.0   136.5626446158933
740.0   138.97540069999093
741.0   142.4066933303784
742.0   145.62255040993455
743.0   137.74522285023716
744.0   141.6927216682036
745.0   145.28201584895703
746.0   144.60555615916496
747.0   147.29155836760424
748.0   150.055566394268
749.0   144.43387666624767
750.0   153.83180497086607
751.0   150.744385978816
752.0   154.7671470836616
753.0   153.33833836476958
754.0   148.31137381752183
755.0   153.8475800674521
756.0   149.77812444209803
757.0   148.94823859226472
758.0   150.86654059273246
759.0   147.6448509964962
760.0   149.35254747959607
761.0   147.17050141147251
762.0   147.36735801877558
763.0   151.60844225106825
764.0   146.67956926269608
765.0   147.46721872187481
766.0   149.32534218920136
767.0   145.34710160838654
768.0   147.29210005372283
769.0   142.65186726908087
770.0   147.48998223709236
771.0   139.4137779320672
772.0   141.94170039764754
773.0   138.15305727435748
774.0   137.2403010956309
775.0   131.39647095154396
776.0   131.21819039242382
777.0   134.37380240195193
778.0   130.08991007833833
779.0   121.9593150643816
780.0   125.2265020891166
781.0   114.35210201708492
782.0   117.01209828846822
783.0   118.26185415473606
784.0   113.65452008715306
785.0   104.63210553801468
786.0   106.68785194773363
787.0   109.17861860640619
788.0   98.70119468585926
789.0   100.20153130482777
790.0   93.78013633972523
791.0   91.13118090108878
792.0   91.12058285647731
793.0   87.25408478920235
794.0   85.74932360012986
795.0   85.47794370574888
796.0   80.32114637976213
797.0   78.09283560270046
798.0   78.17787264223773
799.0   72.41942079582725
800.0   71.77486849033426
