655.0 656.0 657.0 658.0 659.0 660.0 661.0 662.0 663.0 664.0 665.0 
9.96 31.135431836683154 143.7462211491178 3389.316180666593 1363.5876681712614 171.53941458410935 39.6188024296097 12.847780627864609 7.748160236850822 6.079622240336533 4.3706217168177375 4.729837499067884 
11.96 36.14969216931661 174.25264021935487 4017.2504141144873 1062.2402534651853 110.99093891760737 26.010780409165335 12.910563221939668 4.87921006178081 8.53222057047904 3.8652356551095863 6.682943411696101 
13.96 29.64288487869956 167.60768346802365 3698.7151075566117 1023.1689177020551 122.65641976951969 26.146794168044067 10.866818057262918 4.0155137098676335 5.897814025069977 4.2038602466031705 4.692600591469898 
15.96 27.94259881134107 123.12802571012975 3220.488175167863 614.2016351556855 68.28009743994886 18.099149416462836 9.018324841879831 1.6598821798549181 4.50428307002818 4.749149280863179 1.6204774400812312 
17.96 21.079501512723823 83.49995270499005 2344.0243928928235 594.5147842123343 59.34921982825256 15.542604966803964 8.68078057398938 2.0716296717518503 2.572932639247739 1.1422764946777306 3.746690006713493 
19.96 15.458848788566627 54.697909680141606 1568.2909044316514 396.98165402603513 42.449277708634924 11.419909726965528 5.706351595181673 0.6173401134969936 1.0330781273594312 1.6993494735413606 2.8077018749390277 
21.96 9.478566565765817 33.68319724736571 967.3419744526167 233.55602017896842 31.001472437894222 6.812296695639816 2.9871540291799477 0.43840536968727406 -0.03664508742463113 2.245748679433632 -0.48297260956911714 
23.96 5.734654973447732 20.612444855374065 530.9666540929537 139.65907920533726 17.931651566967787 5.865187341135311 2.8794756918966016 1.4146335077390404 0.8181204560968922 0.5920958723326066 0.5743546972241802 
25.96 2.7700568173725912 10.932456786479435 322.22704006993195 79.7797085004621 9.89869799755266 2.9839142847864366 1.1812414414618218 -1.520045249572206 -0.7165658671287076 0.7084113823987366 0.9792196228628711 
27.96 2.0490607424838743 6.489704206336285 181.32793786656558 46.64469352454415 7.670002705332166 2.0421056863537217 0.3705429502339541 -1.849666293275419 0.3836564450592448 0.7559317256939835 -0.496213173967476 
29.96 0.9688347364968593 3.638193192865913 105.46875639309084 33.26335477967663 5.601503344884065 -0.05132942272760488 1.623448150657481 -0.8564917284073772 -0.6152772385836158 1.2326603418805178 0.5224388727869496 
31.96 1.3843056943061356 2.388912397673721 130.80564030552594 26.885706756811715 4.621957889252826 0.7647790383980748 0.9617692476207651 -0.3592267767282067 -1.1244406222514272 0.9067471250467634 0.4865511666783391 
33.96 2.7903649985413495 8.245064351189512 225.05505561421236 40.78882940147582 10.032516687371128 2.3020414776523523 -0.4275076219141738 -1.4303611438416794 1.1433062587650795 0.8519345789287343 0.34837123584463825 
35.96 2.637344937890475 17.813680203049586 380.85225076537915 75.7123194230021 13.639937655252027 3.855624258544111 2.397322657965333 0.7033848005566483 -0.1891088044646949 1.0962597888334074 0.875458528417937 
37.96 6.238212832555519 31.820457164952018 590.719292020484 106.93776861502909 17.869170248913917 4.3906263705384845 0.7780901054196079 -1.3454883517543692 -0.3423145394065159 1.3202909690395472 -0.5240893442121433 
39.96 10.611506992141301 51.44732613362095 955.6380188031045 138.69815484515306 22.510075182344394 6.196024805978823 3.8132484640433404 -0.5396863434521322 -0.592749123583701 1.2044651577313061 0.7594350443860378 
41.96 13.260374274104066 77.83687030880907 1445.4240010853553 155.5207236912538 28.271526630828674 8.51098607176445 2.9319884535567553 0.05421201572946188 0.323721501081053 2.2739284400254576 1.5652274638187862 
43.96 16.975622311971847 78.52037703087251 1748.8895728946673 199.04916805804515 30.85316454599058 8.868704325490029 3.1859672466274276 1.0645882781950888 1.6680436460369776 2.896238583058704 0.9575727765505064 
45.96 19.970216043227936 73.32730315571695 2163.1248713535215 293.5733819368301 43.01423025651343 10.26196824565389 3.6910615821712724 0.38853005999848733 1.4565765285899488 3.2055778300874636 3.7916913259330727 
47.96 23.300042849164157 89.70656603685956 2612.271447575499 298.8794480731471 44.54947620498879 13.896289921468679 5.080877870850486 1.5302780169504047 1.941499291594937 1.7417778499674625 2.157123021312742 
49.96 25.236594174613714 122.87495441485044 3321.7010668120865 397.49635919218804 64.3216164143195 15.007328077302247 7.49002690217506 3.229060678104304 2.893695423209323 4.925832097667808 1.7884564225910822 
51.96 31.36326461670322 156.03789813826347 3989.4185641140857 416.2907794548256 67.822293062803 17.34206785189403 7.89687709635524 4.429924004156192 1.4674347547775142 3.7398526958848493 3.3779818590141133 
53.96 37.642125195277686 143.05029512778577 4037.0805797946923 561.9274097450327 117.09189358576862 21.909500786034414 7.834420010599473 3.907820227822725 3.5691893964694543 6.226928467054137 6.122216863189237 
55.96 42.32849115452353 183.45460189369885 4036.9717169244523 569.4284310551725 87.08858174459374 19.985046925250117 8.896321186814902 4.982026024548475 2.788224953942688 6.1919360690140195 4.1434380244409965 
57.96 42.77879225671822 167.6423098992529 3877.83696492772 470.4805542228286 99.31357614549233 23.986247086911334 9.35620377554153 3.5617263068798763 2.620463377260563 3.4080001986914965 4.188602456178984 
59.96 49.878476260254615 199.1422920037828 3777.9604454186992 477.8933409253674 121.33000540502155 27.819997433895423 10.209846204991237 6.2584869608026565 4.704076254174879 5.497269883858593 3.9255639873436508 
