600.0   674.596086893896
601.0   676.6187486944704
602.0   654.8127091253052
603.0   677.7400148763212
604.0   650.651048061193
605.0   659.3870788346544
606.0   675.456215678875
607.0   665.7991674459367
608.0   656.5792956836585
609.0   625.2396394882544
610.0   639.261562137775
611.0   627.6924365595069
612.0   647.1075606002366
613.0   623.9023808666823
614.0   608.1184983588582
615.0   623.9045264530089
616.0   642.3508387336074
617.0   668.5742819320185
618.0   654.5706772098738
619.0   680.1843587358394
620.0   685.5630355811579
621.0   731.0745072717029
622.0   743.8103601946254
623.0   774.6119139913591
624.0   798.300369751155
625.0   819.194381036961
626.0   856.3943243153162
627.0   878.5496945874147
628.0   914.1095640499568
629.0   947.1040604884862
630.0   970.2548936210511
631.0   997.5368078573988
632.0   1019.3846933097252
633.0   1043.9516268054244
634.0   1065.4146796979585
635.0   1088.6708033065488
636.0   1115.0212966798665
637.0   1128.3890118292522
638.0   1127.6455460667298
639.0   1161.6127613488575
640.0   1167.780171344194
641.0   1178.9157067789456
642.0   1172.272302370565
643.0   1170.7293681145763
644.0   1171.3031438243129
645.0   1164.8108661824258
646.0   1177.6022993493834
647.0   1166.046050497404
648.0   1155.4421434003455
649.0   1141.1519476158117
650.0   1134.3703550254993
651.0   1136.4953405385015
652.0   1122.2561486543627
653.0   1108.5606464450923
654.0   1110.4210388861713
655.0   1091.6156950557827
656.0   1105.0788148700908
657.0   1108.9078623129562
658.0   1085.3172229825673
659.0   1103.0518444072977
660.0   1107.0350121285337
661.0   1096.6114182220817
662.0   1107.196954670974
663.0   1108.2996760590827
664.0   1132.7419905786228
665.0   1170.2255418141044
666.0   1138.483516572375
667.0   1148.4462748145097
668.0   1143.5692344506515
669.0   1164.7949965268892
670.0   1214.3383596203334
671.0   1239.4035360221164
672.0   1266.3367817088836
673.0   1262.2174302286396
674.0   1272.7366207817372
675.0   1315.7429569913513
676.0   1321.738795857052
677.0   1363.8451879545607
678.0   1384.2263356982803
679.0   1418.7389491032854
680.0   1466.5330900969066
681.0   1493.2827797455252
682.0   1527.3384290888446
683.0   1559.0529436664317
684.0   1587.6386963459413
685.0   1644.4740462674704
686.0   1672.2314046218432
687.0   1698.5375317717142
688.0   1718.7185797805218
689.0   1777.7883139999828
690.0   1809.8971047522714
691.0   1823.030810757938
692.0   1897.6066354896639
693.0   1927.546503153034
694.0   1919.765767113817
695.0   1967.3463475642616
696.0   1956.1273175976498
697.0   1934.83331892632
698.0   2021.3510408067466
699.0   2021.8620242656507
700.0   2016.171409452805
701.0   1975.2564446914541
702.0   2025.1986631622524
703.0   2001.0631611371707
704.0   2010.2233899417697
705.0   2023.5694234104456
706.0   2007.8883395164873
707.0   2010.352480770851
708.0   1984.4251860351333
709.0   1975.4542937494277
710.0   1931.033722535217
711.0   1914.406236877594
712.0   1894.8127204867822
713.0   1880.108728700374
714.0   1861.7585395684632
715.0   1838.8566675861343
716.0   1848.3557085584387
717.0   1858.658895305948
718.0   1799.5537627616682
719.0   1825.2463173076173
720.0   1780.399166130264
721.0   1778.1656332432913
722.0   1787.4296824875264
723.0   1777.42071562445
724.0   1788.2607402256422
725.0   1732.9307836542819
726.0   1729.8158796171886
727.0   1736.3165902901067
728.0   1714.9770827286588
729.0   1749.178546367582
730.0   1657.4408084784495
731.0   1687.9934055025813
732.0   1739.315846460325
733.0   1742.0408473206446
734.0   1727.025946635884
735.0   1724.859247770335
736.0   1657.7214083500296
737.0   1670.7546293257442
738.0   1710.7754487713028
739.0   1682.2948341885515
740.0   1750.9266615679505
741.0   1699.746277293727
742.0   1748.2308464291675
743.0   1706.677711476013
744.0   1719.7548745485983
745.0   1697.1024192556338
746.0   1714.7305845079882
747.0   1733.5103693911087
748.0   1727.777546422414
749.0   1711.2459935243155
750.0   1702.6338270585818
751.0   1670.7025077731548
752.0   1670.8968920296568
753.0   1694.3944642109175
754.0   1722.1623458705685
755.0   1773.7733961141605
756.0   1822.055904438204
757.0   1873.2352232516607
758.0   1968.9816092644915
759.0   1982.8638638497673
760.0   2056.770853391125
761.0   2138.912859218471
762.0   2212.7104658386866
763.0   2309.1015884499748
764.0   2356.97461898475
765.0   2416.132711825662
766.0   2483.515767509831
767.0   2487.788694870019
768.0   2616.2678812572653
769.0   2571.315136196373
770.0   2607.8271768144705
771.0   2606.9818408727297
772.0   2611.4418780725227
773.0   2537.8764450055924
774.0   2557.8291075694096
775.0   2494.5794577959614
776.0   2485.5713156063725
777.0   2468.1287949179455
778.0   2457.621392555902
779.0   2357.9707446585376
780.0   2317.940934967867
781.0   2256.9186888264053
782.0   2210.198059718688
783.0   2152.3218102847395
784.0   2088.5268926165268
785.0   2028.127937026059
786.0   1973.8325444706568
787.0   1913.7824019930158
788.0   1851.443127912951
789.0   1803.1693662895434
790.0   1746.2324308986683
791.0   1662.0185579480835
792.0   1625.9940115107456
793.0   1559.6150322250498
794.0   1495.3676587440357
795.0   1441.4020256390218
796.0   1406.7820318384727
797.0   1393.8140714287497
798.0   1298.2990926357072
799.0   1226.842238488768
800.0   1193.8561625981756
