600.0   596.0692137402483
601.0   592.0785243491289
602.0   579.9919689493913
603.0   603.9046339182665
604.0   577.9717164482784
605.0   575.8892304508519
606.0   587.171771798166
607.0   592.4106994027713
608.0   583.8156540666191
609.0   555.3729087868444
610.0   566.5728607673782
611.0   558.077160070794
612.0   571.4784240451934
613.0   551.884010353978
614.0   539.610371819063
615.0   555.1177641104973
616.0   568.3524564591609
617.0   590.2492838444434
618.0   590.5588356314744
619.0   606.3612526602874
620.0   609.7962518743236
621.0   650.768469104221
622.0   654.3238103846759
623.0   688.1103590643195
624.0   708.159689649459
625.0   729.7391791176107
626.0   759.3463558606452
627.0   781.8221417280656
628.0   808.2489687437771
629.0   836.5281932861518
630.0   857.4864391718669
631.0   882.8396763918054
632.0   906.5239768426179
633.0   926.4052731410898
634.0   946.6877239114941
635.0   976.5346625175903
636.0   989.0461256785024
637.0   1005.145601972979
638.0   1003.2886423140285
639.0   1034.932220353649
640.0   1042.9844729572326
641.0   1046.899731252412
642.0   1047.1410377966574
643.0   1044.236979869074
644.0   1039.4600070829047
645.0   1035.5775134226883
646.0   1047.5937960448598
647.0   1035.9341826023447
648.0   1030.7997126653092
649.0   1024.8149447626713
650.0   1010.494470026742
651.0   1012.7338906798848
652.0   999.3436973717264
653.0   992.5121648212898
654.0   995.9213483075872
655.0   979.7394272995926
656.0   988.0144531939528
657.0   991.6498390725221
658.0   972.1357500844415
659.0   986.0111333980041
660.0   987.9624064101915
661.0   975.9366497542975
662.0   991.9865777939397
663.0   994.1474654809945
664.0   1014.9051141667636
665.0   1048.0301374490728
666.0   1020.1460121317107
667.0   1031.7327093516856
668.0   1022.7177670719303
669.0   1042.2565632308638
670.0   1091.9790463685686
671.0   1115.4459919565666
672.0   1133.1730061381875
673.0   1132.196238848589
674.0   1140.7288941646066
675.0   1184.1990311759487
676.0   1187.5173554140438
677.0   1221.9635297045372
678.0   1241.719871626574
679.0   1279.1980867965392
680.0   1317.0969748210482
681.0   1337.9269879873318
682.0   1377.3477105869333
683.0   1401.5163347496823
684.0   1439.3150184497797
685.0   1471.1598482897275
686.0   1505.7546343093773
687.0   1530.882732122321
688.0   1554.3249208043292
689.0   1597.5198745778973
690.0   1630.491419832677
691.0   1635.5163995412324
692.0   1705.7973178461539
693.0   1742.9516437382083
694.0   1733.3218831952597
695.0   1772.865168612837
696.0   1765.1557711512487
697.0   1751.371301376257
698.0   1819.5350278614478
699.0   1839.6436649428513
700.0   1831.517878448042
701.0   1785.1443028067351
702.0   1831.8717973044163
703.0   1802.426300704776
704.0   1818.113185038355
705.0   1832.628936577718
706.0   1814.0616236212493
707.0   1804.8723969721602
708.0   1795.884994674365
709.0   1783.8978914141542
710.0   1759.3076607989813
711.0   1738.413889928585
712.0   1717.983251038179
713.0   1709.7426435494447
714.0   1683.338209544686
715.0   1676.7684900482966
716.0   1671.1275207869853
717.0   1689.8804607463642
718.0   1628.3260541421685
719.0   1652.983420099108
720.0   1613.3330504598798
721.0   1608.00626897178
722.0   1627.344904079312
723.0   1608.334303275614
724.0   1624.576525653857
725.0   1572.555341503489
726.0   1579.0322927486693
727.0   1577.3176910347063
728.0   1564.8387713851712
729.0   1585.3941234204174
730.0   1503.0361470017974
731.0   1534.159245125257
732.0   1584.850592774798
733.0   1580.9238179539652
734.0   1571.4884574220573
735.0   1561.4345728672185
736.0   1500.9881189467558
737.0   1523.819336771492
738.0   1541.5722424765559
739.0   1518.7597502974447
740.0   1586.7697074841594
741.0   1550.3394538997097
742.0   1589.1816716434741
743.0   1550.1054979183048
744.0   1566.253793648303
745.0   1548.8694262976312
746.0   1551.701214217813
747.0   1572.980187285525
748.0   1556.8539745946807
749.0   1544.978695132476
750.0   1543.1529821572165
751.0   1533.9600795942224
752.0   1530.8120662666404
753.0   1556.0407927277986
754.0   1589.3012680186232
755.0   1640.131757341992
756.0   1690.8803883667651
757.0   1737.9614597892285
758.0   1827.6890945110629
759.0   1846.1453250676925
760.0   1922.4950946756912
761.0   2007.5572574196844
762.0   2074.815593723455
763.0   2172.701603626988
764.0   2207.119940159482
765.0   2265.8279360665297
766.0   2331.205613492322
767.0   2337.968381201602
768.0   2450.9591874635234
769.0   2418.2597590244304
770.0   2451.647296837238
771.0   2451.736685471388
772.0   2454.1001802165583
773.0   2387.117254216219
774.0   2415.4397207854754
775.0   2358.6063819582464
776.0   2352.215681094851
777.0   2348.4164200277905
778.0   2323.0307277439792
779.0   2236.859342489943
780.0   2213.1559572271703
781.0   2167.0712246966627
782.0   2127.921892422563
783.0   2065.126752660407
784.0   2011.4472052372273
785.0   1949.7073355649345
786.0   1898.1710583238626
787.0   1849.577757020744
788.0   1789.2502148547728
789.0   1751.8442558528593
790.0   1704.271494868737
791.0   1627.960903692551
792.0   1603.8863742860879
793.0   1541.1041869874273
794.0   1483.5915437068372
795.0   1440.2678183309213
796.0   1393.427797286738
797.0   1401.493800686144
798.0   1309.0961532035558
799.0   1233.5589520353842
800.0   1216.0409654310733
