600.0   491.50424568613096
601.0   491.53341566253175
602.0   472.92269356156675
603.0   495.41105534956864
604.0   475.2310494540713
605.0   473.18157181438085
606.0   484.8400344724283
607.0   485.2391916048933
608.0   480.45351367346046
609.0   461.42825150479337
610.0   467.55328851800186
611.0   460.9047796230757
612.0   473.883712386124
613.0   458.1682350483517
614.0   444.98603738683556
615.0   457.4525014292825
616.0   472.2009506291705
617.0   487.1758721118404
618.0   483.71464337894236
619.0   498.7522810802477
620.0   500.92003953590125
621.0   531.6341436803152
622.0   541.1365039796256
623.0   561.32341735795
624.0   583.2396630681411
625.0   595.8489972940438
626.0   623.8814731752138
627.0   640.1221785969831
628.0   666.1103958926949
629.0   691.1670446109285
630.0   711.0514575856477
631.0   724.7602744107867
632.0   738.5794648091266
633.0   763.7496976857989
634.0   777.9399830920171
635.0   796.422161366939
636.0   810.33679684497
637.0   819.4870084439694
638.0   824.6153790278324
639.0   854.5543962446714
640.0   852.7697738432098
641.0   863.2649289228495
642.0   865.4680073323062
643.0   858.3213557148042
644.0   855.7247796866991
645.0   854.6840895778316
646.0   868.3228927477376
647.0   853.7923347473788
648.0   845.6557417307579
649.0   836.588108263151
650.0   833.0702948350821
651.0   836.3759973480162
652.0   826.0756758460061
653.0   816.6391660226454
654.0   816.0237366093398
655.0   807.5709520321625
656.0   809.3186879309583
657.0   811.6134411875207
658.0   801.2510555102745
659.0   810.5237240673076
660.0   810.9549846817808
661.0   806.003177417518
662.0   817.094771075749
663.0   817.8465325228143
664.0   833.3771224842015
665.0   865.0414878440818
666.0   842.8919810503833
667.0   851.6918999097517
668.0   842.5124748455702
669.0   862.5068494658672
670.0   902.723406245958
671.0   919.6727762821499
672.0   937.1133915826708
673.0   928.5554360851172
674.0   941.5455025970008
675.0   971.5069050851141
676.0   973.6989707154271
677.0   1006.8660402784959
678.0   1022.7939203409348
679.0   1044.3387626446577
680.0   1090.9729090441742
681.0   1100.577015115839
682.0   1126.3992454620447
683.0   1162.3964980356534
684.0   1182.9207287997026
685.0   1215.4364658342506
686.0   1232.8247492667736
687.0   1259.4247541448858
688.0   1276.1729391007339
689.0   1325.902582531973
690.0   1349.8461628727055
691.0   1355.983480516603
692.0   1410.0831054722323
693.0   1444.0312630017834
694.0   1432.0803147105457
695.0   1467.1939384215825
696.0   1465.1116714848724
697.0   1445.7932210657561
698.0   1510.6528771934845
699.0   1519.1507698003893
700.0   1513.9848461622466
701.0   1475.831815949207
702.0   1509.4034904649654
703.0   1490.710326627947
704.0   1508.6415307713264
705.0   1512.2829079718276
706.0   1503.152052020697
707.0   1496.72151669882
708.0   1483.0011464123872
709.0   1479.3135221750551
710.0   1449.7025986027952
711.0   1437.646118073043
712.0   1420.1529697433066
713.0   1410.308301517756
714.0   1399.8966942137954
715.0   1385.683277198704
716.0   1382.9818353579624
717.0   1398.2468309511885
718.0   1345.8838317595742
719.0   1367.9185594437843
720.0   1330.8690274966193
721.0   1331.6723696067822
722.0   1343.273222161362
723.0   1332.4022788137686
724.0   1338.7218367095586
725.0   1300.908048166683
726.0   1298.9441720430614
727.0   1303.5118719180025
728.0   1294.6014191233994
729.0   1313.4406784679197
730.0   1241.2742087563224
731.0   1260.5987639503326
732.0   1309.7993996937505
733.0   1301.186810719581
734.0   1294.8043913004017
735.0   1293.7371137387986
736.0   1237.7018091445784
737.0   1250.9759974232988
738.0   1278.5024992499298
739.0   1259.4816873033749
740.0   1313.4266871876205
741.0   1281.0202172199852
742.0   1309.6844251322373
743.0   1278.385804446202
744.0   1291.76470538432
745.0   1278.7171811136484
746.0   1283.3624763503467
747.0   1298.3176822841067
748.0   1281.0650325276513
749.0   1273.5102711850764
750.0   1279.2176968019135
751.0   1264.1552580994114
752.0   1275.6336261732752
753.0   1295.4890972264823
754.0   1327.8652514481075
755.0   1369.5829657334725
756.0   1418.578396673757
757.0   1458.3083979388282
758.0   1534.3909857692759
759.0   1551.3279520938952
760.0   1627.0270123327887
761.0   1689.6139994635548
762.0   1750.7112562948994
763.0   1819.8439246765831
764.0   1863.208195650546
765.0   1910.3639306232187
766.0   1961.5602082171724
767.0   1970.0821720110619
768.0   2070.580717178934
769.0   2032.6055200225933
770.0   2065.475892443305
771.0   2065.120740944551
772.0   2072.6632338664017
773.0   2020.4488693695553
774.0   2024.8888562669229
775.0   1981.1779308217322
776.0   1979.9377602148818
777.0   1978.4525783863123
778.0   1966.7385166031338
779.0   1896.3861357650085
780.0   1878.5917622615527
781.0   1816.7836004518263
782.0   1797.587926022371
783.0   1750.962749980557
784.0   1704.6725884058887
785.0   1663.904864322119
786.0   1613.9632874020492
787.0   1578.409123295855
788.0   1521.0675349948679
789.0   1491.1202623099266
790.0   1457.3561464097133
791.0   1393.7387304747544
792.0   1374.0275195833553
793.0   1317.6996179100563
794.0   1271.0774086526378
795.0   1236.9463578039517
796.0   1204.02601900043
797.0   1206.7992202011296
798.0   1125.2591119917429
799.0   1062.0447465801044
800.0   1039.5616294683136
