600.0   355.29156519336755
601.0   356.96384656617863
602.0   348.67535654137333
603.0   360.0679748391234
604.0   348.5524559035769
605.0   348.46997749727984
606.0   355.41849522135107
607.0   356.6651113902631
608.0   353.5502055240085
609.0   334.54380161679
610.0   343.0504670227215
611.0   338.14935879327504
612.0   344.1013238526541
613.0   336.2035869175196
614.0   328.34432935197793
615.0   330.6175688896427
616.0   344.26388701314363
617.0   356.4210638357653
618.0   354.6336248720196
619.0   363.0742616220359
620.0   364.3519351727991
621.0   389.20413499769074
622.0   391.9028538737343
623.0   409.7335927443696
624.0   422.0409963253197
625.0   434.54775886199855
626.0   449.5731646793075
627.0   472.2953467603224
628.0   485.64061254250515
629.0   502.7923460929943
630.0   514.8490205034112
631.0   529.5054148348331
632.0   541.6965020893128
633.0   556.439783374583
634.0   567.8798265358208
635.0   581.8615506770636
636.0   590.2440555687392
637.0   605.6831672716442
638.0   598.8551498512363
639.0   625.8785482521596
640.0   624.6358317084175
641.0   628.9489272278067
642.0   633.3874950013094
643.0   628.3321703330975
644.0   626.8322933628083
645.0   623.7211801187825
646.0   630.4460152293875
647.0   623.1934579834713
648.0   618.5713089196804
649.0   616.6239685548585
650.0   611.8304122675543
651.0   610.2658133889718
652.0   601.6089144768675
653.0   599.308333862517
654.0   601.012201426975
655.0   594.693293802639
656.0   592.7218552674992
657.0   594.7122958859563
658.0   588.0042760902879
659.0   594.039107643718
660.0   596.0095362087379
661.0   589.794098964887
662.0   598.2036340864918
663.0   598.9624740447143
664.0   613.742032488167
665.0   627.930509503741
666.0   616.4704092902998
667.0   623.3727281669711
668.0   619.6410757960729
669.0   631.5758034002715
670.0   653.7180800643532
671.0   669.0288826141438
672.0   684.0517583070216
673.0   679.2914396617327
674.0   691.4217277223996
675.0   710.3569093544706
676.0   718.3723326430024
677.0   733.8715606798843
678.0   755.2373989117098
679.0   769.8580699406548
680.0   797.2218926039992
681.0   808.9837508344251
682.0   824.3249845621167
683.0   844.898463016428
684.0   866.2153893308546
685.0   886.6237688460292
686.0   908.9301880289729
687.0   925.86913447281
688.0   934.3122906872024
689.0   972.2288105095406
690.0   987.6678063143307
691.0   996.4504544262345
692.0   1029.6732937245638
693.0   1051.7637178034956
694.0   1053.2129675216731
695.0   1075.6280238932009
696.0   1073.1319787653629
697.0   1065.1856644313352
698.0   1110.5161436516917
699.0   1108.4003908853012
700.0   1106.6823758289788
701.0   1083.7863137012946
702.0   1108.5735932842686
703.0   1097.9002831931068
704.0   1103.6119250525903
705.0   1117.3536705277331
706.0   1105.0241848749706
707.0   1105.1777081909001
708.0   1092.4623788829815
709.0   1090.1044006595237
710.0   1071.9124030510095
711.0   1061.9414839330834
712.0   1051.1756832612095
713.0   1042.447109893226
714.0   1026.7882180564777
715.0   1013.0886694782051
716.0   1010.4056247314957
717.0   1020.0376456459676
718.0   997.6058383449647
719.0   1005.1125771288841
720.0   983.8005272017128
721.0   976.928963550276
722.0   985.9801812745269
723.0   975.4777179040066
724.0   986.0865358066303
725.0   955.4828029033602
726.0   953.6742272945045
727.0   960.8119387157506
728.0   949.5878383872162
729.0   960.3242085942979
730.0   911.978094709187
731.0   930.807895658721
732.0   959.8253513812303
733.0   959.8595213173373
734.0   951.813327304664
735.0   946.4214680530413
736.0   910.9578799747517
737.0   919.5920066547587
738.0   937.9470615193193
739.0   922.252800444605
740.0   966.5300349909161
741.0   938.6252530062143
742.0   957.1911583120116
743.0   936.1664691225358
744.0   947.4423741577905
745.0   933.5432867667097
746.0   938.6486403654394
747.0   948.5698088111828
748.0   941.7482857434857
749.0   933.8080536642958
750.0   938.8434168823431
751.0   940.8030302316296
752.0   939.2167531412085
753.0   965.1319460205191
754.0   984.8861255694474
755.0   1020.6328805587821
756.0   1060.5630020317294
757.0   1085.934102571522
758.0   1144.3913152959612
759.0   1153.0309942279891
760.0   1206.5762636493505
761.0   1260.3698189304635
762.0   1302.763009585441
763.0   1364.5894513118783
764.0   1392.469090940125
765.0   1427.7812012745803
766.0   1457.2845587600953
767.0   1465.0627564366107
768.0   1542.4886539604274
769.0   1515.5346557410612
770.0   1542.61956502378
771.0   1534.1261466354715
772.0   1541.2604982593678
773.0   1504.3993935284393
774.0   1519.7802091048902
775.0   1479.2700150143546
776.0   1480.0330650502588
777.0   1474.2892123482586
778.0   1467.738261427018
779.0   1410.4893988765132
780.0   1395.4144534978436
781.0   1359.6017043686616
782.0   1339.8590367528327
783.0   1307.0240126152883
784.0   1268.9930406458386
785.0   1241.3704161305932
786.0   1201.8511990177756
787.0   1174.1697266301805
788.0   1137.196065672368
789.0   1112.9384055667667
790.0   1090.0218653100915
791.0   1037.6745838991333
792.0   1020.8996399692883
793.0   987.1940928317815
794.0   947.9879598617298
795.0   929.6816894339535
796.0   895.9289344922362
797.0   900.8966283167118
798.0   846.4093111135237
799.0   800.1230126531844
800.0   787.3043211149252
