600.0   244.549630299085
601.0   244.73497045481867
602.0   238.24395189060135
603.0   248.34268499940075
604.0   234.90250223837648
605.0   237.57456854980504
606.0   243.2104734964076
607.0   243.3638478362388
608.0   242.47906726702905
609.0   230.57618519501287
610.0   232.53608479759905
611.0   232.59981157388262
612.0   237.35293706611284
613.0   230.3232709776362
614.0   222.34331884214384
615.0   227.78823547869297
616.0   239.91030202318322
617.0   246.57845464231133
618.0   241.95433871920247
619.0   250.85380339731404
620.0   249.43741196712227
621.0   267.2771597770467
622.0   269.15239918813717
623.0   279.8047290138777
624.0   285.11628890200564
625.0   294.41723444562115
626.0   309.30253606437907
627.0   322.5007804631224
628.0   330.95731937664715
629.0   340.62744161326293
630.0   355.6645769818708
631.0   360.67909098347656
632.0   368.74362029282116
633.0   380.5435761484747
634.0   385.2547227259796
635.0   400.98948959712715
636.0   406.6720653680098
637.0   410.38479672893567
638.0   408.6326557549332
639.0   424.045598280241
640.0   428.7244100262286
641.0   432.63645575081773
642.0   431.6698128692826
643.0   429.82127081148576
644.0   428.7688236601526
645.0   429.22206266938434
646.0   432.8783328093211
647.0   426.7875781866016
648.0   423.8187087719765
649.0   421.060718444381
650.0   417.8315918798543
651.0   419.5011813626348
652.0   410.19736878372447
653.0   407.4424491416643
654.0   412.220430538359
655.0   405.72786721913224
656.0   407.2056900124784
657.0   409.27130482486604
658.0   401.0474527044501
659.0   412.89723482459146
660.0   407.2027748317519
661.0   403.27615304818437
662.0   408.893072997387
663.0   411.50924827189783
664.0   421.8150004009294
665.0   436.86782038174823
666.0   424.66745918003795
667.0   427.9315908707289
668.0   422.9616234811996
669.0   431.7161425187948
670.0   451.3135285563377
671.0   460.3654939394297
672.0   467.9501884150906
673.0   466.9078806052635
674.0   470.2096890009768
675.0   489.20821136532476
676.0   492.83772093356725
677.0   510.42018113642064
678.0   512.4198503973109
679.0   526.714171643275
680.0   549.5080975255026
681.0   552.2411836826012
682.0   563.7183423620273
683.0   579.3255033439541
684.0   592.3001888631173
685.0   612.1335383201942
686.0   623.5053193166609
687.0   634.452859468948
688.0   637.4041359211149
689.0   662.511829207911
690.0   672.0947833924441
691.0   681.00109893758
692.0   710.6539249137273
693.0   726.1139077342623
694.0   721.4358614639239
695.0   736.8647369346692
696.0   736.3715909383201
697.0   727.222009201092
698.0   760.2432933431389
699.0   763.9323974806133
700.0   760.1908401961567
701.0   749.2075617851397
702.0   758.0367096694994
703.0   752.2674661800366
704.0   759.2202140105894
705.0   764.6860352930146
706.0   755.3142999666616
707.0   759.7324543521643
708.0   752.7745190938354
709.0   750.8287893016011
710.0   734.7505389390794
711.0   727.9551992603981
712.0   724.2568748788617
713.0   712.8064026295683
714.0   707.2980958450198
715.0   698.1100887413415
716.0   699.4385362558926
717.0   704.9428463459453
718.0   683.5889692608653
719.0   690.8367871554055
720.0   672.7530015990453
721.0   669.9915533541811
722.0   680.454157380379
723.0   671.926878793083
724.0   679.1560522104646
725.0   658.4526936968043
726.0   656.4108983892883
727.0   656.5079880735718
728.0   654.4317019424273
729.0   668.5348626009081
730.0   629.8890082860935
731.0   640.5057241738773
732.0   661.5257299013632
733.0   664.3661716923752
734.0   659.6712971088755
735.0   653.9356141815385
736.0   629.8474989118972
737.0   633.4934077989512
738.0   641.061871352257
739.0   637.9036509424476
740.0   663.082306515082
741.0   645.1710821448778
742.0   662.4561761071122
743.0   645.7599033267193
744.0   653.4517706214618
745.0   640.8511495543548
746.0   646.1127347917054
747.0   652.3007222709184
748.0   643.982734123208
749.0   643.5214756209441
750.0   646.2212751063591
751.0   647.2235427993693
752.0   657.5852998300857
753.0   662.7882403542751
754.0   677.2155797416293
755.0   711.3566948891596
756.0   728.8528470624749
757.0   753.437376250392
758.0   793.3314465292406
759.0   803.6834324694364
760.0   836.8525659976992
761.0   869.0699883096764
762.0   903.568556593124
763.0   944.664220365874
764.0   957.0686312385795
765.0   984.7184656533627
766.0   1011.3838391160118
767.0   1010.797854900871
768.0   1066.7014835167881
769.0   1049.2028328704412
770.0   1064.3591747467567
771.0   1064.1416350957998
772.0   1066.329400011131
773.0   1048.4862371603358
774.0   1048.0241533303965
775.0   1028.0015783987271
776.0   1019.7235972845077
777.0   1023.0780091205543
778.0   1016.4771597287872
779.0   980.3066991930973
780.0   964.4104873894942
781.0   945.0311148961233
782.0   922.1784481933672
783.0   902.113110451805
784.0   881.8995858364342
785.0   861.3175191544972
786.0   836.5421963653005
787.0   812.0690297885545
788.0   785.3745830319091
789.0   773.7154023425696
790.0   755.1120116687125
791.0   724.1137693947071
792.0   712.109485211338
793.0   683.8229032497675
794.0   656.5729519778777
795.0   642.1248917290825
796.0   626.0413136501134
797.0   627.2110370113652
798.0   586.5474035209754
799.0   560.4458302501731
800.0   549.183244977543
