600.0   153.98121831837037
601.0   155.64905789722513
602.0   151.02378413334537
603.0   157.46679839095626
604.0   148.5640193480544
605.0   151.78782486492858
606.0   155.9745420564804
607.0   152.43521490258485
608.0   151.7195549277992
609.0   141.76575841743065
610.0   146.97740955483297
611.0   147.50101289375345
612.0   151.0635938297398
613.0   145.01065938927061
614.0   142.1469541759721
615.0   144.02218778080123
616.0   149.29359917002088
617.0   157.1719858938314
618.0   155.02779372158514
619.0   160.34284595266843
620.0   157.26769874766165
621.0   170.8954941029772
622.0   167.66039810231615
623.0   178.01586609113593
624.0   183.94372162587905
625.0   191.71811925674692
626.0   199.70142213133025
627.0   206.10311849963438
628.0   211.9647422915777
629.0   218.1708958276821
630.0   224.39067884260922
631.0   235.28465902877548
632.0   238.2515259519833
633.0   243.70194301451343
634.0   246.89230164705137
635.0   255.3264054996622
636.0   257.6770901225739
637.0   261.9390361090498
638.0   259.9831957297163
639.0   270.48214477229385
640.0   273.9133665904046
641.0   273.5062736956512
642.0   277.12381369556124
643.0   275.9207509255838
644.0   276.76895592114613
645.0   274.94600742274343
646.0   276.81376127291543
647.0   273.6794351658158
648.0   271.63025001704796
649.0   272.36811961599085
650.0   267.78241752432245
651.0   269.03114044484835
652.0   265.4912825882851
653.0   260.0334669487299
654.0   263.40916171380434
655.0   260.64581006588594
656.0   260.57068418901116
657.0   265.7815079933052
658.0   259.15333111965555
659.0   262.3645382884524
660.0   265.0066209840363
661.0   261.7484318865352
662.0   265.89187024794967
663.0   264.80965574597724
664.0   271.64747513778383
665.0   278.0377195757339
666.0   274.5319388320574
667.0   273.39037259224216
668.0   275.07652717499104
669.0   279.6580241986331
670.0   292.4750092065161
671.0   297.35645875370994
672.0   302.1464676465261
673.0   302.34481798725494
674.0   302.38618449264686
675.0   308.7871335858998
676.0   317.66419840936595
677.0   323.6125185966222
678.0   330.688258394873
679.0   337.29762138888896
680.0   348.9331908161664
681.0   355.5492321211533
682.0   367.6385343420103
683.0   374.49912806160245
684.0   379.9039891183588
685.0   392.63188768410583
686.0   396.62508740702606
687.0   407.19743448697454
688.0   412.2320886015468
689.0   425.1755063704885
690.0   432.4930382042568
691.0   436.0632013509003
692.0   458.1223724924678
693.0   462.69739338288394
694.0   462.2706108506295
695.0   474.4699251235028
696.0   475.59814114130313
697.0   467.76761706172897
698.0   489.7760717706371
699.0   492.06500429443656
700.0   490.6626318862027
701.0   478.9749061127547
702.0   489.6280758139186
703.0   485.0356124357512
704.0   492.91345196952915
705.0   494.52598118625366
706.0   487.89850671471817
707.0   488.4028222372106
708.0   483.5954096476388
709.0   481.23457279239585
710.0   470.8873521865074
711.0   467.7185783781313
712.0   461.3114712464192
713.0   457.5186243042062
714.0   453.9985492269786
715.0   449.44294777792925
716.0   450.4372330141476
717.0   453.4331318379586
718.0   440.6362153793802
719.0   444.4321937854592
720.0   436.179844850238
721.0   431.74453905935025
722.0   438.39872915094156
723.0   434.91831016461873
724.0   439.4496747488271
725.0   425.638426809921
726.0   425.85285631831357
727.0   424.0985760287361
728.0   421.8456007656419
729.0   431.25919389456345
730.0   403.22511040170383
731.0   412.2703389009957
732.0   430.3468450830808
733.0   428.3649499559814
734.0   425.35043110319754
735.0   420.3698279295846
736.0   404.6195249798046
737.0   413.5455424084295
738.0   412.5170243592837
739.0   409.8567024377428
740.0   432.23116570045534
741.0   419.1508756651771
742.0   427.7213167060458
743.0   417.67120948208907
744.0   422.76117714795475
745.0   420.04938754101113
746.0   418.36068547306735
747.0   419.8210532580215
748.0   418.7520967188439
749.0   413.9897394360559
750.0   418.4923551166012
751.0   418.186465432913
752.0   424.71149814883637
753.0   431.6674471172194
754.0   442.425564598959
755.0   459.40633161538864
756.0   476.9170185011984
757.0   487.3058668132636
758.0   517.0399009927635
759.0   520.0723493193273
760.0   542.8887867845758
761.0   564.983702760848
762.0   584.5190047928684
763.0   611.6291272561891
764.0   621.189123210355
765.0   642.5058353087215
766.0   655.5019108770689
767.0   657.1263677481741
768.0   688.5716912659378
769.0   674.2542328231203
770.0   690.9661706685381
771.0   688.2801566097944
772.0   689.6741825690408
773.0   668.4453530787873
774.0   680.8342770160342
775.0   665.5519807184355
776.0   660.9746397331003
777.0   661.8120882939359
778.0   656.5799123000891
779.0   631.4618830092079
780.0   630.2415640868837
781.0   611.5756035125299
782.0   600.7883743352647
783.0   584.0871807762722
784.0   575.0939781384459
785.0   555.0838507578903
786.0   541.5858098902254
787.0   530.4416746340731
788.0   515.11736501919
789.0   502.0701246168016
790.0   489.34117002141033
791.0   464.608187820253
792.0   462.2213798322349
793.0   446.75635484056016
794.0   429.31294381463886
795.0   417.8537357477643
796.0   406.98929384474025
797.0   403.05036997906427
798.0   385.9851061091851
799.0   365.43836868043684
800.0   362.2648341236463
