600.0   90.14195181479707
601.0   90.20024147065033
602.0   86.45484933483806
603.0   93.11382408992566
604.0   85.170586053323
605.0   84.1036956981882
606.0   88.09171953823346
607.0   89.61997442238948
608.0   89.95342230153386
609.0   81.28665338235791
610.0   87.95825705836651
611.0   85.62955875803777
612.0   87.23934929114719
613.0   85.29210795773312
614.0   84.08504811096975
615.0   85.34220798576416
616.0   87.21071743988549
617.0   92.64664072812405
618.0   91.4874738779117
619.0   94.14583236689458
620.0   89.9687856543253
621.0   98.83192524982789
622.0   98.57737669987722
623.0   100.94483724563861
624.0   106.1272823895747
625.0   108.20161781736729
626.0   116.05163725059859
627.0   116.64838421736425
628.0   123.15583410257528
629.0   127.61766817813873
630.0   131.34849033988988
631.0   132.12092844447153
632.0   137.7391467294142
633.0   141.69965434123847
634.0   143.89168428979687
635.0   149.10882551855713
636.0   148.8143207047745
637.0   152.20362221830868
638.0   152.32561282039052
639.0   159.80766268078884
640.0   156.21038037049573
641.0   162.2132907339327
642.0   161.74576918528518
643.0   159.68135236887747
644.0   160.14834583177736
645.0   160.91315746126236
646.0   160.39482614675472
647.0   159.12148203672126
648.0   159.95199779960004
649.0   157.1562366798852
650.0   156.57905830082169
651.0   156.88077818964865
652.0   153.7743630762157
653.0   148.7793006722656
654.0   154.64944932499068
655.0   149.55069219607637
656.0   151.90299386269794
657.0   155.39892498067638
658.0   150.03036284309707
659.0   153.53297619502766
660.0   152.1471478220609
661.0   149.10643311324074
662.0   153.10991099163388
663.0   155.59760377199044
664.0   158.1817111427847
665.0   162.167417273789
666.0   158.5442395128029
667.0   159.69783106049158
668.0   163.45502060585434
669.0   160.69386096182313
670.0   167.63229459528873
671.0   172.85882712630357
672.0   174.80275504506938
673.0   173.36791648102061
674.0   175.81121498155858
675.0   181.32499027710156
676.0   185.21475726773218
677.0   191.03928732565961
678.0   193.90829165597745
679.0   198.7290200222943
680.0   207.0041432171397
681.0   206.34704249603487
682.0   213.5287546043949
683.0   219.79068389562747
684.0   221.0937428790575
685.0   229.08617803497287
686.0   232.40165780674903
687.0   239.0013424970764
688.0   240.08093309248338
689.0   252.57480916690966
690.0   252.86857836703598
691.0   255.15294437647378
692.0   265.0526112168809
693.0   267.4189522527359
694.0   273.3099715332687
695.0   279.1293506424613
696.0   276.2903953433637
697.0   278.0703326516193
698.0   288.1770915914606
699.0   290.0510014512472
700.0   288.12890831327184
701.0   280.9797756277881
702.0   285.65261851946104
703.0   282.4523999102764
704.0   285.03157016641654
705.0   290.87063544190005
706.0   286.04623020122256
707.0   289.5400170725477
708.0   280.0500345631041
709.0   280.9005352321168
710.0   279.4192660057229
711.0   276.1319364714276
712.0   269.82343465913965
713.0   271.42676666889685
714.0   272.5523065180394
715.0   262.362733953001
716.0   267.4856437025734
717.0   268.9948729705777
718.0   259.86654787301285
719.0   265.2408576830414
720.0   255.48156977224437
721.0   253.88250752589582
722.0   257.04155600418267
723.0   255.9493742710024
724.0   260.69178124938963
725.0   253.44477803748043
726.0   249.93159477376085
727.0   254.90533389662238
728.0   254.94977561745839
729.0   251.43738616492084
730.0   238.9072529358814
731.0   245.96065510944095
732.0   252.15947390126556
733.0   254.50225405568506
734.0   252.97543073175257
735.0   247.8792120088704
736.0   239.32211675801878
737.0   244.2868753528203
738.0   247.8946087057252
739.0   245.04959275514628
740.0   258.8475972230791
741.0   244.2989631339438
742.0   253.9354988395658
743.0   249.37835208627575
744.0   250.54592530985806
745.0   248.263293991462
746.0   248.82555243909223
747.0   249.66137861418147
748.0   250.228095721932
749.0   248.80232174211494
750.0   247.4362696342155
751.0   253.01309691042664
752.0   251.41756246204432
753.0   257.62675294734623
754.0   262.5765904289732
755.0   273.0468843959677
756.0   282.7421852948138
757.0   293.346540705792
758.0   305.68363787974715
759.0   308.620851161072
760.0   320.79681995164935
761.0   332.87528359562805
762.0   345.1827863621971
763.0   362.12872613535615
764.0   363.0480813623361
765.0   377.0304821345203
766.0   384.2007021562592
767.0   387.04886744511447
768.0   407.6673530292811
769.0   399.64494734727623
770.0   405.1951130359429
771.0   408.0675558511123
772.0   403.23804010681107
773.0   396.52561424620285
774.0   397.95686768628946
775.0   389.71629953644987
776.0   392.4541215325029
777.0   388.1162277131302
778.0   387.19991307730714
779.0   373.97933373265573
780.0   368.56857972320955
781.0   361.71505484357385
782.0   354.70306153722606
783.0   349.9839326938485
784.0   336.49356261882485
785.0   328.4873255992222
786.0   320.75199186600514
787.0   310.40193501435294
788.0   301.33468009517276
789.0   297.60711173056126
790.0   291.53728271374246
791.0   277.6372761867506
792.0   275.1606030237066
793.0   266.73016628982276
794.0   254.00900378151672
795.0   244.8711574930126
796.0   242.73500582890276
797.0   242.31439657973993
798.0   228.84745016375763
799.0   215.43230228919194
800.0   213.38962825619154
