600.0   47.11522190700779
601.0   49.565307374675285
602.0   47.28627085871733
603.0   50.25186416908022
604.0   48.3973887849171
605.0   47.17571699371578
606.0   49.990840193364534
607.0   47.82558345866556
608.0   48.16305861592912
609.0   45.742413133657294
610.0   48.20717816740145
611.0   48.625162874364975
612.0   47.80008639526315
613.0   47.32048461751788
614.0   45.1693200637431
615.0   47.45328113277333
616.0   46.24216388752794
617.0   49.86200616171058
618.0   51.477011018356905
619.0   50.851203525993924
620.0   48.14074951264186
621.0   54.737001284891306
622.0   54.2010141775811
623.0   53.24230919247998
624.0   55.947883209374424
625.0   58.00014855099832
626.0   62.7119843645263
627.0   61.59493309975031
628.0   63.26354628618532
629.0   67.9280891523369
630.0   70.26836921088656
631.0   68.82137077838684
632.0   74.51691117681099
633.0   75.18986161722987
634.0   76.06370118429479
635.0   78.07881713020618
636.0   79.3217235387051
637.0   81.96451280080396
638.0   80.06119892721904
639.0   84.24169519494069
640.0   81.76516909038514
641.0   84.56501441896376
642.0   85.50810292247772
643.0   84.14853040565418
644.0   83.90605214675475
645.0   85.47857045862048
646.0   86.74785714867107
647.0   84.92355737885174
648.0   82.98280171452714
649.0   83.14171566376288
650.0   83.89418061953737
651.0   81.23135115803467
652.0   82.15704783461439
653.0   79.91357574628881
654.0   79.74304427172453
655.0   78.7015568119954
656.0   80.78916420001383
657.0   80.5229608041314
658.0   78.12192001881311
659.0   82.5803435394985
660.0   81.69424682755005
661.0   79.44297543026218
662.0   82.70873972612125
663.0   81.07359640701483
664.0   82.5415036053812
665.0   87.94589928673508
666.0   82.37824126016557
667.0   84.18695048576842
668.0   84.94223688962492
669.0   83.85409206779087
670.0   86.61130283647555
671.0   89.39788399378048
672.0   93.13372643787523
673.0   91.89288415766251
674.0   93.00863793056908
675.0   93.83813747400524
676.0   98.88827111177699
677.0   98.23636215025121
678.0   103.22566685435692
679.0   100.57358047738589
680.0   106.60520863247928
681.0   106.8368924843312
682.0   111.78108209121896
683.0   114.66723856513977
684.0   114.69988801155407
685.0   119.58801657546854
686.0   121.00937870310452
687.0   123.3654633064433
688.0   124.93050160729891
689.0   129.91811537935675
690.0   131.10385929530224
691.0   134.1197980329793
692.0   140.45897296195923
693.0   142.12431378843036
694.0   142.79962025898
695.0   143.4526710444316
696.0   143.1042377641725
697.0   145.463950944359
698.0   150.34916929619214
699.0   151.88183359284696
700.0   150.65043395004395
701.0   146.8084062833846
702.0   152.8904540797012
703.0   151.21486911670843
704.0   151.64340147300288
705.0   152.17707802534903
706.0   148.55530338888366
707.0   150.7522113070993
708.0   147.71687455876608
709.0   147.56204698938743
710.0   145.79883158389273
711.0   148.24961695032187
712.0   142.60600249135882
713.0   142.47684692920336
714.0   140.998416775608
715.0   139.51084095079173
716.0   138.64873622159917
717.0   141.80758722211573
718.0   137.48059870240206
719.0   137.69077275847286
720.0   135.68080203520844
721.0   134.48745318206383
722.0   135.42808562241345
723.0   136.06155166424253
724.0   136.9267711261133
725.0   132.7202357283839
726.0   133.63494974526017
727.0   135.00101847568982
728.0   131.61694505800915
729.0   133.9562926696271
730.0   125.4473982678814
731.0   130.51421863317904
732.0   132.31145881026382
733.0   131.14410907458307
734.0   132.86045948214786
735.0   132.12863371439778
736.0   124.53745507736872
737.0   129.4766524053021
738.0   130.76390521186534
739.0   129.21019416672087
740.0   134.3050043630462
741.0   132.17863823111173
742.0   137.09425146821667
743.0   128.50892479407776
744.0   131.80189269928874
745.0   130.970506887928
746.0   129.30250276007393
747.0   132.74557794187498
748.0   131.59750970466052
749.0   130.35617383089584
750.0   131.79012496613805
751.0   131.76506986408882
752.0   136.18525455844565
753.0   136.39859170110395
754.0   134.87065623312836
755.0   143.18373632666487
756.0   150.80203255724112
757.0   150.8652367684405
758.0   162.09607920631134
759.0   160.16138348928453
760.0   167.68785879496187
761.0   178.05136929626545
762.0   182.66036394098762
763.0   191.90934524570972
764.0   195.59183261958313
765.0   197.6496212857585
766.0   206.7107543068749
767.0   206.45756875443732
768.0   215.61211329426985
769.0   210.7295293949063
770.0   215.66410634197882
771.0   210.58579217925606
772.0   214.30827086937677
773.0   211.34571978247254
774.0   210.22416271192736
775.0   202.52967566807155
776.0   205.5918612882501
777.0   204.0497909742976
778.0   203.79545556128147
779.0   194.50589435825614
780.0   191.27532672464685
781.0   191.50633105989522
782.0   185.5720041580044
783.0   183.73185796478825
784.0   176.48438931673397
785.0   170.48792222210642
786.0   168.2147473824429
787.0   163.9658111285273
788.0   159.9611653303136
789.0   156.85896625737416
790.0   152.1816323732127
791.0   146.60847024821152
792.0   144.29466960505843
793.0   140.04360645435173
794.0   135.03934454607085
795.0   128.64782557634473
796.0   126.4807650999717
797.0   126.52702791245008
798.0   120.56459708076756
799.0   114.77779975011563
800.0   112.5150071433859
