600.0   31.177152335186747
601.0   34.055480742851074
602.0   30.431085421860644
603.0   32.67278791414415
604.0   31.776515216482352
605.0   31.809491308916762
606.0   31.3856192984706
607.0   33.82980200491875
608.0   33.182197703711864
609.0   27.615560670696283
610.0   32.40362035877152
611.0   31.455724074699987
612.0   30.824325710043155
613.0   29.815652174757105
614.0   28.48292104240545
615.0   29.433865317846937
616.0   30.19299393785883
617.0   31.888905559154722
618.0   33.69482698075453
619.0   33.11755386465069
620.0   30.337457891777035
621.0   33.20716049124957
622.0   32.21784131503421
623.0   32.82444599156969
624.0   32.97035327742785
625.0   35.891035650892604
626.0   38.174283854115146
627.0   37.473444146184534
628.0   38.357925078791396
629.0   40.31846947969731
630.0   40.692030705843536
631.0   41.81046124554149
632.0   42.061365881698435
633.0   43.47898904119799
634.0   45.844140399477595
635.0   45.16311147805345
636.0   46.92994036607064
637.0   47.46593231455432
638.0   46.56615637268658
639.0   47.122619982499
640.0   47.54053657269816
641.0   48.18074268195801
642.0   46.85340637404866
643.0   49.618241525066736
644.0   48.64110187938729
645.0   48.35070705522793
646.0   49.319842492974686
647.0   50.36649721029926
648.0   49.43272593564322
649.0   46.66835418082843
650.0   47.182025973281014
651.0   48.721060902089704
652.0   44.0388807759189
653.0   44.219105355398625
654.0   48.819858249750695
655.0   47.14368034709648
656.0   44.96627715507617
657.0   45.662163921761874
658.0   44.716480321331176
659.0   46.705480577257646
660.0   45.63786662994582
661.0   44.55396769102026
662.0   45.74490550297193
663.0   44.49941755515701
664.0   47.59140486803406
665.0   47.53826248901865
666.0   44.892283493538685
667.0   47.11632861783025
668.0   46.61168980251705
669.0   47.84368646472171
670.0   47.23850675314267
671.0   48.633681641437136
672.0   50.906923551684
673.0   50.90805073661184
674.0   52.402295366615334
675.0   50.83540889743526
676.0   55.540987266175506
677.0   55.010425987209146
678.0   54.45784387022317
679.0   54.64867674069151
680.0   56.450023331532805
681.0   57.6797594694562
682.0   60.05125506673417
683.0   60.632594016615656
684.0   61.79659021667388
685.0   62.798188637565886
686.0   63.23291055665172
687.0   65.7749693888689
688.0   65.80926480308091
689.0   69.46225032275382
690.0   67.70640032131973
691.0   69.87389229440186
692.0   75.79685069622477
693.0   71.94372813559431
694.0   73.06677075905472
695.0   75.80005939355965
696.0   79.7011731100047
697.0   77.2896428351994
698.0   77.09101063536764
699.0   78.36426210165385
700.0   79.3038410899184
701.0   77.19068175903362
702.0   78.63075858335182
703.0   79.01936675128195
704.0   77.67446246657096
705.0   77.60488866342138
706.0   78.03441515158005
707.0   79.46636267320434
708.0   77.86437215383071
709.0   75.66026580410218
710.0   74.15104386839258
711.0   73.02690086994977
712.0   73.0893776405303
713.0   72.70905101127477
714.0   74.21449934870435
715.0   71.17741436336425
716.0   70.37429170173789
717.0   73.43650726409743
718.0   74.29512496923599
719.0   70.7199267194448
720.0   70.41543511209125
721.0   66.22401352889742
722.0   67.24665972507188
723.0   67.93298733083702
724.0   70.44714207352024
725.0   68.09045912018024
726.0   67.25286323126215
727.0   67.10208802491863
728.0   67.69267798852422
729.0   67.98274453735678
730.0   61.57165865890454
731.0   66.50514919518866
732.0   67.9981620284104
733.0   68.8213188038211
734.0   67.92427784886485
735.0   65.95835890928154
736.0   63.66834345840678
737.0   66.6645601472951
738.0   63.53033860440783
739.0   67.79281801307002
740.0   69.21915252119669
741.0   64.184189977253
742.0   67.61801598780107
743.0   62.7851192171762
744.0   67.50559696379759
745.0   66.93952950178442
746.0   66.335539963955
747.0   64.46453235108166
748.0   67.27722544190937
749.0   67.9131126202958
750.0   67.22961160153295
751.0   69.73555206621447
752.0   69.46612050713537
753.0   66.87736039043537
754.0   68.45760959509417
755.0   72.90834033717135
756.0   76.5948500692414
757.0   76.15102140034972
758.0   81.18007756985884
759.0   80.06495634969193
760.0   84.33122488630067
761.0   86.92357328413155
762.0   89.24186553827298
763.0   94.46763544596834
764.0   96.59958419112925
765.0   100.8038557303033
766.0   100.62092016222977
767.0   103.40853107117152
768.0   103.52099456030354
769.0   105.6932609291078
770.0   103.18489255150917
771.0   105.22695516509535
772.0   103.85372655350903
773.0   103.86703388905835
774.0   102.4643480077558
775.0   97.21398445271251
776.0   97.71273890749754
777.0   97.7131023817198
778.0   99.21811611897755
779.0   94.81132448888545
780.0   93.58051199976074
781.0   91.3387007281882
782.0   92.18011743929401
783.0   89.99738507083023
784.0   86.5505408616763
785.0   84.61143333772372
786.0   81.93602841630371
787.0   79.18835535965471
788.0   78.75273299436125
789.0   77.25678044168404
790.0   75.33415185109138
791.0   69.03790632446828
792.0   70.69399174585376
793.0   70.45422038649457
794.0   67.00138792085508
795.0   63.23942493137534
796.0   59.49313107492222
797.0   64.33258827279843
798.0   59.79648677055721
799.0   55.06885363221352
800.0   57.07088146805788
