600.0   35.46273008589614
601.0   37.939126143819976
602.0   34.91164599238979
603.0   36.62042965164329
604.0   33.53501371852042
605.0   34.89510440710123
606.0   34.18168301887158
607.0   36.70832497342232
608.0   33.80158177686701
609.0   30.3030548592819
610.0   34.10932613405615
611.0   35.363014416551835
612.0   32.00777151792181
613.0   32.97364007673602
614.0   31.12405447692683
615.0   31.801435397997977
616.0   32.698536646608574
617.0   31.54720329614787
618.0   34.135965477093805
619.0   34.59923911010918
620.0   31.156294263935024
621.0   34.647079506580525
622.0   34.31041899872105
623.0   32.31416204706056
624.0   34.358019951691006
625.0   35.601751521454446
626.0   37.935592094146415
627.0   36.79189363617269
628.0   39.113251351566845
629.0   41.124160169568796
630.0   42.43893476905262
631.0   39.05861601970594
632.0   43.87687747585812
633.0   44.80006254494714
634.0   43.31959479845722
635.0   43.69240587938825
636.0   45.552729673971726
637.0   44.337029815039045
638.0   43.5154156383295
639.0   45.744578504398646
640.0   45.9255517365319
641.0   47.55614675684046
642.0   46.431121812633364
643.0   48.31857104999176
644.0   45.59816071437214
645.0   44.04570086047909
646.0   44.916579859229415
647.0   44.35142788123787
648.0   45.1747061151232
649.0   45.37495046780006
650.0   42.41480866953896
651.0   44.061394566522125
652.0   39.61814290585505
653.0   39.723599181073354
654.0   42.10567975655974
655.0   39.87000996595472
656.0   39.61262570217244
657.0   41.032198895119876
658.0   38.27514430131737
659.0   39.242784780629165
660.0   39.49935226123458
661.0   37.58187982155064
662.0   40.398127813748175
663.0   36.84958426334504
664.0   39.251396767735315
665.0   40.68112100142568
666.0   40.244585352318836
667.0   38.514489686239784
668.0   39.713961351079064
669.0   39.159261026063035
670.0   41.85373908964232
671.0   40.77379106193459
672.0   42.13941968802075
673.0   43.093388961880066
674.0   41.10787396544768
675.0   40.482482821360946
676.0   42.92366087309179
677.0   41.13420640576351
678.0   45.62045993984805
679.0   45.452045929394785
680.0   46.07416786872275
681.0   44.01849612631969
682.0   48.59442263418063
683.0   49.63493799331448
684.0   47.998333708401674
685.0   50.69804812212931
686.0   49.17190107319638
687.0   51.722601819473994
688.0   51.92630282703314
689.0   54.76907316505233
690.0   52.276437362649574
691.0   51.71159864553323
692.0   56.841282439425726
693.0   55.728984340383505
694.0   56.52241451270871
695.0   56.37588939146784
696.0   55.6959405998584
697.0   56.30280911956703
698.0   59.691792098305314
699.0   60.79884493078134
700.0   59.41472777875086
701.0   58.92239384013655
702.0   57.312725284923914
703.0   58.415305418288426
704.0   58.762069445001174
705.0   58.12261875822048
706.0   55.352731871179515
707.0   58.87512521782608
708.0   54.43694245428267
709.0   55.38007854220103
710.0   55.81860151568276
711.0   53.92367772277021
712.0   52.27323058928229
713.0   55.68223617561645
714.0   52.868303842159804
715.0   49.83146955552806
716.0   49.414473014717544
717.0   49.93909136460479
718.0   50.77830241940376
719.0   49.178377714431974
720.0   48.86353753471258
721.0   47.68277217320505
722.0   46.98724624487579
723.0   47.38017877769974
724.0   48.21872347846343
725.0   45.75063913629441
726.0   47.957097662291744
727.0   47.99821519583716
728.0   47.332929052813085
729.0   44.74687436048475
730.0   43.75190971409856
731.0   43.73449388647941
732.0   45.84090394129615
733.0   46.42841787314896
734.0   43.915976955132436
735.0   44.939599826191056
736.0   42.1535017674706
737.0   43.79846335289497
738.0   42.19119772004984
739.0   42.224753999579804
740.0   46.08936889450493
741.0   41.94517549492781
742.0   45.59479846669598
743.0   41.44370309184151
744.0   42.7534563563768
745.0   43.693714727405734
746.0   44.32504655450475
747.0   41.473185593329646
748.0   43.786363534357946
749.0   42.94035321691459
750.0   43.563587508062625
751.0   44.99750914316999
752.0   44.95370449009607
753.0   46.315362640400906
754.0   45.124931084532335
755.0   48.74456478534512
756.0   49.07985919894924
757.0   48.903784626385715
758.0   55.13052630307752
759.0   50.86920456264073
760.0   56.044822587423795
761.0   58.815486227407206
762.0   59.471484757970416
763.0   60.627618942667056
764.0   60.26842777659891
765.0   65.58708295632547
766.0   62.10043539663798
767.0   62.889583359046014
768.0   66.18066909735214
769.0   66.08942182751426
770.0   63.60291278538381
771.0   64.9954088598391
772.0   66.75129784436606
773.0   64.11078004418121
774.0   62.34418490344564
775.0   61.219591004779886
776.0   62.45702305800023
777.0   60.848531795341586
778.0   63.340478843395715
779.0   58.8369461030444
780.0   56.822118347467324
781.0   59.05033135805718
782.0   58.09575648969229
783.0   55.58488765581714
784.0   53.93436823765225
785.0   52.80738393734481
786.0   52.38109156078718
787.0   49.49308137327611
788.0   50.05192407471807
789.0   47.71040020845257
790.0   45.20045841515628
791.0   45.71638125972285
792.0   45.31549913970514
793.0   43.98177663287677
794.0   41.66464748751423
795.0   41.4493717844185
796.0   39.26965094116591
797.0   39.55423779052751
798.0   38.632770953032974
799.0   35.62994177981179
800.0   37.172861258244865
