600.0   58.15390835667225
601.0   58.73439964923159
602.0   56.007215954420474
603.0   57.235208629665266
604.0   53.90488619806237
605.0   53.784946355499926
606.0   55.79752886249818
607.0   54.5152782770715
608.0   54.914359141000915
609.0   47.577650491127116
610.0   52.22377762764242
611.0   53.17554349016214
612.0   51.1569048771276
613.0   51.2295692173997
614.0   46.408347318137174
615.0   47.08024535837299
616.0   47.8589737621069
617.0   48.272758164952194
618.0   51.2169830322693
619.0   51.3648051310623
620.0   45.76231879097699
621.0   54.97342712142412
622.0   49.69137098324083
623.0   54.77903550728297
624.0   53.78802940170857
625.0   56.38726129530838
626.0   57.33732848046358
627.0   59.67052423045092
628.0   60.829778006889995
629.0   62.415126546077346
630.0   65.56342210523985
631.0   63.72249992069385
632.0   67.44115508707193
633.0   68.56937215632021
634.0   68.03630046475948
635.0   70.70271336174869
636.0   69.36773115063875
637.0   70.18751942477815
638.0   70.59529595777445
639.0   71.14648173822019
640.0   73.08235853288181
641.0   74.48489406232835
642.0   70.32222791069168
643.0   70.93398788712375
644.0   70.16049345591256
645.0   69.3403049587908
646.0   68.6870951489447
647.0   69.98192050330948
648.0   69.02008166042415
649.0   68.65085057077252
650.0   66.44024401461226
651.0   67.12971590273568
652.0   64.83549824966747
653.0   61.036874282099774
654.0   65.5434137900491
655.0   61.32006372313964
656.0   62.55623870864923
657.0   62.53941554497203
658.0   61.19817131930796
659.0   62.19469001731429
660.0   61.099655238044505
661.0   58.897367182863064
662.0   62.15096206948934
663.0   58.590479716116704
664.0   59.67676020033562
665.0   62.886728141041885
666.0   59.98198274687144
667.0   61.35485593843265
668.0   58.33185906895983
669.0   60.63213370281687
670.0   62.73477593471722
671.0   61.78168770742366
672.0   62.52670034139828
673.0   63.05808608329727
674.0   64.11889257779129
675.0   62.90701922313531
676.0   63.54596672104691
677.0   66.1206356684529
678.0   66.53078047557645
679.0   66.82057144172623
680.0   70.13502354998082
681.0   67.95066394819588
682.0   72.855512234195
683.0   73.07813365244232
684.0   71.39737741656572
685.0   74.94525712075477
686.0   77.39853131019203
687.0   77.36364689012203
688.0   77.59126312445304
689.0   80.59089283562989
690.0   79.66987982159793
691.0   80.2482165013343
692.0   83.02460615148047
693.0   81.80746712952538
694.0   84.25929676189807
695.0   85.39569312541317
696.0   85.7562706595617
697.0   85.97772968481848
698.0   89.62209806791361
699.0   86.47889403006846
700.0   90.51593407917406
701.0   85.53213022509311
702.0   84.33884145562675
703.0   85.82020766133877
704.0   83.5500425511272
705.0   86.79925595393087
706.0   83.52979394131847
707.0   85.88970950657983
708.0   81.17685905780294
709.0   82.10885684121101
710.0   79.64024984424688
711.0   76.95677139365665
712.0   75.58334953823953
713.0   78.00764682710246
714.0   78.43333081842508
715.0   73.24456173497717
716.0   72.73895087419208
717.0   74.23115172247662
718.0   69.05173468288228
719.0   73.01898746438371
720.0   70.5868675069392
721.0   67.04505941288099
722.0   69.06847433743411
723.0   69.71602902772997
724.0   70.09992355824886
725.0   65.49724289679614
726.0   64.43103461429132
727.0   64.60019405110756
728.0   67.82584911933836
729.0   64.86813420037336
730.0   59.71026853615484
731.0   64.21409578925307
732.0   63.954350034242424
733.0   65.48983480992251
734.0   62.95095242120942
735.0   64.12049768450237
736.0   58.39883585287373
737.0   58.09480662017708
738.0   61.45221409788104
739.0   63.84244783259638
740.0   62.23853618858348
741.0   61.01537521376929
742.0   60.55074141924521
743.0   59.20615852513748
744.0   60.044543601619324
745.0   58.67763337894749
746.0   58.073698185683185
747.0   57.10256779331755
748.0   61.067439702387105
749.0   58.56331782893804
750.0   57.86198175738687
751.0   63.31366205763706
752.0   62.840414769031895
753.0   59.4287139602111
754.0   63.33714378541069
755.0   67.82811520767973
756.0   66.53696001482365
757.0   69.51296268459586
758.0   74.77208293636403
759.0   71.68256383483052
760.0   76.87780920485932
761.0   82.17635025992061
762.0   83.36028731648423
763.0   84.55876628916101
764.0   86.36376345306294
765.0   88.43835174799497
766.0   88.73692430756643
767.0   88.2825860209025
768.0   90.71848593272696
769.0   90.04030765093347
770.0   93.45444093399664
771.0   88.4102345642847
772.0   91.08982897055625
773.0   90.15079847769925
774.0   88.14004884312101
775.0   87.34483722336296
776.0   88.06770633289793
777.0   84.72214520565097
778.0   86.65621703439973
779.0   82.03578831786459
780.0   81.98915499399465
781.0   78.6978688810525
782.0   79.30477450419517
783.0   77.82388986838006
784.0   74.85881248849867
785.0   73.21328571210313
786.0   71.62045403007795
787.0   70.86259191321554
788.0   69.300802433509
789.0   68.19974094892365
790.0   65.96456173036538
791.0   61.606986241001124
792.0   63.3908430356158
793.0   62.209010148240026
794.0   58.50668435093749
795.0   57.01755638750032
796.0   54.80788588882524
797.0   53.110888406967405
798.0   51.91365768691685
799.0   49.7965645739458
800.0   50.06689628296448
