600.0   99.02098904790628
601.0   98.89414402111345
602.0   93.7616948373834
603.0   98.74721743149283
604.0   92.7615884409966
605.0   92.51328925127044
606.0   95.0755901672153
607.0   90.11886311654143
608.0   92.16556524101873
609.0   85.1457288746461
610.0   91.36585559066262
611.0   86.36279532096762
612.0   88.04167856104252
613.0   85.49216377289915
614.0   80.60814384952795
615.0   82.602579968155
616.0   83.16141020842613
617.0   86.41008344430685
618.0   87.19606206645645
619.0   87.5793571945486
620.0   84.44341289894072
621.0   90.97422119251112
622.0   89.77592833350121
623.0   91.46856063937815
624.0   93.17406430928247
625.0   97.31602372612244
626.0   98.45840380502048
627.0   105.41615233298967
628.0   102.7168560990346
629.0   106.39018602823472
630.0   110.43436641092782
631.0   114.0398180987321
632.0   116.06825508224853
633.0   116.91650731907893
634.0   117.92228398594787
635.0   121.00993168715871
636.0   122.85900596316048
637.0   124.50156693938357
638.0   122.17139989762205
639.0   127.14897160410334
640.0   124.67821727899207
641.0   126.07775151877689
642.0   126.45364503496253
643.0   128.44430353005487
644.0   125.43654190440787
645.0   125.09313526208217
646.0   126.6547836205014
647.0   123.51056052510893
648.0   119.98850637472177
649.0   123.02555432504025
650.0   119.05472407384136
651.0   119.00081679180454
652.0   114.7481456615568
653.0   111.74052685929189
654.0   113.61648376679815
655.0   111.16774034576369
656.0   109.9588367302049
657.0   112.57938528150072
658.0   108.81487171865518
659.0   111.09618505365418
660.0   109.48610847532626
661.0   105.80793555527353
662.0   108.33619890668504
663.0   106.90494782401404
664.0   110.75482229687339
665.0   110.2879605352519
666.0   108.39914401050385
667.0   106.58755365603213
668.0   107.99511138303038
669.0   108.0258054050833
670.0   112.8129304062598
671.0   111.57536230093157
672.0   115.84451455607893
673.0   114.4398595651219
674.0   114.54729155413548
675.0   116.03234967756072
676.0   116.14985807953633
677.0   121.97211418427818
678.0   122.88502596593827
679.0   122.44347952468999
680.0   127.33979169445604
681.0   126.5089497391325
682.0   129.51681161247203
683.0   131.52230901652229
684.0   133.19516559106742
685.0   136.9197739570198
686.0   139.93846622818126
687.0   141.01408760920128
688.0   142.3984220348802
689.0   150.56214099738307
690.0   148.2306731077581
691.0   149.44268173833
692.0   153.39358728604262
693.0   155.4814743805985
694.0   154.24606398816334
695.0   155.77316199218376
696.0   156.42185594798448
697.0   158.0981023879657
698.0   161.01057331476494
699.0   162.28759082567458
700.0   165.65069478642252
701.0   155.83946681065282
702.0   157.11865804479734
703.0   158.34184931328576
704.0   155.6958463379504
705.0   159.03948012028007
706.0   155.77286851654202
707.0   157.0867763435225
708.0   153.1217207600076
709.0   153.50285692361055
710.0   149.74263014248683
711.0   145.9102223078607
712.0   146.19032902117067
713.0   146.26009071552988
714.0   140.2652729014045
715.0   138.14355842107838
716.0   136.83017516850606
717.0   138.3703033104186
718.0   133.8810519702182
719.0   134.58799371215412
720.0   130.23207764540552
721.0   128.6964113203895
722.0   128.57000283293814
723.0   126.75705824117756
724.0   129.71364018904632
725.0   125.65596527599092
726.0   123.5035759163051
727.0   124.30078651276125
728.0   124.07292101854551
729.0   121.89904401427782
730.0   116.14637839066046
731.0   117.23787248297754
732.0   121.70025467603463
733.0   119.62679428366613
734.0   119.18740655836604
735.0   116.5627677420112
736.0   109.77948044091553
737.0   112.72282863726224
738.0   113.86120584689223
739.0   114.53511877016174
740.0   118.63500069296086
741.0   111.58404532001776
742.0   115.16327852302396
743.0   109.75249816932012
744.0   110.63718332239276
745.0   109.52243968995938
746.0   108.10176266102849
747.0   109.24406686524847
748.0   111.43649598898872
749.0   108.4202687905294
750.0   110.13349180757186
751.0   113.4271224389174
752.0   116.5932298286038
753.0   117.44048458621006
754.0   120.18406317248363
755.0   127.27293579520835
756.0   133.01873391258127
757.0   132.7477481799033
758.0   140.69996878547528
759.0   141.49963661925173
760.0   147.55095469343075
761.0   153.33539913185334
762.0   153.8418422165879
763.0   163.4850221840961
764.0   162.33735524245301
765.0   169.453257943836
766.0   169.89346712641174
767.0   172.61216980964008
768.0   178.8730036531804
769.0   174.71135922410457
770.0   174.57837798503175
771.0   175.76583540051982
772.0   175.90754858268213
773.0   173.73112246471055
774.0   171.45545243205004
775.0   170.08177154461333
776.0   170.60399466824688
777.0   165.28859131132913
778.0   166.09886116736277
779.0   162.24818797851415
780.0   158.867870223387
781.0   155.43644304010917
782.0   153.99228547523575
783.0   151.1268382071224
784.0   147.39947576314947
785.0   144.14826396927657
786.0   138.12086868190312
787.0   134.26151004761854
788.0   130.79940882890028
789.0   128.15879955754463
790.0   127.7572405602065
791.0   122.27479310592139
792.0   121.10833952040915
793.0   116.45533175385026
794.0   111.99389617965718
795.0   111.9390891738577
796.0   104.79678079811995
797.0   105.61587261812195
798.0   102.21689013648052
799.0   97.01673559000378
800.0   94.37058818158971
