600.0   149.2776157217303
601.0   149.14372790613362
602.0   141.58669271963498
603.0   150.2568460446677
604.0   140.90838180521752
605.0   141.47737310966366
606.0   140.80118437964865
607.0   143.6433600069352
608.0   139.25857776903246
609.0   129.83437564039932
610.0   136.40470109615794
611.0   132.96840087006325
612.0   135.9794902295299
613.0   129.8309042599508
614.0   123.67684600902948
615.0   126.31039286008541
616.0   131.08053861946038
617.0   131.84588386274692
618.0   128.91398694167103
619.0   133.28567621529783
620.0   130.14842247574785
621.0   140.82068165780046
622.0   137.48037494949847
623.0   143.88259258896318
624.0   146.37711860899873
625.0   150.5453833420859
626.0   156.59150348745075
627.0   164.900594343033
628.0   165.6715691131866
629.0   170.14737095908845
630.0   172.46429911484884
631.0   176.74716362182863
632.0   180.37205826946848
633.0   183.45718367961447
634.0   188.47370872824118
635.0   191.83732774205384
636.0   194.2053390035549
637.0   199.5545359440684
638.0   194.62902763419328
639.0   202.70591533703004
640.0   202.07361967331912
641.0   204.6475596554909
642.0   202.67143685357954
643.0   206.150550214882
644.0   199.96451200444818
645.0   199.81903434333145
646.0   200.61987715702412
647.0   197.614465147705
648.0   195.2493864965892
649.0   194.03253853896862
650.0   192.03699217392128
651.0   189.643911976241
652.0   184.6849567128591
653.0   181.39570371473957
654.0   182.43052699756763
655.0   176.39282069381196
656.0   179.91393105297078
657.0   178.89084554458782
658.0   174.0779018376747
659.0   175.0197509596534
660.0   175.99329836098775
661.0   172.47749808888952
662.0   177.86556196783673
663.0   172.86659729497305
664.0   175.26778216009006
665.0   180.13299697405563
666.0   176.1566746644276
667.0   178.63199161208888
668.0   173.68904770195817
669.0   175.5316909123842
670.0   183.1848465408499
671.0   185.387906484872
672.0   187.5598706566695
673.0   184.95722081960682
674.0   186.957911236994
675.0   190.2175619834341
676.0   192.9785495831847
677.0   200.56116809412927
678.0   201.44283819550202
679.0   202.36905859972032
680.0   207.43565308738005
681.0   210.30806328008725
682.0   213.78816447955117
683.0   219.01451624267753
684.0   220.00316398003272
685.0   226.1576772753308
686.0   231.7033347991606
687.0   233.47142246917906
688.0   234.4780277522024
689.0   243.91536951614498
690.0   245.71194127496926
691.0   247.03852430074005
692.0   258.95221530784977
693.0   261.4736464675528
694.0   257.0277981482059
695.0   263.27034818698456
696.0   261.7460839423512
697.0   262.99561876677865
698.0   269.8369544680818
699.0   271.1676666375346
700.0   266.3705787456238
701.0   262.7967841293959
702.0   260.02084400772264
703.0   261.1532188329403
704.0   264.78231713649905
705.0   265.02731393500045
706.0   264.09020160073135
707.0   259.37684428592877
708.0   257.1672905843823
709.0   252.97430141492535
710.0   251.69712813968076
711.0   248.07693914795323
712.0   243.71677147156333
713.0   240.7498903146435
714.0   238.54482042902606
715.0   232.476273852626
716.0   229.11001354585864
717.0   232.91098487123878
718.0   225.97159454699823
719.0   229.35377311749977
720.0   219.77981560704006
721.0   219.15759830795267
722.0   222.84028719729645
723.0   214.7838259877738
724.0   218.73804895221218
725.0   210.3654798397033
726.0   210.05540395768637
727.0   209.71105597013036
728.0   210.1139428592432
729.0   206.0513648158411
730.0   195.17133138562667
731.0   200.91937761390722
732.0   207.34454671498528
733.0   206.87311940880898
734.0   201.34557231489396
735.0   198.76030003526853
736.0   188.1923500522884
737.0   193.03231234746596
738.0   191.60850970725278
739.0   193.16158680192288
740.0   198.45863329450415
741.0   192.59746808195018
742.0   196.6487058382399
743.0   190.44735391335752
744.0   190.54000913050444
745.0   189.6677211321228
746.0   186.59906344313436
747.0   188.04768538498533
748.0   190.4008384405161
749.0   190.6955267212404
750.0   189.13781284977856
751.0   190.9452241146773
752.0   196.1707277228109
753.0   200.5896557203389
754.0   205.74330216561017
755.0   214.84594131190732
756.0   222.32856148785353
757.0   226.9361692688132
758.0   242.22982961898066
759.0   241.13914199324645
760.0   252.4626984230086
761.0   260.7535917267967
762.0   269.0590715302446
763.0   275.4155833938888
764.0   281.25979236436183
765.0   287.8304893331118
766.0   295.0683808792264
767.0   291.2248950800532
768.0   304.7521334806627
769.0   303.77782615040303
770.0   304.90072844270685
771.0   304.2146207039349
772.0   308.833363928882
773.0   295.72566559531515
774.0   298.8855899449644
775.0   291.0644292180026
776.0   293.6715258034541
777.0   289.1417668612323
778.0   291.72004064146944
779.0   282.63896882315305
780.0   276.42068694921073
781.0   270.1443986426823
782.0   264.80501151329895
783.0   260.4867943439958
784.0   254.207026118747
785.0   252.43696725714648
786.0   241.49648281216452
787.0   236.70324035916585
788.0   229.55224606579813
789.0   224.37733400429727
790.0   222.50254324587107
791.0   210.15720009282705
792.0   212.45744796307073
793.0   203.7811050724368
794.0   195.36758890662705
795.0   191.06741405171945
796.0   186.58441861890336
797.0   187.54272811417195
798.0   177.35006503437137
799.0   166.56995800539667
800.0   164.88058304765337
