600.0   222.14038472969432
601.0   218.95878483060147
602.0   213.63177006003446
603.0   218.17648794017376
604.0   207.13521820731825
605.0   209.07256558861562
606.0   213.00285544609
607.0   209.39450032443614
608.0   207.11694243134968
609.0   190.49760384222887
610.0   195.71558464346353
611.0   197.0884409881047
612.0   199.1976870282173
613.0   191.46168891034816
614.0   185.51627358093907
615.0   187.09157791718263
616.0   191.06428121589633
617.0   197.29547596957963
618.0   194.01969004884828
619.0   195.48843811331892
620.0   192.89276696679855
621.0   207.99921122354667
622.0   207.87361302862763
623.0   216.28916081893374
624.0   217.81537039502894
625.0   224.20982296338602
626.0   235.14401321643246
627.0   240.7474634455399
628.0   244.7321687292162
629.0   254.97270068052472
630.0   261.7293276389396
631.0   263.87013981731053
632.0   274.0704238672736
633.0   274.47687943937854
634.0   280.81950112075265
635.0   287.2236726564125
636.0   294.0411132321819
637.0   297.38653693759716
638.0   291.55515626014943
639.0   304.94097328124536
640.0   303.10327267586155
641.0   307.56509477735574
642.0   304.7487743832371
643.0   300.90247316544503
644.0   297.62720375956764
645.0   301.2387410416837
646.0   301.83375256666517
647.0   295.09890433903706
648.0   294.3976524935881
649.0   289.06238283769983
650.0   287.7213669642648
651.0   285.94327214188104
652.0   278.62934501688176
653.0   275.0232814316833
654.0   274.1231615480866
655.0   273.91803327145
656.0   270.1532414730552
657.0   269.26255857043174
658.0   264.28873139792285
659.0   270.1167062576036
660.0   266.09167156247275
661.0   261.31403144460455
662.0   265.54020046242454
663.0   263.2351184707188
664.0   265.7253022392042
665.0   276.7729906790486
666.0   266.6943897149003
667.0   265.4122212961248
668.0   267.1026138570869
669.0   268.3793209263168
670.0   279.28959234005754
671.0   281.95392710933834
672.0   286.5210512128005
673.0   282.8684009586798
674.0   286.67283696562794
675.0   293.5725696260302
676.0   296.0481356527794
677.0   304.16163786285165
678.0   305.75521380641163
679.0   308.74159141140933
680.0   321.60546681702755
681.0   325.25813855962144
682.0   330.0917996329141
683.0   333.4950617422052
684.0   339.40607467850134
685.0   349.37607198844745
686.0   352.24667999581106
687.0   362.10084231732526
688.0   368.1199954602788
689.0   373.77860165857555
690.0   379.2317263896796
691.0   378.90414845309397
692.0   395.80891111656126
693.0   402.1343303399439
694.0   397.8172655812093
695.0   404.7191739626729
696.0   403.877112401741
697.0   399.41889056820673
698.0   413.8089032750582
699.0   417.09646353645564
700.0   413.19009602903554
701.0   406.10527463462023
702.0   410.47226469330326
703.0   404.145512529184
704.0   403.598135988858
705.0   410.24898412274393
706.0   407.17875748980447
707.0   400.43636800455334
708.0   398.91187011371323
709.0   394.42071780359504
710.0   386.85094218915253
711.0   380.9262725185801
712.0   376.8990385151522
713.0   375.8238215491496
714.0   371.6511154720452
715.0   364.8293886552192
716.0   361.6681432740011
717.0   362.9809350802219
718.0   353.34965191604743
719.0   354.831517648516
720.0   345.34493050835516
721.0   336.8812906134517
722.0   340.8601042130905
723.0   337.9003156340431
724.0   338.26377779942163
725.0   325.63809723978324
726.0   326.7299953244518
727.0   328.60215314686803
728.0   323.0786018789238
729.0   324.521489700538
730.0   309.07604483379873
731.0   313.5050622995262
732.0   321.09063492746384
733.0   321.6739489539294
734.0   319.6178474618041
735.0   311.27995716883737
736.0   300.0687951629387
737.0   303.4884478874813
738.0   305.89822774145006
739.0   303.32573863808216
740.0   314.5513802634682
741.0   301.82196645502404
742.0   310.03544439820456
743.0   297.28322498334865
744.0   304.28593010120096
745.0   295.1940680117531
746.0   295.3538079864756
747.0   298.14868144737295
748.0   294.2936956416178
749.0   294.01420157004753
750.0   297.5134621430702
751.0   304.8499965379119
752.0   308.1064760333905
753.0   315.35405716171664
754.0   324.70834923924394
755.0   340.4222752115691
756.0   352.39046368653146
757.0   359.9107111995678
758.0   382.07149871474684
759.0   376.6794408091173
760.0   397.03036658443926
761.0   410.7213262153648
762.0   427.3961881224786
763.0   440.7074287529174
764.0   448.05103708054355
765.0   461.0709752253946
766.0   464.77407691579157
767.0   467.4927610272753
768.0   486.4285007513156
769.0   477.67784799595825
770.0   484.42295198777174
771.0   483.6525135266903
772.0   489.171088060465
773.0   475.1726355145969
774.0   478.89659248687406
775.0   462.89426736276806
776.0   462.7369839448661
777.0   465.31422861245375
778.0   465.0768552615306
779.0   439.9746011356209
780.0   442.12396411585866
781.0   432.5570395385213
782.0   419.19748485642106
783.0   415.87064975088185
784.0   403.8358036058021
785.0   393.4114616797763
786.0   382.60293369645575
787.0   371.9957681466376
788.0   365.4996780385902
789.0   357.7153747714562
790.0   352.59863045657653
791.0   335.3171308196774
792.0   331.17715382179904
793.0   321.0293355266971
794.0   309.82760868637695
795.0   301.4907570260077
796.0   294.12508914138675
797.0   294.3426415456452
798.0   280.2057405962944
799.0   266.47195335660115
800.0   262.3203434606517
