600.0   301.1921168043166
601.0   296.30077950320316
602.0   286.2576707374437
603.0   297.38478408629976
604.0   282.56119326668954
605.0   281.0766551380484
606.0   287.15316396995985
607.0   281.8107748820836
608.0   282.798089207996
609.0   266.4961635440021
610.0   272.3217907105287
611.0   266.3423999406002
612.0   272.56430695015104
613.0   260.7040564823211
614.0   254.55250203884378
615.0   257.28896732472856
616.0   264.0111193661477
617.0   270.41303209491974
618.0   267.4897217288518
619.0   268.87415764216644
620.0   267.5219200766681
621.0   285.3811080777175
622.0   277.69247276058405
623.0   296.1050027212396
624.0   297.9738690114428
625.0   309.41606510515635
626.0   321.59442046101606
627.0   328.14480554428275
628.0   336.381176821411
629.0   351.45750441050006
630.0   356.6276897994834
631.0   368.9955880460996
632.0   375.23232539913494
633.0   381.87619319675525
634.0   388.80197324484243
635.0   398.95081937538015
636.0   406.1023022284656
637.0   407.2221317446651
638.0   406.00986359982113
639.0   418.9623229062017
640.0   419.7552862963905
641.0   423.80828663928105
642.0   420.35486314247
643.0   418.6650880895186
644.0   415.8292249841962
645.0   414.73458401422846
646.0   418.0116646921579
647.0   409.5675485796509
648.0   408.2004875135294
649.0   399.89390489094046
650.0   396.68469159277925
651.0   394.7210317096305
652.0   385.3520165962797
653.0   383.60305319869514
654.0   386.0837341555432
655.0   377.11814756119566
656.0   374.17917524741927
657.0   377.8832890320302
658.0   371.228101631896
659.0   369.13070750209897
660.0   370.24965585160766
661.0   364.7026982889862
662.0   370.2567692546685
663.0   367.5972529085175
664.0   372.1992509273915
665.0   381.9966470185598
666.0   370.7900826413846
667.0   377.2247513567719
668.0   369.3924162356419
669.0   372.0301848391894
670.0   387.5109885131503
671.0   395.35842137868804
672.0   399.97084668639326
673.0   394.43878343828555
674.0   399.1352597200955
675.0   409.8917375645355
676.0   408.66931255078276
677.0   421.0225977367503
678.0   427.6115917175154
679.0   436.83205457884424
680.0   448.6262803421356
681.0   453.3768141511539
682.0   460.8125169556823
683.0   476.06343775839076
684.0   478.49789964301897
685.0   490.07555247611657
686.0   499.6276945244608
687.0   506.3362569539378
688.0   510.0494454508747
689.0   530.7460068512767
690.0   533.2617274110831
691.0   538.5464298469152
692.0   557.2384493651192
693.0   564.0790569782873
694.0   561.7191389978334
695.0   574.6821329693664
696.0   573.9748744656039
697.0   561.0316921271079
698.0   591.4263394467953
699.0   586.7102553801122
700.0   589.4015801455631
701.0   571.7712508563825
702.0   588.0304982351249
703.0   576.0474890946941
704.0   576.3182870659741
705.0   583.8631527394166
706.0   569.5568673622206
707.0   574.095118998534
708.0   565.2550730100727
709.0   560.5045897613676
710.0   551.9902425820598
711.0   541.4124827112933
712.0   534.9931876975393
713.0   531.6140664694617
714.0   522.6854268502289
715.0   515.3821497155196
716.0   513.087387623854
717.0   516.7339786839159
718.0   501.23583854110626
719.0   502.8217438967102
720.0   487.955188650346
721.0   483.54774818930423
722.0   488.87303388122723
723.0   480.15440660668645
724.0   481.59644616407627
725.0   473.096767927445
726.0   466.2663335050082
727.0   462.80288415735805
728.0   460.36978721798795
729.0   464.7124001341319
730.0   438.5444971400614
731.0   443.8674785827889
732.0   462.0676579236185
733.0   455.1680728862939
734.0   454.0259861368973
735.0   447.5992712828241
736.0   429.46702143679397
737.0   431.4671879572008
738.0   439.0942513737227
739.0   429.2387676469706
740.0   449.5701513729856
741.0   432.1648963468761
742.0   442.964332857668
743.0   429.32753762312956
744.0   430.8339101118321
745.0   422.67623716510275
746.0   420.92548401786956
747.0   423.6303556303551
748.0   426.7621228863175
749.0   428.4951272711988
750.0   429.5313923438521
751.0   431.14956948152656
752.0   441.68037083117764
753.0   450.08626969976666
754.0   465.7450451382107
755.0   478.49773813497546
756.0   499.65275242662324
757.0   514.4753931230885
758.0   541.3934156208568
759.0   547.4081355251158
760.0   570.7892081153639
761.0   596.1894421391697
762.0   609.7366600965765
763.0   636.7173564433931
764.0   642.0198236170974
765.0   653.5889832178739
766.0   671.3476246439423
767.0   673.0994833072655
768.0   697.0275906464225
769.0   684.6852498214391
770.0   695.3587950574989
771.0   700.3665270048219
772.0   697.9135972573617
773.0   678.48935152853
774.0   683.3235368629781
775.0   668.376226213187
776.0   671.7527447121737
777.0   667.2771003532673
778.0   662.7183507023906
779.0   641.2139915821152
780.0   633.8682017644871
781.0   622.7639072624861
782.0   609.1783038617779
783.0   596.6372137484632
784.0   582.9109424445775
785.0   571.1692530059388
786.0   553.6164901512611
787.0   538.190625214368
788.0   523.5629367152219
789.0   517.6471999490816
790.0   501.9679174459378
791.0   483.65893894967434
792.0   482.32190403395623
793.0   463.99063938095054
794.0   443.7979518981143
795.0   432.8335120769717
796.0   424.11514742511906
797.0   426.56791070000065
798.0   398.86937866347745
799.0   379.9069918610867
800.0   375.5167884846659
