600.0   377.68124182740087
601.0   378.42181608152123
602.0   364.841212813132
603.0   376.0875086925108
604.0   358.93467974568097
605.0   359.0942965740654
606.0   365.8206815105869
607.0   360.8128347072671
608.0   359.5264310213608
609.0   337.7945485905833
610.0   343.809281363982
611.0   339.94981598050276
612.0   347.23349738163483
613.0   331.5528588086769
614.0   326.6208093326299
615.0   327.1890501488534
616.0   336.3758194981573
617.0   345.7190690247349
618.0   339.09004954852446
619.0   343.84156433979206
620.0   340.85878601859685
621.0   360.6967876518697
622.0   359.6793705396979
623.0   376.0580855865894
624.0   383.2096104361499
625.0   394.84346928627076
626.0   411.51822817268726
627.0   423.6190316526577
628.0   432.73750607780283
629.0   446.7476556804096
630.0   460.4760775028659
631.0   469.27189045119354
632.0   481.0251923529825
633.0   491.55553910560025
634.0   503.0101273148191
635.0   509.8448657529204
636.0   518.8150479258361
637.0   527.9716175294093
638.0   524.2067185007118
639.0   543.1081056896383
640.0   542.5281744680123
641.0   543.3971950126488
642.0   543.066038604829
643.0   539.8120842019421
644.0   539.0654503787111
645.0   532.6468705215229
646.0   540.0775323713074
647.0   530.910294449702
648.0   527.4739395414111
649.0   518.5957517170978
650.0   516.2034925399602
651.0   512.6244449173746
652.0   504.14406386487684
653.0   494.00195840837154
654.0   495.56038174018363
655.0   490.9167085506998
656.0   490.1291602662109
657.0   487.7713049196147
658.0   480.1310345284208
659.0   481.7768571229211
660.0   479.1473985985103
661.0   469.29624938005566
662.0   479.71609848339745
663.0   479.2539130483333
664.0   487.1609626274054
665.0   496.2697635233846
666.0   486.12803161257574
667.0   485.96839052284395
668.0   482.9322378794466
669.0   487.6651021978444
670.0   506.4433175291423
671.0   516.2965547932217
672.0   522.9286010537855
673.0   515.50932081816
674.0   518.2188109723946
675.0   536.6083110545528
676.0   532.1825511398742
677.0   550.5849043915125
678.0   556.7126376058857
679.0   567.2647640133345
680.0   585.6302450720672
681.0   590.5851670135968
682.0   608.336643662095
683.0   623.5031575427954
684.0   627.1067522268298
685.0   643.6954229014316
686.0   651.2005808324924
687.0   663.1067826485306
688.0   665.729678209964
689.0   692.2593924996413
690.0   702.5552940112439
691.0   706.8924763843904
692.0   733.7338659484691
693.0   742.5627876828612
694.0   742.935393119953
695.0   759.1034786552506
696.0   754.7382990602947
697.0   740.0370307887696
698.0   773.183901320798
699.0   775.4567774573818
700.0   774.1853548287946
701.0   755.4817300224481
702.0   771.258641205986
703.0   759.5694568171439
704.0   768.8880056990379
705.0   766.6995899693027
706.0   759.9710982424567
707.0   758.0829959206521
708.0   745.3381564100739
709.0   738.3348664113698
710.0   729.9660400404923
711.0   710.8937932798694
712.0   706.6085550487223
713.0   702.2891030159719
714.0   693.2051342811603
715.0   681.2817117556161
716.0   680.1486056227391
717.0   679.8942199161877
718.0   657.0611454440914
719.0   665.3177836445032
720.0   645.1555829052652
721.0   641.8397067907879
722.0   646.6607363836239
723.0   637.9849222231937
724.0   641.6791194032709
725.0   612.8678912010009
726.0   619.5727928658707
727.0   617.4068476102755
728.0   611.7379442953909
729.0   613.1626640334323
730.0   580.7958755891827
731.0   591.5275199884006
732.0   607.4036095377935
733.0   600.8205246132092
734.0   598.7596129088311
735.0   592.2414791897968
736.0   568.3518939174311
737.0   575.1564947958898
738.0   581.9377534909626
739.0   569.7498147616766
740.0   596.7689888623619
741.0   574.906097983272
742.0   589.6949530649081
743.0   567.2415084688223
744.0   572.7733877860236
745.0   560.251601853503
746.0   560.4211045054064
747.0   565.8746554263994
748.0   559.1532649358282
749.0   566.3731672719391
750.0   570.5036753122637
751.0   569.3797091470866
752.0   578.2735494587441
753.0   601.870973598818
754.0   616.5339201067259
755.0   642.1497324400154
756.0   665.7861038019611
757.0   680.0201680287179
758.0   720.3815059339358
759.0   730.8560497115116
760.0   757.1989000509691
761.0   780.5190599706841
762.0   813.1215943413956
763.0   841.2443470805835
764.0   855.7068443672848
765.0   870.41940251392
766.0   896.9158712348183
767.0   899.1440078061066
768.0   936.2564333698286
769.0   918.1778546203386
770.0   931.1344609377901
771.0   934.0839698170296
772.0   933.8469339426681
773.0   907.5967132577019
774.0   915.149241300702
775.0   896.3071952632965
776.0   886.6392805675781
777.0   895.5895400698519
778.0   886.9605527802787
779.0   854.9841390153047
780.0   852.4486349729209
781.0   829.788155208476
782.0   817.672586792366
783.0   796.8858842353454
784.0   772.983566682933
785.0   754.3982832335016
786.0   741.0772978281725
787.0   722.7276811834923
788.0   701.7581124786898
789.0   688.5059663642196
790.0   674.8184071916972
791.0   646.3312608390411
792.0   636.778356020673
793.0   615.6661232584283
794.0   590.4500554754972
795.0   578.8162572625089
796.0   563.9032491154125
797.0   568.5056638655898
798.0   530.4433688899699
799.0   506.57481675466227
800.0   499.26573868249045
