600.0   469.4204638577131
601.0   461.1599761402971
602.0   447.1590838102674
603.0   459.3291338592911
604.0   437.03525139179504
605.0   437.5200412283169
606.0   447.83980293751205
607.0   436.43838729441967
608.0   434.209325556181
609.0   413.9158891593079
610.0   419.84426871869573
611.0   415.74901441165593
612.0   424.2858856833045
613.0   408.46103647575876
614.0   396.42580072851905
615.0   402.38456646072586
616.0   411.5803827870576
617.0   425.9338134011569
618.0   411.00925475323095
619.0   422.648455797926
620.0   419.33958843162173
621.0   445.7113588799823
622.0   442.0402524427938
623.0   462.90229143862086
624.0   473.8453948417865
625.0   488.6485292882261
626.0   502.9889507558081
627.0   524.5289176214499
628.0   537.2038327104617
629.0   558.1206535975836
630.0   567.5324152496152
631.0   581.2111708976579
632.0   595.4924640963725
633.0   606.5492316366951
634.0   619.3050244988418
635.0   635.0712202942548
636.0   644.7587206333471
637.0   654.2999470666823
638.0   649.0127258007685
639.0   667.5900845641877
640.0   673.6643702295066
641.0   675.8431900101396
642.0   671.4088471984197
643.0   666.9747004043084
644.0   667.1240581417121
645.0   667.5620962511282
646.0   666.5144284488026
647.0   661.1746219828624
648.0   649.3094146416836
649.0   642.9396439723507
650.0   637.4149898774128
651.0   634.9532787600219
652.0   627.6506449712845
653.0   614.3692381377984
654.0   614.6599907593585
655.0   607.137716557815
656.0   604.9238776812207
657.0   606.2082877352925
658.0   594.7965183327949
659.0   600.7736499026113
660.0   594.6018865002175
661.0   589.4228490537743
662.0   595.5751844187431
663.0   595.5063184414058
664.0   597.2969811098648
665.0   614.4299221291426
666.0   601.6934038419681
667.0   603.5656264559473
668.0   597.9003959918504
669.0   607.2443420850836
670.0   627.5782875242224
671.0   643.5103701001266
672.0   650.2327505442531
673.0   642.7677802754694
674.0   652.5054907368021
675.0   666.7190529143759
676.0   668.5330809587535
677.0   688.6147969917706
678.0   700.154516621986
679.0   711.6829759565929
680.0   731.2859748350664
681.0   743.802977374725
682.0   761.1036462446406
683.0   768.8481323491169
684.0   788.6113405030077
685.0   809.7869191892773
686.0   826.863458091215
687.0   832.3697685303405
688.0   843.0320866168827
689.0   869.7886794706815
690.0   879.4313256661261
691.0   888.4171455841235
692.0   916.6880323918485
693.0   936.5907875233188
694.0   933.2152726546309
695.0   951.5154522387064
696.0   946.4064893633479
697.0   933.2005838291525
698.0   973.1117285084517
699.0   980.2849095804798
700.0   974.4129791745177
701.0   948.1312468147189
702.0   970.0378093555033
703.0   954.6756011337454
704.0   960.6420149505175
705.0   963.5838523871089
706.0   959.2917457285619
707.0   955.993792900487
708.0   940.7708168267554
709.0   930.3616814286803
710.0   917.1302858884843
711.0   901.9883900928639
712.0   894.3826657104032
713.0   881.466838970706
714.0   872.0816773468528
715.0   855.7325579251884
716.0   858.4810785509717
717.0   859.9452177809517
718.0   831.9404473389643
719.0   844.1528592910065
720.0   816.7651446123216
721.0   811.3238807893207
722.0   813.394353611058
723.0   809.9198095183631
724.0   804.3176677899291
725.0   781.1380835978161
726.0   778.6567888759737
727.0   778.8072987722719
728.0   773.2669943061258
729.0   778.5891339715358
730.0   733.1141952990847
731.0   744.7051674699428
732.0   768.4557039214658
733.0   761.4542190177119
734.0   755.0565391741702
735.0   745.023254795311
736.0   722.1072532564335
737.0   722.1650928714371
738.0   737.8782576411147
739.0   720.6083061787052
740.0   753.6450129495425
741.0   728.5622630068101
742.0   741.3217958559878
743.0   723.9426186516371
744.0   724.3215511623566
745.0   705.1280617211701
746.0   703.167190474835
747.0   717.3960272947976
748.0   713.7745616168197
749.0   716.2001121574783
750.0   719.1781568189838
751.0   726.0462672196417
752.0   737.5911346909156
753.0   758.9920250184671
754.0   782.4851649323034
755.0   813.6289504061288
756.0   841.3043765470081
757.0   861.3185096026131
758.0   917.0184361021506
759.0   923.5768133412662
760.0   957.3408070104244
761.0   997.5942103652034
762.0   1026.1876164441421
763.0   1069.3006384807495
764.0   1083.6237413950496
765.0   1116.5355321427173
766.0   1136.7729781361043
767.0   1141.4312701753581
768.0   1186.2493528071077
769.0   1168.5560795314623
770.0   1191.7021736099268
771.0   1175.3240383116965
772.0   1184.519959278489
773.0   1156.8128545771674
774.0   1160.4431510148668
775.0   1136.023923430822
776.0   1134.9005782521947
777.0   1131.5515730245772
778.0   1131.8305601426
779.0   1091.7682098574126
780.0   1080.4683293427063
781.0   1055.3738684541308
782.0   1034.5375090414677
783.0   1008.8990675789236
784.0   981.8055480341138
785.0   959.2905793508342
786.0   941.980348375133
787.0   911.672859454361
788.0   888.6214847133258
789.0   875.4539837479069
790.0   848.9614112742877
791.0   816.7254101361798
792.0   810.6996025666482
793.0   780.9311667236916
794.0   748.5034913604645
795.0   732.1338188824071
796.0   710.6315813446854
797.0   719.3157098162659
798.0   677.3501609067137
799.0   647.2891602548533
800.0   629.4006742085891
