600.0   547.4629706691143
601.0   542.7461004019611
602.0   526.0877460625547
603.0   545.1745430921344
604.0   520.6854015725296
605.0   514.0890075085998
606.0   526.3136113764729
607.0   524.9226133102466
608.0   514.3577976122317
609.0   487.2217777924732
610.0   495.5278929851652
611.0   489.7343926158719
612.0   504.3391225008652
613.0   485.07132446683147
614.0   465.9786132290902
615.0   474.1836859175344
616.0   484.6365785641942
617.0   500.22878412612937
618.0   487.39880511211015
619.0   503.1824553498659
620.0   498.6958078528449
621.0   531.3271021529096
622.0   527.3441946597518
623.0   548.4121981533849
624.0   559.3429002263418
625.0   577.3310238765897
626.0   605.2914378207481
627.0   621.0874009092547
628.0   637.3792071186269
629.0   661.4531612651291
630.0   670.8929116900681
631.0   693.5990832879188
632.0   706.9787080205867
633.0   723.0644408149816
634.0   738.5340660216182
635.0   754.5110787403476
636.0   767.8292059127307
637.0   777.118534568092
638.0   774.7801685818727
639.0   795.7161075060787
640.0   802.5580069569443
641.0   806.3842636888941
642.0   809.0053804198045
643.0   799.9061392967748
644.0   795.8785295659616
645.0   791.8673693956403
646.0   800.2047173113065
647.0   789.7555701044942
648.0   779.5010233237523
649.0   771.1031455549979
650.0   762.416972996064
651.0   759.7635755610079
652.0   751.4415268825837
653.0   739.4828531794249
654.0   736.385572633954
655.0   724.5431777143706
656.0   725.3156598421333
657.0   724.092768922967
658.0   711.879514568169
659.0   713.7149855150861
660.0   715.101999828132
661.0   707.4714399595466
662.0   711.7834705776438
663.0   709.262980185571
664.0   723.6242147161405
665.0   743.8582094982617
666.0   724.5528046645466
667.0   724.4689907678897
668.0   716.425774745904
669.0   728.214039891262
670.0   758.5105557981432
671.0   769.349030627072
672.0   782.5794223912449
673.0   776.2532818987556
674.0   783.6340709836562
675.0   802.5913301121388
676.0   799.6855332076104
677.0   827.3437960153929
678.0   837.4358323283943
679.0   857.2618900980617
680.0   883.3508456928097
681.0   892.0614535272033
682.0   914.0154622894908
683.0   930.7405023819149
684.0   951.8039555133139
685.0   969.2833951533571
686.0   988.4735184825397
687.0   1005.0976934395424
688.0   1013.7530235441973
689.0   1043.4966852800933
690.0   1064.3898421668528
691.0   1071.3849190730689
692.0   1111.3886392849217
693.0   1131.0097251688298
694.0   1121.548604645472
695.0   1144.0741263891628
696.0   1135.5439407112171
697.0   1127.5278402767697
698.0   1181.1384904256302
699.0   1179.106126774838
700.0   1172.9605967975006
701.0   1150.8824885409856
702.0   1172.7939815043499
703.0   1161.6746096901804
704.0   1163.211247555122
705.0   1167.886129709309
706.0   1154.4774618505978
707.0   1148.185034155687
708.0   1137.109862988732
709.0   1127.9767638907322
710.0   1106.7197943868232
711.0   1090.2263634750711
712.0   1077.2163806094275
713.0   1067.0966772715306
714.0   1052.6700880963585
715.0   1036.8519697765012
716.0   1038.9754637486103
717.0   1036.3787816600534
718.0   1006.278226701181
719.0   1018.4626204786498
720.0   986.7259087484335
721.0   978.8487046395746
722.0   989.1811291155058
723.0   978.2391235673026
724.0   980.649187986048
725.0   949.0662864677804
726.0   941.9463697414925
727.0   950.0137284634632
728.0   930.593484221682
729.0   940.9396044865875
730.0   894.899163632095
731.0   905.6178690422726
732.0   937.047039619478
733.0   928.7914290589406
734.0   927.0501456231557
735.0   908.2160908322255
736.0   877.0330981206387
737.0   877.983462751276
738.0   894.2111973878145
739.0   875.9284543699706
740.0   915.5455116824213
741.0   879.2769410993801
742.0   902.3636017277865
743.0   871.2059418967604
744.0   879.6675403594297
745.0   856.6965545886909
746.0   858.4434241119536
747.0   867.8762919203546
748.0   860.276876658409
749.0   867.2292010346519
750.0   874.5559568393704
751.0   878.2482041231168
752.0   897.7964836751676
753.0   919.7336381461464
754.0   953.5211170312991
755.0   991.713877602439
756.0   1025.1168008910035
757.0   1054.4485922263332
758.0   1111.6822913727808
759.0   1121.2453891713728
760.0   1164.624068965921
761.0   1213.105159295237
762.0   1254.3275740817878
763.0   1295.5296376151955
764.0   1315.796245223497
765.0   1349.9677282244554
766.0   1377.2062528294043
767.0   1379.9949264406225
768.0   1441.7199737118158
769.0   1414.4330241737107
770.0   1438.5451874588398
771.0   1437.800137231247
772.0   1440.9026354970485
773.0   1400.434071982977
774.0   1413.90552070342
775.0   1376.9808346632647
776.0   1384.2583211995297
777.0   1386.0294043410638
778.0   1371.757961897372
779.0   1326.2864749961554
780.0   1308.0894732647419
781.0   1283.660452741678
782.0   1263.1268685463224
783.0   1233.614905855977
784.0   1197.2256320030847
785.0   1164.9526178290946
786.0   1141.2331087535686
787.0   1108.8690282685438
788.0   1087.549483614949
789.0   1059.5575908561984
790.0   1036.456368939741
791.0   992.5912564552234
792.0   990.2234291727848
793.0   946.1776616992113
794.0   913.6431368365039
795.0   888.5149065010438
796.0   873.6427403047641
797.0   871.3768080343181
798.0   821.2286919385408
799.0   780.7090428911698
800.0   769.5542303830294
