600.0   641.8702379840028
601.0   642.9771435149951
602.0   619.3832906856217
603.0   640.5208873882201
604.0   606.7573492578179
605.0   605.4860841980985
606.0   617.5864818265302
607.0   611.5449433988317
608.0   607.2998735700319
609.0   574.0920604270335
610.0   582.9200160215772
611.0   577.4447735964436
612.0   593.4815953873255
613.0   567.7250220689184
614.0   548.2060241988586
615.0   557.3205423372663
616.0   572.0344924159946
617.0   586.6524085949925
618.0   574.6009149582853
619.0   586.9923330882029
620.0   587.2892358512388
621.0   623.8708222609393
622.0   622.374052002312
623.0   652.290547873234
624.0   661.9950024330689
625.0   680.0909042308839
626.0   708.4850190940398
627.0   727.754745363854
628.0   755.6068165011388
629.0   775.6834738825827
630.0   791.2411847573752
631.0   817.0586190595031
632.0   835.6566260099285
633.0   851.9534911482335
634.0   868.3519756445434
635.0   887.3861539847005
636.0   903.616541602448
637.0   919.1380502094419
638.0   912.0104704879711
639.0   947.3571203052543
640.0   946.9675273752939
641.0   949.9685959703847
642.0   949.3548068084848
643.0   941.7953178248738
644.0   937.1881696136297
645.0   935.7232792398681
646.0   943.6260976538865
647.0   926.7405125122223
648.0   919.6361968539948
649.0   909.5631509281991
650.0   902.8441507962575
651.0   899.6647165167471
652.0   889.27944095876
653.0   874.1888642503329
654.0   873.2594972791406
655.0   859.4458442731367
656.0   854.0930417765304
657.0   860.1431995816697
658.0   841.044548847769
659.0   849.5283250475387
660.0   846.1730492826275
661.0   840.5026906265851
662.0   843.5260247300048
663.0   839.2107795949316
664.0   854.3747821612825
665.0   881.5425537098079
666.0   855.7590221737403
667.0   862.2621570253247
668.0   846.7639306186221
669.0   863.1728930734894
670.0   898.6413366362136
671.0   911.4734994897447
672.0   928.8957604572024
673.0   917.7556622047266
674.0   921.5621157990089
675.0   948.1952196349062
676.0   945.0543853402305
677.0   982.6021530154591
678.0   1001.7299336898614
679.0   1014.7185593055322
680.0   1047.099842714687
681.0   1056.845746087135
682.0   1082.0613233675342
683.0   1106.8664188865084
684.0   1122.309478476199
685.0   1154.4632317943247
686.0   1174.1152186460317
687.0   1196.1807089883878
688.0   1205.2440641305316
689.0   1245.0256139764392
690.0   1265.3284586415907
691.0   1275.7015062500286
692.0   1321.1066785463413
693.0   1345.9596745392485
694.0   1332.9805602803228
695.0   1364.074161770422
696.0   1356.0118711430384
697.0   1335.2973259295761
698.0   1397.024363401891
699.0   1404.0703845478763
700.0   1395.8926479332827
701.0   1360.1837817895444
702.0   1390.0513854167573
703.0   1371.59694596749
704.0   1377.9341466435687
705.0   1383.5661209944835
706.0   1372.0896621677891
707.0   1365.3525564503245
708.0   1350.8575649705733
709.0   1345.6630150209023
710.0   1318.4418893211055
711.0   1299.6404921193969
712.0   1287.2356310408964
713.0   1278.6721368444223
714.0   1250.8524289878264
715.0   1233.0778381916261
716.0   1234.9217125382556
717.0   1245.2361962135776
718.0   1197.7661000860437
719.0   1219.222662819604
720.0   1175.378541413937
721.0   1168.1664499055908
722.0   1177.9910489907793
723.0   1162.1574831112596
724.0   1167.4883024817482
725.0   1133.159872744795
726.0   1125.3545097499596
727.0   1122.3042768977266
728.0   1112.3005144235713
729.0   1122.1308133922862
730.0   1059.535096737439
731.0   1072.6079343376018
732.0   1114.6402357247994
733.0   1105.8850457781143
734.0   1099.3938576005216
735.0   1088.963218594774
736.0   1045.9386066293714
737.0   1045.8146161634195
738.0   1068.1910940039616
739.0   1048.5016741658646
740.0   1086.6652071976082
741.0   1058.0329343700087
742.0   1084.9989467096964
743.0   1044.7761151890684
744.0   1045.9550077403824
745.0   1021.0277207796622
746.0   1021.6996286278738
747.0   1038.4116549335324
748.0   1031.3226855645605
749.0   1034.075875139249
750.0   1049.2934064109513
751.0   1048.4913886649615
752.0   1074.1834629909981
753.0   1102.029963420385
754.0   1132.287463661461
755.0   1177.9494484152328
756.0   1223.5657523267973
757.0   1254.650439799156
758.0   1321.8861843032
759.0   1341.526032264737
760.0   1383.561025077661
761.0   1440.6635586664206
762.0   1495.244797335374
763.0   1541.0020950937112
764.0   1572.2961578594611
765.0   1619.0502660268548
766.0   1641.7353687661112
767.0   1641.2532001177574
768.0   1718.1028755082973
769.0   1683.7308524149648
770.0   1716.5253161545038
771.0   1706.4304938930627
772.0   1716.6740861069036
773.0   1671.617012074305
774.0   1679.3585917505213
775.0   1640.1576538313786
776.0   1642.0252789890267
777.0   1642.4469010985724
778.0   1635.0302715384942
779.0   1572.9339764558722
780.0   1569.9083021798692
781.0   1530.1980232533797
782.0   1505.6995223640633
783.0   1460.4846774567857
784.0   1424.3311952016504
785.0   1394.9039675513493
786.0   1355.4836589316044
787.0   1318.649733293778
788.0   1292.4030738113383
789.0   1265.1402015412032
790.0   1234.1086205947847
791.0   1187.8964329557707
792.0   1168.4027752106547
793.0   1130.3242806450965
794.0   1091.304525173621
795.0   1058.0299396724718
796.0   1031.1245309409705
797.0   1040.441099127052
798.0   979.289025783384
799.0   928.6256053319723
800.0   913.8211026642467
