600.0   727.5888500108869
601.0   715.8535837984867
602.0   694.7301020328334
603.0   719.0171368676173
604.0   683.7044314798691
605.0   677.9592144652854
606.0   694.4257773281581
607.0   688.25202869346
608.0   687.3162451224409
609.0   641.6430255734199
610.0   657.8099009756222
611.0   652.565773978215
612.0   667.9099802110019
613.0   636.0236536507458
614.0   623.1966497971525
615.0   630.2583818080685
616.0   640.4583705415555
617.0   662.7780334064025
618.0   647.8994594484444
619.0   662.573777856493
620.0   664.13024154043
621.0   701.0963141223774
622.0   695.9289240805915
623.0   737.495953016733
624.0   749.4935357081536
625.0   766.2872275474299
626.0   803.2372049900686
627.0   830.3444905411241
628.0   848.0845500632504
629.0   878.4706552695644
630.0   892.2017286585475
631.0   922.4584037469617
632.0   946.8383690928463
633.0   968.284842264487
634.0   984.0619792478732
635.0   1007.8426525875818
636.0   1028.7411323607184
637.0   1038.5255799859399
638.0   1032.831420286455
639.0   1070.0879008081909
640.0   1070.4662520285306
641.0   1080.3560531838734
642.0   1079.1502951631487
643.0   1068.7414142600128
644.0   1064.995606996683
645.0   1063.3535749652408
646.0   1067.643499293577
647.0   1058.9450363517633
648.0   1040.5706453662388
649.0   1030.8818866005768
650.0   1020.5976021868187
651.0   1020.5046877750053
652.0   1006.7916183402901
653.0   993.1881633189776
654.0   992.1399007975623
655.0   976.7692575847828
656.0   976.1430860081631
657.0   970.8609266459666
658.0   959.6335168704932
659.0   964.4676141816514
660.0   956.9421549027752
661.0   949.7615382001826
662.0   958.0126905487518
663.0   956.4460551222617
664.0   974.0746678041149
665.0   1003.8525177683566
666.0   971.497173375644
667.0   977.7427452317494
668.0   963.9501782152648
669.0   986.1929656885104
670.0   1027.6609774195808
671.0   1038.4056047396798
672.0   1055.3641550082914
673.0   1046.7405383730186
674.0   1053.3206769198368
675.0   1086.987722684702
676.0   1083.6110844987409
677.0   1114.8990950990662
678.0   1135.4293017530972
679.0   1152.9927827826857
680.0   1188.3672413631439
681.0   1209.9514487431206
682.0   1236.4826445016708
683.0   1264.460036505306
684.0   1284.2216222291377
685.0   1317.6752001428977
686.0   1341.8323247701935
687.0   1364.68490726972
688.0   1374.659671359897
689.0   1418.8557659229295
690.0   1441.8001597653915
691.0   1449.9733004806144
692.0   1503.668237732048
693.0   1534.4511469835095
694.0   1518.3814136354133
695.0   1560.5945995296556
696.0   1550.190490281962
697.0   1528.7358565766046
698.0   1589.8524715288727
699.0   1607.5148044681473
700.0   1589.4501592529934
701.0   1554.7720172872057
702.0   1590.9715137138744
703.0   1567.0561604375664
704.0   1577.0416621244804
705.0   1586.3995451648418
706.0   1561.0973574516108
707.0   1569.143816074639
708.0   1543.188366478171
709.0   1530.2786653228463
710.0   1505.8904881217725
711.0   1489.7551128622958
712.0   1472.305451130425
713.0   1451.923099268862
714.0   1439.8758044781641
715.0   1412.5476080752198
716.0   1405.9019920158787
717.0   1418.9748114557913
718.0   1372.8162019971012
719.0   1387.7332304329113
720.0   1349.8120970790346
721.0   1336.3833870705898
722.0   1349.1935451463373
723.0   1335.238893908917
724.0   1336.7187949788445
725.0   1294.6745226390478
726.0   1293.4259520255653
727.0   1290.2155137692812
728.0   1277.048320497338
729.0   1290.8169674258604
730.0   1222.2427475151683
731.0   1245.5528860515187
732.0   1276.6197313894204
733.0   1269.0737074181395
734.0   1262.966503059133
735.0   1244.1132363570973
736.0   1200.6783814997355
737.0   1207.6281082517467
738.0   1222.7855269211418
739.0   1193.869808750318
740.0   1254.342926168863
741.0   1210.7424738506388
742.0   1239.058827755821
743.0   1202.711473648091
744.0   1203.0503856260145
745.0   1176.3457517178506
746.0   1179.7409486441222
747.0   1191.1115059017473
748.0   1186.659700006449
749.0   1189.0196963945714
750.0   1206.0728579513748
751.0   1205.5965575028474
752.0   1226.9952698843856
753.0   1269.024574150139
754.0   1306.573711171411
755.0   1347.719766796379
756.0   1396.0467116411419
757.0   1440.6002135924707
758.0   1511.2332210757327
759.0   1531.6973645450914
760.0   1594.96753522279
761.0   1648.6946991485227
762.0   1703.1129772881877
763.0   1769.6113591780609
764.0   1796.953003391715
765.0   1836.7413244056067
766.0   1885.233056389259
767.0   1883.9236196690974
768.0   1958.9795995502377
769.0   1927.7979921919582
770.0   1956.6142280817166
771.0   1953.4869477001776
772.0   1956.792299686352
773.0   1907.1163309555777
774.0   1925.7420114611534
775.0   1881.4253866941024
776.0   1881.3607706223886
777.0   1879.696012392208
778.0   1872.48435896539
779.0   1806.55781051389
780.0   1790.783415379746
781.0   1752.2697139048178
782.0   1719.8226463309952
783.0   1674.176925636074
784.0   1634.7889576224782
785.0   1596.6325851058475
786.0   1555.7507314122563
787.0   1522.5205941524423
788.0   1479.6530593786053
789.0   1447.6853432457733
790.0   1417.6436823861384
791.0   1358.3701865591236
792.0   1339.7986983969508
793.0   1290.6832670509505
794.0   1247.661328940107
795.0   1218.339773402266
796.0   1196.1611849455503
797.0   1193.449630447914
798.0   1128.2089092332817
799.0   1062.904229233005
800.0   1051.6278065102788
