600.0   826.3884140898169
601.0   825.2626803315974
602.0   794.4846734617734
603.0   816.6713219845896
604.0   785.1305429343536
605.0   780.9622577832494
606.0   796.9562913716095
607.0   785.5820897598014
608.0   780.242844944659
609.0   734.1865474970506
610.0   747.3836311031489
611.0   735.1962475011975
612.0   760.1166788482952
613.0   727.9582752614589
614.0   706.1389061315892
615.0   721.5807260886111
616.0   737.4081139766101
617.0   758.0961555391607
618.0   745.7719122696695
619.0   761.6785342253869
620.0   760.2619125843712
621.0   801.498365198268
622.0   802.4855028813574
623.0   839.3580705926709
624.0   862.2969008739161
625.0   882.3687222145836
626.0   927.7235061988854
627.0   950.9308755904608
628.0   978.3366190911399
629.0   1011.5834889989809
630.0   1033.90468183304
631.0   1062.0272903927323
632.0   1090.3949879762715
633.0   1109.7374658064668
634.0   1130.8856094200364
635.0   1156.9547924971182
636.0   1177.0429456790166
637.0   1194.827343829595
638.0   1183.9803257051271
639.0   1225.4241681910592
640.0   1227.900373366833
641.0   1239.548903622262
642.0   1241.8519441110166
643.0   1230.0017894318999
644.0   1220.692455325895
645.0   1223.2904604494881
646.0   1229.4032329887827
647.0   1212.8060563877364
648.0   1196.268110722886
649.0   1180.1991000604928
650.0   1174.3952115786783
651.0   1165.388101850904
652.0   1157.55024705908
653.0   1139.7450958186946
654.0   1137.9183261146975
655.0   1124.0888684673064
656.0   1119.1616072029765
657.0   1125.1373262980492
658.0   1100.5418534043058
659.0   1103.8746105825803
660.0   1105.923068574372
661.0   1092.513807900002
662.0   1097.7503408744303
663.0   1092.294831561794
664.0   1116.0983062755067
665.0   1150.0588163730736
666.0   1120.7876262817758
667.0   1125.2612761608425
668.0   1110.6630308520007
669.0   1123.007287591298
670.0   1173.7602127081109
671.0   1199.4368039032333
672.0   1213.8419415190838
673.0   1203.2820778438634
674.0   1213.4425478131297
675.0   1249.2986041919326
676.0   1243.2871202481997
677.0   1283.320618113006
678.0   1302.374975876234
679.0   1333.3182755120374
680.0   1369.4243422808208
681.0   1396.3516296288549
682.0   1422.9100617473064
683.0   1462.2903282860802
684.0   1474.21888495194
685.0   1518.839376624625
686.0   1535.8350575658399
687.0   1567.0856203145943
688.0   1584.6850076253681
689.0   1627.0820016448426
690.0   1659.2515314811953
691.0   1669.4188795830362
692.0   1727.611915583881
693.0   1757.0005855347397
694.0   1750.0746443831358
695.0   1786.4168427813775
696.0   1774.237294071242
697.0   1755.3670960630336
698.0   1829.2956346758729
699.0   1842.633369692226
700.0   1825.630722609579
701.0   1788.978191524202
702.0   1814.2387174594721
703.0   1794.5109276159458
704.0   1813.6171527583977
705.0   1816.9269638834287
706.0   1810.1940383430035
707.0   1803.8162498470472
708.0   1776.1955608377104
709.0   1761.2581109678881
710.0   1731.1096993070419
711.0   1705.5005229409594
712.0   1689.5564818505575
713.0   1669.808855202222
714.0   1652.3049752602305
715.0   1631.129738321588
716.0   1627.551760377266
717.0   1632.8484878868903
718.0   1587.3181020648574
719.0   1594.7399314364466
720.0   1547.6737132658748
721.0   1543.8465330308716
722.0   1552.1755824814563
723.0   1537.4959188988985
724.0   1537.7760171478437
725.0   1491.0663613028573
726.0   1490.839214664812
727.0   1493.008732965265
728.0   1476.2504079988425
729.0   1485.676793665651
730.0   1405.7546405399964
731.0   1428.140047204248
732.0   1473.6738669260642
733.0   1466.5293178903792
734.0   1453.02924372564
735.0   1433.8920620383678
736.0   1380.6422924469578
737.0   1389.0441327641563
738.0   1415.4432997828392
739.0   1375.2787308978154
740.0   1442.863927086322
741.0   1399.1046306455066
742.0   1423.5906716091438
743.0   1382.4775787376154
744.0   1390.6827541297882
745.0   1358.0154125570305
746.0   1355.4330701904864
747.0   1374.2447565550672
748.0   1366.3442052629498
749.0   1373.2971924453
750.0   1389.2430867420064
751.0   1397.854631587787
752.0   1417.8877166539603
753.0   1454.2767335947133
754.0   1499.3330943252138
755.0   1554.2196058907662
756.0   1608.658007243515
757.0   1656.950255955115
758.0   1737.79182855474
759.0   1764.6226986138022
760.0   1829.217542482946
761.0   1896.5568575167786
762.0   1953.9727424488822
763.0   2030.033972090284
764.0   2072.080929052895
765.0   2117.486652188181
766.0   2156.4286826030725
767.0   2154.9395500659853
768.0   2256.532787155151
769.0   2207.0333515790335
770.0   2251.4427296336335
771.0   2251.8928043083183
772.0   2247.322092674788
773.0   2188.5218980335744
774.0   2209.54386432295
775.0   2152.9319027586225
776.0   2150.4667547251556
777.0   2153.4220545176113
778.0   2150.348405410517
779.0   2075.242281170791
780.0   2051.398686975532
781.0   2007.8324284092791
782.0   1969.0865804677865
783.0   1920.4898625489598
784.0   1887.290505198984
785.0   1838.705830421007
786.0   1792.4899854122564
787.0   1746.732583607226
788.0   1703.3415971715158
789.0   1665.8574796154608
790.0   1625.2993917235094
791.0   1570.9585031893605
792.0   1545.8683364063988
793.0   1486.1615750887934
794.0   1440.811781398391
795.0   1399.1889548693175
796.0   1373.2774794446125
797.0   1374.4189740362817
798.0   1293.7578959076486
799.0   1226.273434695583
800.0   1212.4338827297802
