600.0   898.8640529951887
601.0   899.3663419971183
602.0   865.6316869873544
603.0   892.2546636212675
604.0   855.8858024736903
605.0   846.0575369295155
606.0   872.0268347372248
607.0   859.0903451813429
608.0   854.524137294427
609.0   800.228102893243
610.0   819.8332712605059
611.0   806.960527391758
612.0   829.4384999153108
613.0   796.3607539223649
614.0   771.3068244981844
615.0   787.4870382944493
616.0   808.0226649822696
617.0   826.7431407379111
618.0   803.7788777107713
619.0   827.3181629388697
620.0   825.6578105858002
621.0   879.4031794276111
622.0   876.8369674848493
623.0   917.2296186216952
624.0   929.6184572432561
625.0   966.1076726667552
626.0   1011.7528347876951
627.0   1042.1065859090374
628.0   1065.4962215252506
629.0   1107.6807360203397
630.0   1126.0637466131873
631.0   1160.2776325709629
632.0   1190.0662041512321
633.0   1215.0583686163168
634.0   1237.9747079107974
635.0   1266.2937262647686
636.0   1296.912933085625
637.0   1313.2766421568026
638.0   1296.4315579208599
639.0   1341.4174920917628
640.0   1345.7645465432636
641.0   1360.5512289560188
642.0   1355.9696405226143
643.0   1346.6509563841016
644.0   1340.6319001043587
645.0   1337.25925452339
646.0   1350.3510304169595
647.0   1328.4095739600991
648.0   1315.1864727132697
649.0   1299.6432241700186
650.0   1280.4639147465077
651.0   1277.7279631498022
652.0   1258.6041029768296
653.0   1245.0790270193206
654.0   1251.0654064380562
655.0   1219.5600807613553
656.0   1226.39854571129
657.0   1226.6039967551335
658.0   1203.1329489784139
659.0   1216.1595308410863
660.0   1212.0768665271871
661.0   1199.9412434047283
662.0   1203.6489140452672
663.0   1211.6262874502947
664.0   1223.93421598217
665.0   1263.7214841874386
666.0   1229.2970228087443
667.0   1235.4207540726657
668.0   1227.6481083104377
669.0   1246.4254933576485
670.0   1292.460171758241
671.0   1312.4128377253728
672.0   1336.7675836243322
673.0   1320.5928313128577
674.0   1328.1785860782275
675.0   1374.8637626018808
676.0   1375.9618782215164
677.0   1418.5566025808334
678.0   1446.4754226308676
679.0   1459.2826894126097
680.0   1503.677176307664
681.0   1529.5865244062024
682.0   1562.1040491769963
683.0   1590.7965781990601
684.0   1623.1167005728405
685.0   1661.6741433316483
686.0   1692.1704317172846
687.0   1721.9863288789256
688.0   1734.9443369900634
689.0   1782.9367152319767
690.0   1821.289513599425
691.0   1831.182596751508
692.0   1900.711590907907
693.0   1935.1978269805097
694.0   1920.0254996928736
695.0   1966.5859326745963
696.0   1953.1438593633743
697.0   1936.7793412279518
698.0   2013.9273741842642
699.0   2024.446858203104
700.0   2002.01469134476
701.0   1972.5237581906388
702.0   2008.2802282145137
703.0   1984.1731158841228
704.0   1994.331129132719
705.0   2002.4382214655113
706.0   1982.8115562915325
707.0   1973.7512636576062
708.0   1949.7992780804984
709.0   1936.4853640346525
710.0   1907.2983746007492
711.0   1882.7476026518539
712.0   1855.71246536538
713.0   1840.349333911232
714.0   1817.875625839162
715.0   1788.9725606978184
716.0   1783.1308434612395
717.0   1800.548865671594
718.0   1738.3217612307344
719.0   1758.0914793535974
720.0   1715.223091333156
721.0   1697.3361550721083
722.0   1712.2791388878723
723.0   1697.385486564706
724.0   1696.338213151997
725.0   1648.6149307266908
726.0   1646.3463702461784
727.0   1648.2001991698603
728.0   1614.5244319196381
729.0   1637.578513014158
730.0   1550.8882680736147
731.0   1573.26338890242
732.0   1625.4715111444934
733.0   1620.3794317022762
734.0   1604.051277262824
735.0   1593.1176842911848
736.0   1517.6191651138267
737.0   1532.2593821229452
738.0   1554.4972429329948
739.0   1527.6826089621393
740.0   1593.2631730921482
741.0   1545.1228663395548
742.0   1570.0691690826798
743.0   1530.894021439203
744.0   1532.0852978996973
745.0   1496.822339863386
746.0   1507.8245891090532
747.0   1521.5131709530522
748.0   1505.942102538941
749.0   1515.796686297054
750.0   1531.1780829398865
751.0   1539.6378011363984
752.0   1567.3805865573029
753.0   1603.9734603848651
754.0   1655.2279730156133
755.0   1715.5002383493068
756.0   1779.4714897140768
757.0   1825.7231915569384
758.0   1913.6933741169264
759.0   1942.357781465681
760.0   2006.7557562796828
761.0   2090.5790674081386
762.0   2152.9190084133284
763.0   2236.7392526262156
764.0   2282.839476301986
765.0   2322.8266663534423
766.0   2376.3444612851004
767.0   2374.134232878549
768.0   2483.0173772369003
769.0   2437.6904945376264
770.0   2477.612674320793
771.0   2470.088283983934
772.0   2484.5188655400752
773.0   2417.584603273177
774.0   2435.7474693360646
775.0   2385.018506108494
776.0   2372.6738689508356
777.0   2378.041863267997
778.0   2363.7020404300997
779.0   2282.9735627346568
780.0   2269.054857412632
781.0   2212.830899154867
782.0   2174.3368118905923
783.0   2119.015211018562
784.0   2072.89621329563
785.0   2020.6991869456524
786.0   1976.8837225359337
787.0   1925.1419089137848
788.0   1878.2150058293148
789.0   1835.7417719095847
790.0   1790.2632267466847
791.0   1727.0346816911067
792.0   1705.4435409683415
793.0   1649.4213442000096
794.0   1590.3891599427693
795.0   1548.6687983873892
796.0   1508.6085445888198
797.0   1517.2916174285215
798.0   1432.0124017099808
799.0   1357.8617864511411
800.0   1334.1933674306315
