600.0   1027.9169003119002
601.0   1016.276022966
602.0   980.2044205530633
603.0   1014.9426935401342
604.0   965.4783090996307
605.0   965.346269023379
606.0   986.1741424549416
607.0   978.2518124951343
608.0   966.3976383575725
609.0   909.3709619146366
610.0   925.3265802753576
611.0   914.3565923092212
612.0   945.1434725181599
613.0   899.545126587438
614.0   873.0069399100437
615.0   889.6600642213125
616.0   915.6581841063305
617.0   938.2488163741891
618.0   923.2731733337499
619.0   942.5422523345626
620.0   943.3392940823344
621.0   999.9877507015967
622.0   999.2735634220069
623.0   1045.1549467467269
624.0   1063.1714651930902
625.0   1091.781210424716
626.0   1145.7868362787544
627.0   1181.3049252709175
628.0   1207.3543478431664
629.0   1253.9205756343295
630.0   1277.8443841759956
631.0   1317.1889786470972
632.0   1350.2342490639608
633.0   1373.6079163472446
634.0   1403.6395150692474
635.0   1439.758901395129
636.0   1460.5695192252524
637.0   1484.9097968486242
638.0   1472.2037489509976
639.0   1523.3169814284422
640.0   1532.1212741910938
641.0   1533.7215316996746
642.0   1535.261202021906
643.0   1524.927226399978
644.0   1515.0255600135606
645.0   1517.9961979413972
646.0   1523.1742606808964
647.0   1504.0149150668701
648.0   1486.9320938239855
649.0   1468.8699797118823
650.0   1453.7656543478897
651.0   1449.136215137824
652.0   1434.238413241182
653.0   1416.8640200474929
654.0   1409.8919078568265
655.0   1390.5637285915195
656.0   1392.8184990034974
657.0   1390.9111269952746
658.0   1371.5614795798854
659.0   1379.5711547226922
660.0   1373.0763754358552
661.0   1354.1860271732521
662.0   1367.7193200848644
663.0   1371.190681216113
664.0   1393.1893849403073
665.0   1433.4472986629435
666.0   1397.3294424311741
667.0   1404.1885756586203
668.0   1393.0280171316613
669.0   1411.0453699504396
670.0   1467.3989211142584
671.0   1495.1383523101654
672.0   1511.5515010178178
673.0   1497.6180900155348
674.0   1511.4571313017777
675.0   1560.5744802839743
676.0   1557.2962071780125
677.0   1604.9317441211113
678.0   1631.9532891032786
679.0   1666.0506145927452
680.0   1710.1226482571815
681.0   1740.339628152749
682.0   1770.8964046054455
683.0   1812.3706395386328
684.0   1838.4321781103708
685.0   1890.1899127310103
686.0   1915.229445632565
687.0   1953.387426293864
688.0   1968.01156931258
689.0   2027.6966654493046
690.0   2068.7464253921207
691.0   2076.6383908060834
692.0   2155.7701768958386
693.0   2196.8567603393285
694.0   2181.0638053350003
695.0   2229.1656121829865
696.0   2214.798141383925
697.0   2183.196879283163
698.0   2290.347400050288
699.0   2292.8932519065165
700.0   2276.0672218063537
701.0   2228.2096027449757
702.0   2274.112091468574
703.0   2241.7846730495276
704.0   2259.9931177397903
705.0   2257.988411995724
706.0   2251.84821860642
707.0   2239.0673219945106
708.0   2204.7328010792744
709.0   2198.686364373814
710.0   2164.8911166023227
711.0   2135.269981800186
712.0   2103.872939927864
713.0   2088.516672167093
714.0   2065.068493099152
715.0   2039.0548600661648
716.0   2031.1356936884406
717.0   2035.525379390879
718.0   1967.954980791272
719.0   1998.9445394397849
720.0   1939.5311168407834
721.0   1936.8607385285534
722.0   1940.8094374090188
723.0   1923.5087553300607
724.0   1930.0100971397515
725.0   1865.566263134127
726.0   1863.0460806396704
727.0   1869.0119272212523
728.0   1831.807797907482
729.0   1863.0771010613457
730.0   1763.9438228280858
731.0   1793.7749884284913
732.0   1850.2163703847855
733.0   1834.7520965540077
734.0   1825.3987539479594
735.0   1801.5283636708962
736.0   1730.3287664803402
737.0   1738.6820585058842
738.0   1770.3971525545062
739.0   1731.8175652517082
740.0   1808.996585169783
741.0   1762.682350364104
742.0   1790.420549393432
743.0   1738.5975038877107
744.0   1740.1131745281607
745.0   1701.0940252535481
746.0   1706.1722703523706
747.0   1731.874803255041
748.0   1713.9783539391303
749.0   1717.3845861685306
750.0   1732.663310047947
751.0   1750.3877715094761
752.0   1774.022650809834
753.0   1822.6498526759794
754.0   1873.182502329584
755.0   1940.1333744935055
756.0   2011.077024085862
757.0   2075.409770065113
758.0   2176.0192951950953
759.0   2200.838127327076
760.0   2275.7579515929338
761.0   2376.6117702557826
762.0   2441.7074686953547
763.0   2528.2578971064486
764.0   2571.126581305427
765.0   2630.378746942203
766.0   2682.6686529794847
767.0   2680.424261142179
768.0   2801.4145608471376
769.0   2755.318857830176
770.0   2803.596968369949
771.0   2793.5318145168408
772.0   2808.977833838848
773.0   2725.797985636994
774.0   2754.993209325754
775.0   2688.332491426825
776.0   2691.801148090241
777.0   2678.974408174261
778.0   2675.3601350520953
779.0   2574.001141790953
780.0   2562.233448105584
781.0   2503.5933496503494
782.0   2458.307178606108
783.0   2403.967088198139
784.0   2339.361675540927
785.0   2283.2543246693476
786.0   2233.295784200544
787.0   2179.7398345471934
788.0   2128.207130767086
789.0   2089.5214247432455
790.0   2026.8297780954172
791.0   1954.83688695271
792.0   1935.2687601973075
793.0   1862.1529777526773
794.0   1795.5925356361308
795.0   1758.6041590406198
796.0   1709.1561436883787
797.0   1715.267868336388
798.0   1611.263507621899
799.0   1543.5814530320235
800.0   1513.094729932472
