600.0   1114.60671449686
601.0   1110.030457964947
602.0   1075.9059152791153
603.0   1104.2627157981926
604.0   1062.3901681644995
605.0   1061.2659349270045
606.0   1074.3866308282193
607.0   1065.2504556435501
608.0   1060.4347688734283
609.0   1003.7374447179116
610.0   1016.9163279592115
611.0   1010.9125538254514
612.0   1033.9094885601023
613.0   988.1041493152953
614.0   954.5804733121522
615.0   976.2917819605182
616.0   1009.6929885506813
617.0   1034.0427802404345
618.0   1008.6000332615678
619.0   1034.1167743753228
620.0   1034.6511662831283
621.0   1090.7884229529016
622.0   1091.055089933251
623.0   1146.5288401476794
624.0   1171.2030667505092
625.0   1203.9198556919218
626.0   1258.981597517916
627.0   1292.806681107713
628.0   1328.5423058995232
629.0   1381.7074640515052
630.0   1404.701154817936
631.0   1443.354453034294
632.0   1480.702343148732
633.0   1507.5045224044397
634.0   1541.4120575225281
635.0   1580.922802181874
636.0   1604.662925469635
637.0   1629.5785271351172
638.0   1617.9538387069665
639.0   1669.9589031522955
640.0   1674.1599704500534
641.0   1687.2301360658234
642.0   1677.2349039747721
643.0   1676.9243318180531
644.0   1666.4589584998848
645.0   1666.8443391121111
646.0   1671.2174520241863
647.0   1653.0167398585886
648.0   1631.8270591100422
649.0   1608.6216573141194
650.0   1601.0027894415653
651.0   1591.9100853011291
652.0   1578.9191218268184
653.0   1558.1506971999527
654.0   1557.5081608496794
655.0   1536.7518590483571
656.0   1530.9450498247747
657.0   1525.884376024766
658.0   1505.6283236909665
659.0   1521.3099517856365
660.0   1514.933561801303
661.0   1494.3217044991613
662.0   1507.5278455997905
663.0   1509.5038857898214
664.0   1531.078595571436
665.0   1572.6363345645566
666.0   1537.685096770055
667.0   1538.7344780684166
668.0   1530.1360750645526
669.0   1549.928617106339
670.0   1609.54881286418
671.0   1641.252597599741
672.0   1662.8551950719525
673.0   1652.1740688226362
674.0   1659.701191320135
675.0   1719.0354556322034
676.0   1719.3526829729658
677.0   1767.1013412593588
678.0   1789.274910501083
679.0   1822.3398100805334
680.0   1878.8499388262376
681.0   1906.6686070514947
682.0   1949.1283107764355
683.0   1994.7784671683607
684.0   2022.1256295614105
685.0   2087.1340605811088
686.0   2112.6852716440844
687.0   2145.6958601802035
688.0   2162.1846595964835
689.0   2222.473134505894
690.0   2266.7242701974865
691.0   2269.8257724459736
692.0   2363.8855538089024
693.0   2409.8549404806813
694.0   2387.1216608787745
695.0   2440.4792650819318
696.0   2427.1087364635196
697.0   2398.9966681892793
698.0   2503.537164361182
699.0   2519.5021055453303
700.0   2499.188895998167
701.0   2443.2729847380238
702.0   2497.6002565277545
703.0   2457.8720689726433
704.0   2479.5292972514067
705.0   2491.6447862229656
706.0   2463.797907398617
707.0   2456.8772785816764
708.0   2428.7448675071905
709.0   2423.7001231777867
710.0   2382.1246252326737
711.0   2342.4374957082887
712.0   2313.760494796509
713.0   2296.199554296697
714.0   2280.3231647092944
715.0   2231.8366872253446
716.0   2226.946948794924
717.0   2247.6313414526294
718.0   2175.191081660847
719.0   2196.4783804144454
720.0   2134.535512376111
721.0   2122.2298633506675
722.0   2131.4855032132396
723.0   2111.8957078540884
724.0   2109.1783890430625
725.0   2052.4655377666136
726.0   2044.344763372172
727.0   2056.426842212164
728.0   2023.7800915254224
729.0   2045.864925635543
730.0   1940.8937666789063
731.0   1971.7986459801
732.0   2029.2015564634594
733.0   2018.1240390743021
734.0   2015.200654403692
735.0   1991.307766106665
736.0   1902.6715552049611
737.0   1907.4017601991254
738.0   1939.9019594270835
739.0   1909.3539034487678
740.0   1992.622831796719
741.0   1934.678523711707
742.0   1970.6260990010364
743.0   1914.4970337241646
744.0   1913.8793494412755
745.0   1870.8798727148899
746.0   1878.9921775248285
747.0   1908.2466218617494
748.0   1893.603611194049
749.0   1889.9232176082787
750.0   1915.3662461848744
751.0   1920.099826620862
752.0   1960.5328124815799
753.0   2000.6378813298588
754.0   2068.2439705135257
755.0   2138.7012605940326
756.0   2211.5740464157234
757.0   2273.463882235739
758.0   2385.584053666794
759.0   2412.825647104027
760.0   2505.456785556195
761.0   2596.379071007427
762.0   2677.1678648235325
763.0   2772.6067388567208
764.0   2822.058959235752
765.0   2892.621982341264
766.0   2945.0707418901884
767.0   2954.7424433650476
768.0   3075.2662759475475
769.0   3027.8485567000357
770.0   3072.321123273037
771.0   3066.403362867748
772.0   3067.901497695152
773.0   2997.696328890669
774.0   3022.595597230569
775.0   2954.5595919165307
776.0   2948.8555628817935
777.0   2946.46381305319
778.0   2932.956146952198
779.0   2836.54055491174
780.0   2806.44242531853
781.0   2745.0107428662436
782.0   2693.240156693611
783.0   2629.516505711282
784.0   2573.465553609473
785.0   2506.737162010977
786.0   2457.633943042012
787.0   2392.4002966953985
788.0   2339.944369486411
789.0   2295.9851766991715
790.0   2230.2879582014693
791.0   2153.3382504275455
792.0   2111.673773504646
793.0   2049.1426938291143
794.0   1978.3833584216
795.0   1930.1698446584087
796.0   1884.6429053688698
797.0   1894.7883526462706
798.0   1777.4052662131717
799.0   1691.5085663517973
800.0   1663.983497867648
