600.0   1211.000808978364
601.0   1201.6214283169456
602.0   1157.3098727306237
603.0   1196.3413446411432
604.0   1147.5966620278705
605.0   1141.691118746992
606.0   1164.5962008732802
607.0   1153.0350609078898
608.0   1146.1697056383223
609.0   1077.6405497733424
610.0   1100.9375083003858
611.0   1080.7222709474443
612.0   1117.5443074765542
613.0   1070.7185727157882
614.0   1035.1926936853058
615.0   1053.5417839718084
616.0   1079.4398869302659
617.0   1110.5265216585412
618.0   1086.3978924905502
619.0   1113.2502305379446
620.0   1119.8385038471242
621.0   1179.1171790477401
622.0   1181.0331149459726
623.0   1241.3611977276069
624.0   1262.1705514630762
625.0   1300.3996151639683
626.0   1357.8121857852466
627.0   1394.5687646121332
628.0   1439.6896245974551
629.0   1482.3644048347173
630.0   1518.015375797291
631.0   1559.098857108556
632.0   1596.348512425357
633.0   1629.9242740774002
634.0   1660.5328430243007
635.0   1706.4381533912265
636.0   1734.379408231707
637.0   1750.7764779664224
638.0   1749.6614188029134
639.0   1810.6830007955548
640.0   1809.8927986065282
641.0   1821.833174375621
642.0   1827.5369936775894
643.0   1807.463900034614
644.0   1813.6720471042245
645.0   1794.7247643385679
646.0   1805.9211825311543
647.0   1780.018249515966
648.0   1769.5227782457018
649.0   1747.1805823184693
650.0   1731.5171102661911
651.0   1726.7633539605492
652.0   1708.2963352344937
653.0   1674.563307861312
654.0   1674.4722874765541
655.0   1652.423253724479
656.0   1650.8102830719213
657.0   1654.5543521284521
658.0   1622.8126881613869
659.0   1636.112267936996
660.0   1630.8375123944677
661.0   1622.991896589421
662.0   1630.9161531168272
663.0   1625.328313610424
664.0   1654.8626421414242
665.0   1702.6722456879256
666.0   1656.8464147511409
667.0   1671.5534572099336
668.0   1652.5388674505818
669.0   1679.1792409691257
670.0   1744.374555463617
671.0   1780.5630639223639
672.0   1801.64823096482
673.0   1790.072936439419
674.0   1797.67271770738
675.0   1856.0993567130013
676.0   1859.7059811790482
677.0   1906.9760529063708
678.0   1945.589568199232
679.0   1976.0490184483033
680.0   2026.7955495932765
681.0   2063.6312335315797
682.0   2105.3295652218126
683.0   2147.663638340836
684.0   2189.6330622453374
685.0   2244.6992379800813
686.0   2276.266050271969
687.0   2321.2277056518205
688.0   2341.7225330215515
689.0   2409.8652389575423
690.0   2451.0492324038332
691.0   2468.6377492361144
692.0   2562.839261565542
693.0   2602.2040629548933
694.0   2580.6481688041463
695.0   2636.684837869537
696.0   2626.6117879056055
697.0   2596.202373982961
698.0   2705.7985656412725
699.0   2724.1764481358628
700.0   2695.2506614599934
701.0   2638.13732606903
702.0   2699.116653403274
703.0   2663.2048821243734
704.0   2679.8170654679975
705.0   2690.308615870285
706.0   2668.675047488248
707.0   2657.1836014896567
708.0   2627.3148152345716
709.0   2611.1584663601247
710.0   2567.72837264993
711.0   2532.478829146882
712.0   2512.4228522567637
713.0   2477.78263260724
714.0   2463.0114746803856
715.0   2414.790447342324
716.0   2417.9366360098884
717.0   2425.414598456765
718.0   2352.505271294262
719.0   2376.03832983398
720.0   2308.5387563693125
721.0   2303.7687498848304
722.0   2310.9478688652407
723.0   2284.835851751776
724.0   2290.4538567727795
725.0   2234.3331252411645
726.0   2224.743726669832
727.0   2228.2063685307485
728.0   2190.922289593884
729.0   2218.5905619490827
730.0   2106.7112436552857
731.0   2136.1918684582038
732.0   2203.708626548061
733.0   2186.3224649844606
734.0   2173.020056909292
735.0   2141.949114565382
736.0   2061.6332427540488
737.0   2074.2184731980633
738.0   2113.506404258148
739.0   2071.026623166279
740.0   2153.7327416814874
741.0   2095.0781795142666
742.0   2130.466240826188
743.0   2079.5816438835354
744.0   2070.568970702947
745.0   2036.897124399027
746.0   2033.6469782379995
747.0   2061.936692215228
748.0   2044.1981008090368
749.0   2046.5885564678365
750.0   2069.486921777005
751.0   2081.2860535504674
752.0   2113.003787826966
753.0   2171.058487989454
754.0   2235.109710341386
755.0   2307.0304534853008
756.0   2389.7299162670747
757.0   2452.870156278906
758.0   2577.6107284671416
759.0   2611.270373492365
760.0   2707.0452217306456
761.0   2805.8416936647195
762.0   2897.7375901867294
763.0   2996.7181028818386
764.0   3055.4337784130457
765.0   3125.5441607320663
766.0   3175.2678449489235
767.0   3182.2473492946638
768.0   3311.3342164367245
769.0   3266.0458663644768
770.0   3311.2562467859084
771.0   3310.712074958891
772.0   3311.7957849591494
773.0   3230.1121308858064
774.0   3264.900453609368
775.0   3191.013443143561
776.0   3186.1751081653438
777.0   3179.9777613155097
778.0   3165.309250736649
779.0   3056.9162667732116
780.0   3038.8167266606724
781.0   2966.9492028366394
782.0   2915.8459476417934
783.0   2850.1686310438754
784.0   2779.0997188012084
785.0   2703.602292460368
786.0   2655.953622723715
787.0   2582.963650711683
788.0   2522.726158290541
789.0   2474.1956146744656
790.0   2412.108156377006
791.0   2323.750573758306
792.0   2286.8131009357617
793.0   2218.735237752195
794.0   2136.3578085061963
795.0   2090.0946786561453
796.0   2041.9134285205423
797.0   2046.7761063153253
798.0   1926.2185064712266
799.0   1831.118608257808
800.0   1803.5706230208098
