600.0   1265.2040095423265
601.0   1255.1323483234294
602.0   1211.179742390902
603.0   1250.9735713605062
604.0   1190.4682188601714
605.0   1189.4382133902182
606.0   1222.2224217171067
607.0   1204.9798411499899
608.0   1200.540893871748
609.0   1129.9357053816611
610.0   1151.8324459504086
611.0   1132.4554470381274
612.0   1169.706300656496
613.0   1120.8712548701249
614.0   1089.0878652068545
615.0   1102.8341084582705
616.0   1133.218152470415
617.0   1165.8254931445629
618.0   1144.9400092221701
619.0   1172.529686062848
620.0   1176.7166213883684
621.0   1249.9715622869358
622.0   1232.1248488488436
623.0   1295.9714593651145
624.0   1329.802760166418
625.0   1370.0027592235394
626.0   1423.8260654095493
627.0   1462.4999087990184
628.0   1505.036100553027
629.0   1558.4347841379717
630.0   1595.4607052630881
631.0   1642.0727799837903
632.0   1680.8342774026487
633.0   1714.3770036778892
634.0   1744.3649966809728
635.0   1783.4373598074485
636.0   1820.5614424573523
637.0   1841.761373274129
638.0   1834.7817111728689
639.0   1895.8093394401265
640.0   1898.0348821728303
641.0   1913.8395994021819
642.0   1909.3174912978368
643.0   1895.4611146681975
644.0   1889.9743862523214
645.0   1885.4068041007624
646.0   1896.0551259101962
647.0   1876.0015903710369
648.0   1855.7400630844147
649.0   1835.5847407989818
650.0   1816.802907819012
651.0   1811.7233479298504
652.0   1788.9283426499571
653.0   1762.7918778306425
654.0   1764.8251374710835
655.0   1741.692309560813
656.0   1736.8301352887825
657.0   1737.641723490624
658.0   1714.0298012398557
659.0   1726.4548508606404
660.0   1713.7177324736172
661.0   1704.0060856558512
662.0   1714.0537880542279
663.0   1720.6531961827584
664.0   1746.162720990802
665.0   1798.44715569378
666.0   1750.2656932430398
667.0   1756.3054053624392
668.0   1743.2426181080064
669.0   1767.8484667719808
670.0   1832.531718588491
671.0   1865.6721393327334
672.0   1898.609607528485
673.0   1877.0870841850467
674.0   1886.5901752228983
675.0   1948.5225123631446
676.0   1953.927009363918
677.0   2012.076294831141
678.0   2045.6035430738452
679.0   2078.9975610636798
680.0   2137.9825886460985
681.0   2176.5654976960227
682.0   2223.9813526305734
683.0   2261.032134779133
684.0   2303.8253170059115
685.0   2366.488047703082
686.0   2411.7625118109
687.0   2442.668224490032
688.0   2468.3069082811107
689.0   2541.955524205172
690.0   2580.669990775738
691.0   2594.731743017379
692.0   2691.474321965378
693.0   2740.408103777639
694.0   2722.7571326302373
695.0   2779.735792200901
696.0   2768.8267023867184
697.0   2737.74646296013
698.0   2858.432172838026
699.0   2867.814879480577
700.0   2841.0518946789452
701.0   2782.651577381479
702.0   2845.2889296524154
703.0   2811.314223580337
704.0   2826.1414623599007
705.0   2836.7440294090075
706.0   2817.5010362650924
707.0   2812.5917731212016
708.0   2771.805147865041
709.0   2756.448817137255
710.0   2708.006908007371
711.0   2675.2982999711667
712.0   2647.9326069233443
713.0   2609.6579379511318
714.0   2579.3923950358626
715.0   2556.2301870573156
716.0   2538.6161842735746
717.0   2557.095862448762
718.0   2472.8806461901077
719.0   2506.9634136367017
720.0   2441.29745870995
721.0   2428.7788273188958
722.0   2445.2494714341137
723.0   2413.655713123224
724.0   2424.4339019394924
725.0   2358.625824119217
726.0   2332.2784633313145
727.0   2345.001024292414
728.0   2316.434921534032
729.0   2344.2260718578364
730.0   2227.620723054842
731.0   2259.3885701192207
732.0   2327.8643341871993
733.0   2316.9563829133776
734.0   2292.4825023507983
735.0   2266.2272662388127
736.0   2169.6205756236404
737.0   2194.900351648789
738.0   2230.460793328128
739.0   2185.6713437556687
740.0   2276.053919784525
741.0   2210.3316225294698
742.0   2260.0412371599164
743.0   2185.6449465105493
744.0   2194.687619230161
745.0   2157.85888220854
746.0   2142.7890889730456
747.0   2171.1010008524454
748.0   2164.2769311237544
749.0   2160.049009340487
750.0   2188.803302174985
751.0   2200.0672175741256
752.0   2233.0302876411865
753.0   2292.675386450661
754.0   2353.364494865871
755.0   2445.905752167962
756.0   2521.6329092639075
757.0   2595.5945548119967
758.0   2720.78565367678
759.0   2747.9922443543155
760.0   2852.8543099416584
761.0   2958.254578209476
762.0   3047.0434257059
763.0   3160.97435923922
764.0   3214.3920147708163
765.0   3293.1389038965394
766.0   3355.177885586233
767.0   3360.9814409756564
768.0   3493.316070227736
769.0   3450.8192662846786
770.0   3502.608039309256
771.0   3482.0083541158683
772.0   3489.38563129887
773.0   3399.5155279570654
774.0   3433.5440349619876
775.0   3372.9112493566504
776.0   3350.8656305348745
777.0   3362.7021655604426
778.0   3335.6485044915776
779.0   3230.4776895799014
780.0   3202.9104220501295
781.0   3133.5039220107997
782.0   3071.511267786847
783.0   3009.4182148806385
784.0   2930.805354093286
785.0   2858.236424797475
786.0   2801.196647007947
787.0   2733.8175886207396
788.0   2662.8077242946224
789.0   2607.560012190548
790.0   2554.63478495732
791.0   2454.260952108975
792.0   2430.2315648329663
793.0   2339.5923694816834
794.0   2258.9493878085523
795.0   2194.129723713128
796.0   2155.0130754474158
797.0   2167.9228573594805
798.0   2040.5164655122016
799.0   1939.8794995763674
800.0   1910.3178965484426
