600.0   1373.1467532472766
601.0   1361.964802024616
602.0   1311.1601594256706
603.0   1358.1362041497712
604.0   1302.3356143637466
605.0   1295.715691004529
606.0   1326.6369214247013
607.0   1306.7088888791932
608.0   1301.629932058716
609.0   1233.6083529606078
610.0   1250.0681856344002
611.0   1229.753057995719
612.0   1267.7490415685347
613.0   1216.092262973367
614.0   1180.5560427040396
615.0   1204.4394998169903
616.0   1235.3820768876665
617.0   1264.572847216635
618.0   1230.6190883737854
619.0   1271.9423106386428
620.0   1278.9312307657094
621.0   1347.039804770448
622.0   1342.0454984359624
623.0   1409.7507150944236
624.0   1441.5627537412338
625.0   1479.6261485636423
626.0   1541.263118761323
627.0   1592.2961710225968
628.0   1635.9764762288453
629.0   1697.6809722210564
630.0   1731.57413156446
631.0   1777.7500640326634
632.0   1825.1745518257385
633.0   1853.7138670383802
634.0   1888.6691347878411
635.0   1929.0458406898092
636.0   1965.2491205662536
637.0   1998.4543603394593
638.0   1986.1012777393921
639.0   2048.9074758947527
640.0   2047.1981768736136
641.0   2075.495841607527
642.0   2076.849365887254
643.0   2055.664575916777
644.0   2051.1555786181166
645.0   2037.75245078362
646.0   2062.2301948508334
647.0   2030.6504101839537
648.0   2005.6259183205939
649.0   1984.0191421513202
650.0   1968.2399209311066
651.0   1961.8349607933098
652.0   1941.2545624290476
653.0   1917.2013957283555
654.0   1911.207287295696
655.0   1881.7367590293327
656.0   1884.3264163350518
657.0   1883.5909729837035
658.0   1848.7827927841568
659.0   1865.3423674395851
660.0   1865.6974951522266
661.0   1845.6009033408382
662.0   1858.496983609884
663.0   1860.775552285508
664.0   1889.244546959373
665.0   1944.1775508995338
666.0   1894.1463555881644
667.0   1904.1704287394969
668.0   1888.529228255836
669.0   1913.5992133539412
670.0   1992.7252384546737
671.0   2027.2398897499866
672.0   2055.9677798734656
673.0   2039.997509670018
674.0   2046.8553534197313
675.0   2120.8630604032955
676.0   2114.0225806922144
677.0   2172.640943852819
678.0   2206.5459431836766
679.0   2257.1552449740416
680.0   2315.5282293794244
681.0   2354.3708370299114
682.0   2408.6589689428433
683.0   2451.311056755508
684.0   2497.2343171822818
685.0   2563.5279093523604
686.0   2603.062252218465
687.0   2645.3483626223288
688.0   2664.738637287694
689.0   2742.620166346062
690.0   2794.9868773827625
691.0   2812.039849150384
692.0   2901.7079959698285
693.0   2963.636809134146
694.0   2950.272785407751
695.0   3012.0813466314717
696.0   2985.614340931924
697.0   2960.6088900151726
698.0   3084.358797738605
699.0   3094.94906703382
700.0   3081.489947735228
701.0   3011.5593712879295
702.0   3066.029116486775
703.0   3041.1666776054153
704.0   3057.452490485434
705.0   3070.7929747153453
706.0   3036.291410804812
707.0   3034.358705241992
708.0   2997.74191680194
709.0   2971.1296095612447
710.0   2928.634269925452
711.0   2896.8895354324186
712.0   2855.1138532264135
713.0   2835.0185891742044
714.0   2807.24901241155
715.0   2765.99490971943
716.0   2749.564316260515
717.0   2767.1753585856595
718.0   2684.7478251413536
719.0   2719.1038760270185
720.0   2639.135984369166
721.0   2626.0328457552537
722.0   2637.6584051707914
723.0   2612.9202858554654
724.0   2625.4042082281258
725.0   2550.8522720231676
726.0   2531.541465791672
727.0   2542.9132358963548
728.0   2500.37417200595
729.0   2531.8240450781213
730.0   2402.6233417822746
731.0   2444.470490392314
732.0   2522.314549227467
733.0   2501.002714929952
734.0   2480.3349676822922
735.0   2454.3830675461018
736.0   2367.3150849684744
737.0   2368.672798919829
738.0   2422.425841714132
739.0   2363.166442566701
740.0   2465.1111818302743
741.0   2393.334659605027
742.0   2445.4771617739652
743.0   2382.822697856277
744.0   2377.08384647475
745.0   2326.9389751917533
746.0   2331.1243228065564
747.0   2355.6488627462427
748.0   2345.742189348276
749.0   2339.26424801672
750.0   2371.5998767650635
751.0   2377.2632701485873
752.0   2415.6292029090064
753.0   2481.3226155950133
754.0   2547.2378523035604
755.0   2639.5612088223343
756.0   2732.332802518779
757.0   2802.4795671929533
758.0   2934.2571569826746
759.0   2971.873995366821
760.0   3070.9603902259855
761.0   3194.254194843824
762.0   3280.406130243661
763.0   3404.3666902887308
764.0   3471.720284636523
765.0   3546.7857336162097
766.0   3614.186493642436
767.0   3621.4761141689664
768.0   3771.5443459033077
769.0   3702.5128735921303
770.0   3760.652515755433
771.0   3756.8770320013996
772.0   3757.2715224397734
773.0   3660.734874749135
774.0   3703.318589434718
775.0   3626.065196607968
776.0   3613.2640923657436
777.0   3621.3026825362754
778.0   3592.4804042976916
779.0   3480.4589589181764
780.0   3455.0660860397315
781.0   3374.619852056138
782.0   3318.0273596460015
783.0   3235.9008070261084
784.0   3157.126593841312
785.0   3089.9993456014686
786.0   3022.932621261409
787.0   2944.1567022900263
788.0   2882.1894653092636
789.0   2823.2409888135517
790.0   2758.9804300548435
791.0   2650.7601479150403
792.0   2608.113148579464
793.0   2524.923167661977
794.0   2442.036295208366
795.0   2384.737250900765
796.0   2331.425809112147
797.0   2339.759083846679
798.0   2206.5649810446184
799.0   2097.804124640617
800.0   2062.1998097920355
