600.0   1442.7341938898542
601.0   1433.9626733104835
602.0   1384.783528258689
603.0   1435.4318076771763
604.0   1366.7803983676533
605.0   1368.6369789547005
606.0   1392.8371872376933
607.0   1380.5038593111808
608.0   1363.5884210043992
609.0   1297.0850858215135
610.0   1318.2855246835154
611.0   1297.4993124245084
612.0   1342.9689712592326
613.0   1279.2105917072613
614.0   1245.5774548712245
615.0   1265.3453318046993
616.0   1299.4164882761675
617.0   1335.401162964202
618.0   1306.1195289901223
619.0   1338.6047795967222
620.0   1345.678601913692
621.0   1421.1625280537794
622.0   1421.3904947615604
623.0   1490.271113684893
624.0   1518.9771305113281
625.0   1564.3031534228512
626.0   1633.4630939687609
627.0   1677.499313832561
628.0   1726.1038282528114
629.0   1786.2201438897023
630.0   1813.1999127225718
631.0   1880.1969370072177
632.0   1923.383454469451
633.0   1959.6249049251828
634.0   1996.1519643805002
635.0   2042.81213284771
636.0   2082.6691265010445
637.0   2108.427843514739
638.0   2096.556803220864
639.0   2169.1577534606813
640.0   2171.9758278589566
641.0   2176.6608945671924
642.0   2176.986442110386
643.0   2165.127856722932
644.0   2157.865820680697
645.0   2158.0227775116646
646.0   2175.164716201724
647.0   2136.398382474738
648.0   2120.967540701716
649.0   2093.4123057552633
650.0   2075.057994002746
651.0   2067.798647654297
652.0   2051.7890852769415
653.0   2024.8647166877379
654.0   2019.2464356399491
655.0   1992.7493493032846
656.0   1986.5299442946525
657.0   1988.1382932382298
658.0   1952.789747039049
659.0   1973.323583681629
660.0   1967.598218584617
661.0   1946.4245537111303
662.0   1962.9596299189193
663.0   1957.337578047903
664.0   1994.916623252294
665.0   2048.257590417932
666.0   1999.0628437091789
667.0   2008.7900986589189
668.0   1993.4855471334097
669.0   2024.5765468957193
670.0   2102.6101849361517
671.0   2139.717553288322
672.0   2171.016334873031
673.0   2152.4516623045265
674.0   2167.5021036248054
675.0   2238.5580650514753
676.0   2234.801219745532
677.0   2301.7147986210493
678.0   2340.8705524260877
679.0   2383.289455074822
680.0   2447.318779221841
681.0   2486.729695819154
682.0   2540.4196005890353
683.0   2587.8187756020525
684.0   2636.5441955351225
685.0   2695.048441932714
686.0   2748.320905739789
687.0   2796.0419737937036
688.0   2816.9155979066113
689.0   2890.3114167842664
690.0   2956.2260862866733
691.0   2965.9705189070473
692.0   3062.8639603170927
693.0   3130.645861700746
694.0   3108.825672416332
695.0   3176.3648620291756
696.0   3157.8340040914527
697.0   3124.839591238552
698.0   3252.227138012414
699.0   3271.013032987538
700.0   3243.0709179010937
701.0   3178.529155374201
702.0   3251.7891899291017
703.0   3200.0264964636863
704.0   3223.8920031017997
705.0   3228.940589201274
706.0   3205.772113547337
707.0   3204.5420303895585
708.0   3157.0238427017994
709.0   3146.7658336489194
710.0   3088.152891792394
711.0   3045.418421931299
712.0   3005.3285484516637
713.0   2980.412431951289
714.0   2960.692702754141
715.0   2916.463354553532
716.0   2910.083335690068
717.0   2924.4668615238506
718.0   2846.962768120103
719.0   2868.9363285567756
720.0   2796.4353936482157
721.0   2771.061949145296
722.0   2789.143812591016
723.0   2759.9833582944834
724.0   2761.8243304293715
725.0   2680.404252334592
726.0   2680.9129327342584
727.0   2688.0079883685444
728.0   2648.8728381043447
729.0   2687.3385786398103
730.0   2547.3048758645364
731.0   2578.3859690448244
732.0   2662.16965097877
733.0   2640.0476928111793
734.0   2631.300207761421
735.0   2602.8795040646223
736.0   2506.779094316231
737.0   2512.7579402208958
738.0   2557.4305897646896
739.0   2502.5435293844835
740.0   2604.67678826136
741.0   2533.0259269580047
742.0   2578.6977113224175
743.0   2510.084165949412
744.0   2511.6829109123883
745.0   2453.3504482082503
746.0   2463.323091221262
747.0   2493.2736687806405
748.0   2475.1170650542813
749.0   2481.9306831707586
750.0   2502.003321206321
751.0   2508.3150007882705
752.0   2547.4748764470205
753.0   2615.211585235019
754.0   2689.863544069122
755.0   2786.492135943483
756.0   2878.8758649174356
757.0   2951.7649603605087
758.0   3099.5826224249126
759.0   3136.232650023147
760.0   3249.3237763437464
761.0   3368.850954822302
762.0   3467.617346819414
763.0   3601.431590108567
764.0   3655.8728601245425
765.0   3741.20326488022
766.0   3805.8047908232993
767.0   3808.305545789825
768.0   3906.8077961985728
769.0   3895.5535865933607
770.0   3907.195899651749
771.0   3907.4251061451287
772.0   3907.448257648275
773.0   3860.1362422617412
774.0   3888.0589794405214
775.0   3810.8946287078493
776.0   3822.0267551372385
777.0   3820.7791352422446
778.0   3792.340897936422
779.0   3661.4316641109813
780.0   3637.0894019175475
781.0   3559.119700848175
782.0   3496.381120392388
783.0   3423.841796974333
784.0   3333.7627017403097
785.0   3265.9025142425935
786.0   3181.1599494241386
787.0   3107.033021913939
788.0   3042.4679347152796
789.0   2981.8967042397094
790.0   2916.7673464840127
791.0   2807.8536557680036
792.0   2765.0634560727904
793.0   2674.435471538189
794.0   2576.7959088529788
795.0   2519.2864796352765
796.0   2456.0916833738065
797.0   2475.7183561326483
798.0   2331.809819621757
799.0   2212.1614274701574
800.0   2181.6704314083318
