600.0   1555.1383805268854
601.0   1544.9841860187623
602.0   1492.2768719303656
603.0   1535.937831030038
604.0   1469.1713582911468
605.0   1468.2615891633586
606.0   1501.052859029136
607.0   1478.8988757651068
608.0   1470.388098144391
609.0   1395.885845649397
610.0   1418.4300957184525
611.0   1400.728087119671
612.0   1437.565520070253
613.0   1379.5457036971839
614.0   1344.4158776474824
615.0   1357.049899422747
616.0   1395.5890323918857
617.0   1441.1225198890324
618.0   1403.7220929461816
619.0   1444.0045974131979
620.0   1442.1612719717134
621.0   1531.7912632037885
622.0   1534.3462985420213
623.0   1603.1630712427047
624.0   1643.6336409198461
625.0   1677.7431543094308
626.0   1754.406375776777
627.0   1814.0681127463913
628.0   1848.8455636782905
629.0   1917.4744208210896
630.0   1960.5911755721713
631.0   2020.3861157800977
632.0   2065.7265624884817
633.0   2100.6455620238175
634.0   2145.2568691320294
635.0   2191.3193344132346
636.0   2231.9863571284027
637.0   2264.3619824826037
638.0   2242.608277835526
639.0   2323.9859751048107
640.0   2329.8906197823976
641.0   2347.3592902975297
642.0   2341.0884418271585
643.0   2326.070134122974
644.0   2321.2779725339756
645.0   2321.1629111139887
646.0   2336.70083263203
647.0   2295.6417143913573
648.0   2271.3294213601753
649.0   2253.465179797743
650.0   2240.4698654152908
651.0   2223.571812525704
652.0   2198.7093335752133
653.0   2170.923017320215
654.0   2163.59872623539
655.0   2136.957138191955
656.0   2133.5449505507604
657.0   2138.89565889196
658.0   2104.932672063977
659.0   2113.3978677516984
660.0   2110.857670682496
661.0   2100.233067235394
662.0   2110.7224994135477
663.0   2108.7352442194124
664.0   2144.8017045447436
665.0   2207.962661491251
666.0   2150.3322293254687
667.0   2163.625735580667
668.0   2140.553234669503
669.0   2172.702107401027
670.0   2259.5082047162314
671.0   2299.0795107643835
672.0   2333.7602167398763
673.0   2318.83500573992
674.0   2331.0399768484726
675.0   2400.8473813808405
676.0   2397.2490957131513
677.0   2469.194206720131
678.0   2509.6393003816293
679.0   2554.532340574021
680.0   2635.6887540210773
681.0   2670.6005264094883
682.0   2724.816188172401
683.0   2783.0658517235283
684.0   2832.5217117202556
685.0   2904.1793751104137
686.0   2948.423657134799
687.0   2996.2150292212846
688.0   3024.0167360373803
689.0   3111.256608752954
690.0   3167.188280066139
691.0   3182.352861550363
692.0   3288.70823297757
693.0   3352.660799748886
694.0   3337.585174107842
695.0   3405.153994448295
696.0   3392.9430277192428
697.0   3347.065281639104
698.0   3493.162158725375
699.0   3503.313834866874
700.0   3467.632338859294
701.0   3406.2670445033873
702.0   3486.2628445260775
703.0   3428.2995654896868
704.0   3453.7842170210556
705.0   3461.28133580944
706.0   3431.310034804576
707.0   3422.6556251390884
708.0   3384.583016013206
709.0   3365.7630649771454
710.0   3317.594106895988
711.0   3272.447350593652
712.0   3238.3571388376413
713.0   3212.8714662846073
714.0   3168.139704884211
715.0   3132.686191950603
716.0   3120.669216085208
717.0   3137.97211257451
718.0   3043.782273251057
719.0   3078.152250902052
720.0   2992.199207568647
721.0   2981.5703323103394
722.0   3002.197587101575
723.0   2967.838020886762
724.0   2981.4036233141214
725.0   2885.9224943451873
726.0   2876.3700235767333
727.0   2879.5062647345594
728.0   2830.2151289734584
729.0   2876.9922022890114
730.0   2738.3282465558373
731.0   2778.963068144478
732.0   2854.7991621508577
733.0   2833.357860811637
734.0   2816.741598039563
735.0   2787.384946119595
736.0   2685.3365422146126
737.0   2697.465491451968
738.0   2743.959940990925
739.0   2689.3500430982604
740.0   2797.6189233225186
741.0   2719.800091807035
742.0   2770.677128612721
743.0   2688.955556227354
744.0   2698.5913803949234
745.0   2644.241942588855
746.0   2643.1477354110457
747.0   2674.541174431149
748.0   2653.950175841701
749.0   2665.687305464292
750.0   2689.0407206558675
751.0   2698.8401103921433
752.0   2741.168720127374
753.0   2799.3896540889446
754.0   2880.2722783856343
755.0   2981.037334317521
756.0   3087.2223556310005
757.0   3169.534206269418
758.0   3326.6785646354238
759.0   3361.5905591988276
760.0   3479.272102821913
761.0   3591.6355968635553
762.0   3708.7415340225825
763.0   3840.4443541281557
764.0   3898.153463387058
765.0   3908.298054586022
766.0   3906.3833755650576
767.0   3906.819909172548
768.0   3907.0905585294013
769.0   3908.7043484245314
770.0   3907.0582190845853
771.0   3907.4058617113524
772.0   3908.214416992737
773.0   3908.734656005733
774.0   3906.3532077693408
775.0   3905.473700947607
776.0   3907.8437904971793
777.0   3905.8908877403637
778.0   3907.9461106125523
779.0   3905.809798488233
780.0   3890.157658458821
781.0   3805.2086624614894
782.0   3732.2003899636034
783.0   3663.996422783357
784.0   3568.3527618319235
785.0   3487.7111267159976
786.0   3412.775165790987
787.0   3325.0443483483573
788.0   3244.600824746497
789.0   3183.4479950197915
790.0   3111.972794495462
791.0   3000.1085434888305
792.0   2945.1627955223616
793.0   2858.7402607772965
794.0   2762.631141480651
795.0   2692.2095193576115
796.0   2634.7284902691435
797.0   2659.2212214275373
798.0   2489.8790914705482
799.0   2379.3204848930054
800.0   2345.4821871667523
