600.0   1641.7279381667706
601.0   1628.7835643207354
602.0   1565.3915993289386
603.0   1620.4137288659508
604.0   1550.8385005013909
605.0   1540.3074266084948
606.0   1578.7628981134008
607.0   1560.0030442715372
608.0   1553.492634038996
609.0   1465.1826133694378
610.0   1494.3226127507978
611.0   1473.130640370061
612.0   1517.3818260824166
613.0   1453.5031162551923
614.0   1416.1940350815844
615.0   1440.0833487466602
616.0   1473.7762116640367
617.0   1512.57784928344
618.0   1479.9518553998523
619.0   1523.5263780057883
620.0   1524.0407557912629
621.0   1615.8413701119614
622.0   1608.6860188792743
623.0   1685.514523829772
624.0   1721.260837871103
625.0   1764.712063591973
626.0   1844.5084033385635
627.0   1903.8835884146124
628.0   1961.4181339425966
629.0   2021.978794199636
630.0   2058.041950623597
631.0   2123.7759882095975
632.0   2174.270408980656
633.0   2217.1086718167226
634.0   2266.307794248065
635.0   2310.690029009719
636.0   2356.0811289485623
637.0   2381.1674767292134
638.0   2360.6388793398146
639.0   2441.7080538823357
640.0   2449.892504580562
641.0   2469.4807179557374
642.0   2470.9707052208223
643.0   2450.8110662137497
644.0   2435.5980991048277
645.0   2435.837452495033
646.0   2448.5674906642926
647.0   2412.405124126446
648.0   2395.2970057694138
649.0   2364.5372819900495
650.0   2354.2941772896907
651.0   2341.557872350534
652.0   2314.9226709060845
653.0   2288.6895636522363
654.0   2283.003536413243
655.0   2248.0072052824107
656.0   2253.407556562879
657.0   2254.9615975043544
658.0   2210.339380070063
659.0   2227.945079404242
660.0   2228.4058518307884
661.0   2207.006431671381
662.0   2223.7048911239517
663.0   2219.1673984023764
664.0   2255.542684368415
665.0   2324.231584708277
666.0   2270.618287408778
667.0   2271.425900285935
668.0   2263.7732633559203
669.0   2292.519166334991
670.0   2377.699877690543
671.0   2421.7802287662603
672.0   2458.6838014286127
673.0   2437.374688836583
674.0   2447.9036440484356
675.0   2524.0804582355686
676.0   2527.705281684871
677.0   2599.294064697281
678.0   2642.1667603504134
679.0   2695.7204175798825
680.0   2767.3596575750494
681.0   2814.319367125257
682.0   2868.4123051624324
683.0   2931.990396344495
684.0   2981.051141942284
685.0   3047.121231689434
686.0   3098.0847978510674
687.0   3151.7411050242154
688.0   3180.1212426547754
689.0   3267.313897390495
690.0   3332.1796621275275
691.0   3355.6010136731757
692.0   3465.7226211531724
693.0   3525.5262659145137
694.0   3504.1377080994957
695.0   3576.2344549402774
696.0   3562.906819322327
697.0   3525.836049639389
698.0   3671.6325391516466
699.0   3684.3208435122365
700.0   3657.064016493593
701.0   3589.1961262477635
702.0   3667.39732691317
703.0   3619.6899162147365
704.0   3630.4997951293562
705.0   3636.892130105508
706.0   3622.2656997739145
707.0   3614.0388530455307
708.0   3562.0881744969943
709.0   3539.0615989684397
710.0   3479.1548524512827
711.0   3442.9315387736146
712.0   3410.0381342384385
713.0   3371.4109506487976
714.0   3340.803881914482
715.0   3291.105971872452
716.0   3288.100637783479
717.0   3313.1985843353696
718.0   3211.5967131295597
719.0   3235.485248144248
720.0   3155.886114090207
721.0   3142.1624679431757
722.0   3152.875592664687
723.0   3121.2183385864264
724.0   3137.423724309773
725.0   3044.259443185842
726.0   3032.3506686193446
727.0   3033.3324006912026
728.0   2997.2620448434923
729.0   3032.5817589336802
730.0   2878.714763889722
731.0   2920.625503432379
732.0   3006.7539408095613
733.0   2986.1326196887894
734.0   2975.1723567992185
735.0   2940.9647320821555
736.0   2819.838522814482
737.0   2838.6615081847167
738.0   2890.565635428943
739.0   2837.672722965517
740.0   2953.3141347987153
741.0   2872.960985221132
742.0   2916.065199946239
743.0   2841.4679018685074
744.0   2843.719229762934
745.0   2784.0485028568146
746.0   2783.907191723433
747.0   2816.1963296860276
748.0   2794.724966234368
749.0   2800.325631284928
750.0   2825.4184060276934
751.0   2838.1821404494767
752.0   2890.0215990686297
753.0   2953.168529164384
754.0   3036.3214861443976
755.0   3143.320215321841
756.0   3243.981775829863
757.0   3339.1848815176136
758.0   3492.1993260418735
759.0   3534.522639243355
760.0   3645.537294718405
761.0   3777.354862276537
762.0   3887.1733381957215
763.0   3907.4164603008016
764.0   3906.580619324868
765.0   3908.2808646840635
766.0   3906.385161643595
767.0   3906.819865258266
768.0   3907.090559294777
769.0   3908.704348414524
770.0   3907.058219084664
771.0   3907.4058617113524
772.0   3908.214416992736
773.0   3908.734656005823
774.0   3906.3532077633245
775.0   3905.473701233955
776.0   3907.843784500443
777.0   3905.890227014405
778.0   3908.045339956688
779.0   3907.3453122526457
780.0   3905.992499317423
781.0   3906.5367835079114
782.0   3906.602198936959
783.0   3833.7145636141695
784.0   3747.6811774202333
785.0   3665.284514629976
786.0   3589.4993647610468
787.0   3501.431088107404
788.0   3417.1566512965614
789.0   3351.597863910617
790.0   3282.4079526972732
791.0   3162.6886965187864
792.0   3116.3042385207723
793.0   3003.9956260646127
794.0   2903.82242391535
795.0   2842.521072503247
796.0   2779.216414053479
797.0   2789.5972466794196
798.0   2619.47891255024
799.0   2512.6114455396187
800.0   2464.7995366779346
