600.0   1715.4439330192245
601.0   1702.7104309442502
602.0   1653.3957766863389
603.0   1702.5230428013285
604.0   1621.5818781081614
605.0   1620.2529260346769
606.0   1657.699561519105
607.0   1644.9934613531773
608.0   1637.1240206195607
609.0   1544.9080996909083
610.0   1570.4233831377599
611.0   1547.9193011353118
612.0   1596.7918973119356
613.0   1529.1236999656421
614.0   1486.2202618752683
615.0   1507.5016173457607
616.0   1559.2107786739348
617.0   1593.6994602133286
618.0   1561.008177576941
619.0   1596.0368614147885
620.0   1608.727860982317
621.0   1694.4281957454639
622.0   1691.482950224674
623.0   1774.9993344651668
624.0   1817.4529694428047
625.0   1866.4436424415017
626.0   1939.0545787487204
627.0   2004.8571359052517
628.0   2049.9841769224768
629.0   2126.0295006740516
630.0   2175.5304574810584
631.0   2230.9418858992963
632.0   2287.803561717688
633.0   2331.894397155906
634.0   2366.6146435721985
635.0   2416.821506946433
636.0   2478.2679478478053
637.0   2506.4703340168803
638.0   2487.6087009679686
639.0   2567.7497540844665
640.0   2570.2154671833528
641.0   2592.895393658069
642.0   2591.881439777165
643.0   2579.188086867568
644.0   2565.7259325350833
645.0   2570.8867278175235
646.0   2572.1883632683507
647.0   2543.411190340741
648.0   2516.5924912566206
649.0   2495.3336950784014
650.0   2471.7288440541806
651.0   2466.34840095921
652.0   2431.4852730438215
653.0   2412.8255656496617
654.0   2399.453472019357
655.0   2368.3000508140467
656.0   2365.2356136684643
657.0   2367.2722816878677
658.0   2330.0438880791053
659.0   2339.9498909105982
660.0   2347.343363897121
661.0   2318.4227520723803
662.0   2335.140810864434
663.0   2331.8991493742274
664.0   2376.1438525300864
665.0   2444.582656085163
666.0   2385.993696637605
667.0   2398.0324433951573
668.0   2375.512420801271
669.0   2407.998197204656
670.0   2502.64707081603
671.0   2549.243138884433
672.0   2578.9225559697666
673.0   2563.3133970396557
674.0   2580.407636935638
675.0   2663.639314968915
676.0   2668.1301812237352
677.0   2738.2380209498133
678.0   2780.0120746954362
679.0   2823.6902388868307
680.0   2912.2197035071836
681.0   2955.6828433985656
682.0   3023.96163332264
683.0   3082.0101325400374
684.0   3138.7303830237297
685.0   3202.9756341973134
686.0   3254.8830267517487
687.0   3313.899510905959
688.0   3347.521202243401
689.0   3442.9052169780216
690.0   3494.407398227286
691.0   3523.353891271797
692.0   3646.8046110836576
693.0   3713.7204760590716
694.0   3691.356101240481
695.0   3760.8464304074932
696.0   3744.466880741166
697.0   3707.0969564909265
698.0   3849.631112936889
699.0   3862.6086312553307
700.0   3833.995225454414
701.0   3757.431903084659
702.0   3834.5339016908565
703.0   3785.137292401747
704.0   3807.31478265254
705.0   3820.901779453036
706.0   3801.176827835456
707.0   3788.894943709493
708.0   3744.9113342801074
709.0   3713.640133188596
710.0   3657.021504206721
711.0   3614.554504023539
712.0   3575.452854594885
713.0   3548.5051073548966
714.0   3510.97582323614
715.0   3462.055072608206
716.0   3454.907673190188
717.0   3468.421372286183
718.0   3369.5296072698743
719.0   3401.8384772279646
720.0   3302.9182015676256
721.0   3289.847290409688
722.0   3314.166636886918
723.0   3281.628236760229
724.0   3294.0886403424815
725.0   3193.686093305631
726.0   3191.3108995058737
727.0   3194.615409929835
728.0   3146.304156178236
729.0   3195.3471503001056
730.0   3033.520825558788
731.0   3078.5263168859387
732.0   3165.9470594344343
733.0   3152.710960521408
734.0   3119.694734532756
735.0   3091.8957276850256
736.0   2970.973527062537
737.0   2990.106109785272
738.0   3039.200485575251
739.0   2973.1403919186787
740.0   3098.8019865486
741.0   3008.882114441349
742.0   3076.1543976124017
743.0   2978.6449301299203
744.0   2989.2146959111924
745.0   2930.7314318137383
746.0   2937.383848964504
747.0   2962.3872355247245
748.0   2937.1843067156415
749.0   2939.749500405094
750.0   2966.719562789789
751.0   2989.8670411604216
752.0   3036.3574799977932
753.0   3106.5536636771403
754.0   3177.7563437086883
755.0   3297.0797929997334
756.0   3405.049697669571
757.0   3498.659569864587
758.0   3666.238430961829
759.0   3703.7812017171373
760.0   3825.256659062463
761.0   3906.807992268152
762.0   3907.5516660327667
763.0   3907.3986431004064
764.0   3906.5807660047412
765.0   3908.2808651091977
766.0   3906.3851615994226
767.0   3906.8198652593524
768.0   3907.090559294758
769.0   3908.7043484145247
770.0   3907.058219084664
771.0   3907.4058617113524
772.0   3908.214416992736
773.0   3908.734656005823
774.0   3906.3532077633245
775.0   3905.473701233955
776.0   3907.8437845004514
777.0   3905.890227015308
778.0   3908.045339821063
779.0   3907.3453230191844
780.0   3905.9918989211315
781.0   3906.556381947665
782.0   3907.3346188259175
783.0   3908.7151630520716
784.0   3904.9301678257466
785.0   3839.820098364141
786.0   3770.306788926444
787.0   3663.815185372801
788.0   3583.252683694405
789.0   3517.9858698800845
790.0   3435.348286467633
791.0   3320.082993552802
792.0   3270.6061518272413
793.0   3168.2131316941914
794.0   3052.0115361288636
795.0   2993.5588330665473
796.0   2921.806418143795
797.0   2938.51113705732
798.0   2756.2978721122176
799.0   2626.7534417544275
800.0   2588.9060497488454
