600.0   1809.9848767892968
601.0   1786.4351859108972
602.0   1738.7628623177332
603.0   1793.266042019242
604.0   1713.5181255898824
605.0   1712.3290849304815
606.0   1748.0835589215837
607.0   1731.3423323484378
608.0   1711.7680683586045
609.0   1618.5049881985206
610.0   1650.8442999564934
611.0   1626.4225429570242
612.0   1670.8222577938036
613.0   1602.7169790190487
614.0   1563.6171625426546
615.0   1586.9723425003458
616.0   1634.0175871236543
617.0   1677.5549475524683
618.0   1638.4262974910673
619.0   1679.2399084562728
620.0   1688.7690746851367
621.0   1789.6391433174354
622.0   1786.943658507713
623.0   1860.6809246270957
624.0   1907.4256809633553
625.0   1952.9501579074135
626.0   2049.036545511545
627.0   2108.310184872934
628.0   2160.931360963042
629.0   2237.4225882119385
630.0   2283.596485759065
631.0   2340.393938083233
632.0   2405.5170159695967
633.0   2448.34691776044
634.0   2496.937151737279
635.0   2555.8541466995453
636.0   2603.379579547039
637.0   2627.294324062449
638.0   2616.8031314969608
639.0   2709.024917018229
640.0   2716.2612225014336
641.0   2726.786072168781
642.0   2727.389102184408
643.0   2708.7830789014406
644.0   2696.0684692377367
645.0   2696.008610590433
646.0   2712.8339167248987
647.0   2675.8721314295167
648.0   2650.052315675093
649.0   2615.4189192138374
650.0   2601.415540039715
651.0   2583.826512063387
652.0   2558.4169783447633
653.0   2527.551617146142
654.0   2527.1760426806313
655.0   2492.569374832593
656.0   2487.1727045126777
657.0   2491.7832969068413
658.0   2450.5310990234616
659.0   2468.1185531906303
660.0   2471.830485429735
661.0   2443.1342941705543
662.0   2456.4510525514584
663.0   2451.590079173565
664.0   2491.266365540256
665.0   2571.4433239401824
666.0   2509.4161121086217
667.0   2516.20432566902
668.0   2497.135083918664
669.0   2535.762694000001
670.0   2625.6727703465335
671.0   2680.7499010776646
672.0   2714.6812974950994
673.0   2689.1759373544583
674.0   2707.2342478626138
675.0   2797.6779360584624
676.0   2789.5878206993007
677.0   2875.7191476835924
678.0   2913.1880623975294
679.0   2974.693640320336
680.0   3060.5647386065307
681.0   3104.9156969892747
682.0   3166.252759421029
683.0   3231.3215863550286
684.0   3306.1378767035867
685.0   3371.414845949178
686.0   3424.1106836309027
687.0   3477.367379955813
688.0   3508.2962249037696
689.0   3614.485114419731
690.0   3683.6005690822226
691.0   3700.855685954538
692.0   3815.604552062258
693.0   3880.3149604147493
694.0   3856.2540416661627
695.0   3907.6968574083317
696.0   3903.071297290942
697.0   3886.0728312289857
698.0   3907.045402295482
699.0   3906.818591092519
700.0   3908.5127446005417
701.0   3906.653900821507
702.0   3906.37694533959
703.0   3906.417898172356
704.0   3906.695035506196
705.0   3907.8219394651373
706.0   3906.566192240582
707.0   3908.8004892767412
708.0   3900.3484737414806
709.0   3903.022636133548
710.0   3849.5346547035847
711.0   3800.8970920724414
712.0   3747.5441716418654
713.0   3720.7930186725307
714.0   3682.877312376561
715.0   3629.3678372557574
716.0   3622.1687962359765
717.0   3640.688547226403
718.0   3537.8402646939853
719.0   3565.7123521352214
720.0   3480.9624828751425
721.0   3458.9097733949993
722.0   3479.412229056516
723.0   3437.16490461624
724.0   3445.798576117946
725.0   3350.2012026736857
726.0   3350.669084544026
727.0   3343.9178003880743
728.0   3306.3297102010965
729.0   3342.41760323911
730.0   3179.559727543906
731.0   3218.4173765972478
732.0   3321.10515997574
733.0   3294.885183271638
734.0   3285.2186775803407
735.0   3241.7725650392817
736.0   3120.4915868703088
737.0   3140.238023231658
738.0   3188.0266077410015
739.0   3132.1815730206035
740.0   3258.8133201878486
741.0   3164.791220712421
742.0   3219.194854200657
743.0   3135.8819912754498
744.0   3134.8541823556543
745.0   3080.835926463694
746.0   3078.2160278217025
747.0   3109.167628657143
748.0   3088.2267393606317
749.0   3092.7274292199163
750.0   3117.682999486916
751.0   3132.775255610641
752.0   3178.9068583266476
753.0   3244.6966563638116
754.0   3340.194149789175
755.0   3450.888204870279
756.0   3570.149073299519
757.0   3662.119172430689
758.0   3834.6612381018153
759.0   3873.8573419169243
760.0   3908.2914085540297
761.0   3907.319101673422
762.0   3907.5430210722407
763.0   3907.398756096774
764.0   3906.580765074501
765.0   3908.280865106502
766.0   3906.3851615997028
767.0   3906.819865259345
768.0   3907.090559294758
769.0   3908.7043484145247
770.0   3907.058219084664
771.0   3907.4058617113524
772.0   3908.214416992736
773.0   3908.734656005823
774.0   3906.3532077633245
775.0   3905.473701233955
776.0   3907.8437845004514
777.0   3905.890227015308
778.0   3908.0453398210834
779.0   3907.3453230176187
780.0   3905.9918990084725
781.0   3906.5563790966153
782.0   3907.334530193755
783.0   3908.7384423550366
784.0   3907.180473558357
785.0   3907.1184392388495
786.0   3905.9858904070675
787.0   3848.828334150774
788.0   3759.6947711975486
789.0   3692.2557660525167
790.0   3601.7294718771955
791.0   3477.033573619886
792.0   3420.4146163997307
793.0   3310.77276073132
794.0   3206.686563189739
795.0   3129.611374360543
796.0   3064.862198154954
797.0   3077.9107385514535
798.0   2889.792167417283
799.0   2754.9841631126737
800.0   2727.5984791197093
