600.0   1891.9371491876645
601.0   1870.4457109320908
602.0   1806.8339409751695
603.0   1863.3782626501159
604.0   1790.3420657721301
605.0   1781.0406269914527
606.0   1809.1563044153952
607.0   1803.2858183694536
608.0   1783.962260203748
609.0   1693.1408705489814
610.0   1720.0139073143118
611.0   1697.6097287215484
612.0   1749.4616681225025
613.0   1676.2860741185846
614.0   1626.5038898879545
615.0   1659.3968574847238
616.0   1697.2560869477345
617.0   1741.7206848336677
618.0   1708.368123712651
619.0   1753.562786912468
620.0   1759.981626155123
621.0   1860.61494332937
622.0   1847.9447918826138
623.0   1945.166008688593
624.0   1989.1222094107216
625.0   2048.968652555431
626.0   2142.4620458691006
627.0   2202.909457920968
628.0   2254.776758783932
629.0   2337.119284480047
630.0   2375.3320404325123
631.0   2442.4467086732693
632.0   2503.174942356632
633.0   2552.2815638642924
634.0   2604.0802874148653
635.0   2663.2419112743023
636.0   2710.274057882563
637.0   2742.7825271507445
638.0   2733.6096752535054
639.0   2821.3483211155376
640.0   2826.8149921544677
641.0   2846.5377029642304
642.0   2843.110218362796
643.0   2819.1128028520416
644.0   2811.0165887513185
645.0   2806.7226046324854
646.0   2830.508931096001
647.0   2789.802916471019
648.0   2756.184060559994
649.0   2737.6008430252523
650.0   2715.165514999365
651.0   2701.5256232893666
652.0   2672.5698300375198
653.0   2641.7796811645135
654.0   2627.7621948053516
655.0   2594.780941247743
656.0   2600.6510899896953
657.0   2592.6684945437523
658.0   2549.843575897447
659.0   2574.9998622514404
660.0   2569.7138654829705
661.0   2547.393834251613
662.0   2558.1438489751986
663.0   2558.647499937617
664.0   2610.7201065862196
665.0   2673.3910537909483
666.0   2616.9603468679097
667.0   2628.3156716990115
668.0   2601.7277610246006
669.0   2638.8956018931867
670.0   2741.2069423747607
671.0   2800.8311695595876
672.0   2835.6456906881017
673.0   2806.934283875971
674.0   2835.0905665779874
675.0   2925.0950897700786
676.0   2922.5986348614965
677.0   2996.782725783988
678.0   3039.7752823298656
679.0   3115.592118270758
680.0   3187.9430967800968
681.0   3237.366361534815
682.0   3296.0118947356177
683.0   3374.1735732858338
684.0   3431.0358777679926
685.0   3516.6724274460903
686.0   3560.3979455631998
687.0   3620.989765126149
688.0   3661.030858375231
689.0   3756.1202825122255
690.0   3829.1560489752833
691.0   3838.99523333835
692.0   3907.6203261346263
693.0   3906.3030036805044
694.0   3905.849563669337
695.0   3906.4437580731797
696.0   3907.259968364726
697.0   3908.061627450168
698.0   3907.671102548587
699.0   3906.8089786822616
700.0   3908.508981378936
701.0   3907.1355928160838
702.0   3906.3791991098446
703.0   3906.417895156942
704.0   3906.6950350238544
705.0   3907.8219274133203
706.0   3906.5672041604366
707.0   3908.727303789135
708.0   3906.8831782452808
709.0   3907.553780742786
710.0   3907.271221472033
711.0   3908.135637235557
712.0   3901.4160136909713
713.0   3873.0958182455083
714.0   3841.860268561945
715.0   3781.913688300034
716.0   3765.7149812638763
717.0   3796.166551179599
718.0   3684.557334309022
719.0   3713.1309030149523
720.0   3630.9436318779926
721.0   3606.514052328276
722.0   3624.684487145836
723.0   3583.2514753845894
724.0   3602.4454631757803
725.0   3506.147018831586
726.0   3487.586403793283
727.0   3495.22585054611
728.0   3446.6486326098657
729.0   3488.717209453812
730.0   3314.7938604550086
731.0   3366.463546764905
732.0   3456.6519733469568
733.0   3453.1961639466417
734.0   3420.4512633467493
735.0   3382.7029796599
736.0   3255.525832642751
737.0   3273.5532177013656
738.0   3320.95468336196
739.0   3262.7707460790443
740.0   3394.0561580916697
741.0   3296.3803081286424
742.0   3364.896412748223
743.0   3267.3289826150635
744.0   3273.4146670228415
745.0   3205.5234394337467
746.0   3201.7538579272637
747.0   3235.343186109778
748.0   3217.7132396268053
749.0   3218.0922106141593
750.0   3249.697808727208
751.0   3269.8300901880984
752.0   3303.6371617592195
753.0   3381.0779843159116
754.0   3476.96734252842
755.0   3599.6274077023663
756.0   3714.673111820052
757.0   3817.3322986529975
758.0   3908.0797171858585
759.0   3904.715380376403
760.0   3908.1605526733056
761.0   3907.3220127276904
762.0   3907.54297183435
763.0   3907.398756740352
764.0   3906.5807650692022
765.0   3908.280865106487
766.0   3906.385161599704
767.0   3906.819865259345
768.0   3907.090559294758
769.0   3908.7043484145247
770.0   3907.058219084664
771.0   3907.4058617113524
772.0   3908.214416992736
773.0   3908.734656005823
774.0   3906.3532077633245
775.0   3905.473701233955
776.0   3907.8437845004514
777.0   3905.890227015308
778.0   3908.0453398210834
779.0   3907.3453230176187
780.0   3905.9918990084807
781.0   3906.556379096361
782.0   3907.3345301858717
783.0   3908.7384444257086
784.0   3907.180287666253
785.0   3907.1295409076106
786.0   3906.497747751914
787.0   3906.4614969155623
788.0   3899.802851452934
789.0   3839.7202415222273
790.0   3757.2453867399454
791.0   3617.82067128684
792.0   3570.2535510568987
793.0   3452.2821391072853
794.0   3336.2497119981895
795.0   3256.986581950403
796.0   3196.356472705174
797.0   3206.528021181963
798.0   3015.774561898283
799.0   2879.9915535623068
800.0   2839.206914854169
