600.0   1949.8909886699244
601.0   1934.8277755703073
602.0   1878.7133388458549
603.0   1935.8156821374553
604.0   1856.762430483001
605.0   1849.6892086484518
606.0   1886.3179558175927
607.0   1877.3754488281695
608.0   1851.5770609673202
609.0   1758.6171628348982
610.0   1788.5932675753954
611.0   1764.8431332392056
612.0   1817.3218589034234
613.0   1744.907121802799
614.0   1693.7454710146526
615.0   1721.8316714134144
616.0   1761.6877799215065
617.0   1813.2253430929377
618.0   1774.732184573987
619.0   1818.5394094843355
620.0   1830.922102865902
621.0   1930.5103238334693
622.0   1930.5573603999344
623.0   2024.1831246133304
624.0   2068.202170229209
625.0   2126.4822875779505
626.0   2216.7940469810965
627.0   2286.718615163671
628.0   2353.482491732865
629.0   2426.509063577623
630.0   2479.2338351691265
631.0   2541.759969877407
632.0   2593.925751155935
633.0   2650.2530793643027
634.0   2705.789738764016
635.0   2761.045908158742
636.0   2814.600332598087
637.0   2846.7380495388156
638.0   2830.3216936497747
639.0   2919.0097289332543
640.0   2930.580969330481
641.0   2947.371832161476
642.0   2954.457406907467
643.0   2929.441637752677
644.0   2916.7245031063903
645.0   2911.9193136623812
646.0   2935.8631768907
647.0   2897.325875808847
648.0   2867.513478657698
649.0   2834.490031366431
650.0   2818.569959248987
651.0   2800.466703147817
652.0   2772.0538251344633
653.0   2735.6222943953503
654.0   2727.7809808851966
655.0   2700.8456302229665
656.0   2692.389495203866
657.0   2693.544605758165
658.0   2649.9047447088155
659.0   2669.6582242293366
660.0   2667.3577438411066
661.0   2641.3270965363017
662.0   2659.8369996510587
663.0   2655.973137683903
664.0   2703.0739528262943
665.0   2781.2024497172442
666.0   2714.767855433699
667.0   2721.814661016897
668.0   2704.387516577744
669.0   2734.5384388212306
670.0   2857.769911084425
671.0   2901.11693658317
672.0   2940.5252839898267
673.0   2914.2106656367105
674.0   2938.7759695657433
675.0   3024.829933832164
676.0   3034.2798296436895
677.0   3112.2283953862534
678.0   3160.461075620191
679.0   3215.46177890961
680.0   3309.849220915313
681.0   3365.4736443934466
682.0   3431.716349921615
683.0   3503.6092753028256
684.0   3561.6455679130745
685.0   3636.0096370496876
686.0   3705.905029651636
687.0   3762.348448020637
688.0   3793.069037943969
689.0   3882.555799813786
690.0   3905.4141603683115
691.0   3905.8398444509703
692.0   3907.227861116052
693.0   3906.310539604004
694.0   3905.849422808113
695.0   3906.443760634786
696.0   3907.2599683195062
697.0   3908.0616274509393
698.0   3907.671102548574
699.0   3906.8089786822616
700.0   3908.508981378936
701.0   3907.1355928160838
702.0   3906.3791991098446
703.0   3906.417895156942
704.0   3906.6950350238544
705.0   3907.821927413319
706.0   3906.567204160526
707.0   3908.7273037826326
708.0   3906.8831786752426
709.0   3907.5537541188496
710.0   3907.2727813184483
711.0   3908.0489659926798
712.0   3906.5676268881407
713.0   3908.050437406368
714.0   3907.519680966707
715.0   3906.0585690082585
716.0   3902.6678843756526
717.0   3901.943429934997
718.0   3821.6046248325656
719.0   3847.646049379403
720.0   3760.3340326519387
721.0   3748.2056076228664
722.0   3758.2080878762267
723.0   3720.8376657232366
724.0   3729.7917437179112
725.0   3632.0841624228556
726.0   3616.887107776348
727.0   3625.9209104631514
728.0   3574.0546989074955
729.0   3621.922206533886
730.0   3436.228775662679
731.0   3495.317550405503
732.0   3589.1379831534186
733.0   3572.6572816451435
734.0   3549.270871983071
735.0   3508.769310112854
736.0   3376.006812830783
737.0   3400.7099822275613
738.0   3445.511768836152
739.0   3376.7064002288957
740.0   3522.586401033677
741.0   3426.204681763506
742.0   3490.3985906163402
743.0   3388.7711203320814
744.0   3385.801770893461
745.0   3332.363818551212
746.0   3327.9633781192306
747.0   3363.298112716055
748.0   3331.5096249999488
749.0   3334.4168277205868
750.0   3373.293012375956
751.0   3383.335557159009
752.0   3434.923950423197
753.0   3506.5453907131064
754.0   3600.3771830981327
755.0   3729.9342019635337
756.0   3846.408646464456
757.0   3906.7987258514613
758.0   3908.482213580606
759.0   3904.721094679682
760.0   3908.160305483835
761.0   3907.322018226733
762.0   3907.5429717413376
763.0   3907.398756741567
764.0   3906.5807650691922
765.0   3908.280865106487
766.0   3906.385161599704
767.0   3906.819865259345
768.0   3907.090559294758
769.0   3908.7043484145247
770.0   3907.058219084664
771.0   3907.4058617113524
772.0   3908.214416992736
773.0   3908.734656005823
774.0   3906.3532077633245
775.0   3905.473701233955
776.0   3907.8437845004514
777.0   3905.890227015308
778.0   3908.0453398210834
779.0   3907.3453230176187
780.0   3905.9918990084807
781.0   3906.556379096361
782.0   3907.3345301858776
783.0   3908.738444424175
784.0   3907.1802878039375
785.0   3907.1295326849295
786.0   3906.4980399126953
787.0   3906.4680876282764
788.0   3907.2717537920526
789.0   3906.827298214424
790.0   3886.246479776484
791.0   3743.791074006413
792.0   3703.5355203713166
793.0   3576.4362011500066
794.0   3459.651803346442
795.0   3380.255151828974
796.0   3300.6105608114576
797.0   3318.6809345942866
798.0   3131.2286470313
799.0   2969.9517113295356
800.0   2930.7067363079045
