600.0   2011.894503674007
601.0   1999.0590896564033
602.0   1938.166701247773
603.0   2001.247405134692
604.0   1911.0621562869142
605.0   1910.5335017647922
606.0   1943.8106513505948
607.0   1932.612801699882
608.0   1915.3750203449672
609.0   1814.5456017815277
610.0   1845.571570978623
611.0   1818.8096574331844
612.0   1874.2396354953194
613.0   1799.0677421062464
614.0   1749.996086516851
615.0   1776.9992861058379
616.0   1817.5080248029903
617.0   1868.8708050025389
618.0   1839.0115269155676
619.0   1880.1411384512091
620.0   1888.7729959913233
621.0   1988.8674555320752
622.0   1995.1699310412948
623.0   2089.045912042363
624.0   2137.751552928971
625.0   2192.089731279921
626.0   2292.487581254311
627.0   2365.8369435344835
628.0   2422.3939285668303
629.0   2500.194538056378
630.0   2557.6253604292806
631.0   2622.1496438711856
632.0   2676.7870607537075
633.0   2737.8400619263602
634.0   2794.8628427904323
635.0   2851.8525443156973
636.0   2907.7229918596786
637.0   2937.379348312692
638.0   2916.2309948080288
639.0   3021.346981145799
640.0   3029.793383023414
641.0   3048.3387740348553
642.0   3044.6290136321586
643.0   3025.2971718216295
644.0   3012.9438806248904
645.0   3005.4160798217863
646.0   3036.512778385055
647.0   2984.320485090774
648.0   2958.4790640907977
649.0   2924.927538042757
650.0   2900.3614222124775
651.0   2885.2935056709966
652.0   2862.152287802611
653.0   2829.704170707249
654.0   2817.7987538127013
655.0   2782.2228194990666
656.0   2777.816238359093
657.0   2780.018217554926
658.0   2739.7579423909087
659.0   2761.3520300017485
660.0   2752.428098068294
661.0   2732.3113299195206
662.0   2752.413915981219
663.0   2742.6528080600615
664.0   2800.0828504549722
665.0   2870.0843346504253
666.0   2799.9165246571565
667.0   2814.6221078233943
668.0   2794.8390297180886
669.0   2841.6198018534915
670.0   2941.4890600268072
671.0   2998.251614892181
672.0   3036.565354262182
673.0   3007.5181027392646
674.0   3033.5230144539264
675.0   3127.1704033153183
676.0   3130.684476474126
677.0   3214.360488173858
678.0   3256.447354167352
679.0   3331.2710834897302
680.0   3419.369367520289
681.0   3473.904262079198
682.0   3531.7591390701973
683.0   3620.215572945104
684.0   3666.141241352418
685.0   3757.663541882884
686.0   3811.5217249369807
687.0   3873.2733593690837
688.0   3895.5748328790282
689.0   3908.0660661832217
690.0   3905.4207217120247
691.0   3905.839710810221
692.0   3907.2278637549057
693.0   3906.3105395533344
694.0   3905.8494228090603
695.0   3906.443760634769
696.0   3907.259968319507
697.0   3908.0616274509393
698.0   3907.671102548574
699.0   3906.8089786822616
700.0   3908.508981378936
701.0   3907.1355928160838
702.0   3906.3791991098446
703.0   3906.417895156942
704.0   3906.6950350238544
705.0   3907.821927413319
706.0   3906.567204160526
707.0   3908.7273037826326
708.0   3906.883178675241
709.0   3907.553754118932
710.0   3907.2727813136726
711.0   3908.0489662580803
712.0   3906.5676129705025
713.0   3908.0511157676815
714.0   3907.4900908439668
715.0   3906.263274997027
716.0   3907.2633437281243
717.0   3905.0885092797807
718.0   3907.885386933711
719.0   3905.2880217744014
720.0   3876.2236963670166
721.0   3860.2314020729655
722.0   3874.249242301559
723.0   3840.101839844181
724.0   3845.8803515323893
725.0   3755.788368643308
726.0   3726.222135458922
727.0   3737.020047427572
728.0   3686.480520691566
729.0   3735.99713204534
730.0   3554.076374740183
731.0   3599.67960985433
732.0   3691.9383620456897
733.0   3677.6621514064827
734.0   3663.254633862154
735.0   3621.459135354154
736.0   3478.384833087869
737.0   3507.196675408055
738.0   3551.2187475054484
739.0   3487.568518089304
740.0   3627.3378419103847
741.0   3526.197399686588
742.0   3588.0441800524295
743.0   3493.117239426565
744.0   3504.434882733804
745.0   3432.230050187217
746.0   3436.351243916786
747.0   3466.230540788554
748.0   3442.328330831181
749.0   3445.231396564819
750.0   3470.8560812144024
751.0   3486.384315430988
752.0   3547.471431800803
753.0   3626.0293718021762
754.0   3709.6457669302963
755.0   3836.697947021791
756.0   3909.182477261246
757.0   3905.8459253071487
758.0   3908.487780549209
759.0   3904.7211748180557
760.0   3908.1603020172065
761.0   3907.3220183038525
762.0   3907.542971740034
763.0   3907.398756741584
764.0   3906.5807650691922
765.0   3908.280865106487
766.0   3906.385161599704
767.0   3906.819865259345
768.0   3907.090559294758
769.0   3908.7043484145247
770.0   3907.058219084664
771.0   3907.4058617113524
772.0   3908.214416992736
773.0   3908.734656005823
774.0   3906.3532077633245
775.0   3905.473701233955
776.0   3907.8437845004514
777.0   3905.890227015308
778.0   3908.0453398210834
779.0   3907.3453230176187
780.0   3905.9918990084807
781.0   3906.556379096361
782.0   3907.3345301858776
783.0   3908.7384444241743
784.0   3907.180287803986
785.0   3907.1295326820155
786.0   3906.4980400162867
787.0   3906.4680899651444
788.0   3907.2709927941223
789.0   3906.896956534191
790.0   3908.007972977197
791.0   3863.4175174419042
792.0   3806.159601047793
793.0   3697.70289348881
794.0   3570.427926794891
795.0   3487.0187119234433
796.0   3415.2395486158343
797.0   3424.815232164328
798.0   3235.3946337613115
799.0   3083.2456664999254
800.0   3039.577670304056
