600.0   2053.2555974659003
601.0   2031.091238271658
602.0   1963.1392793215703
603.0   2041.001369380632
604.0   1949.4442401430642
605.0   1936.9295987698843
606.0   1982.0400611884372
607.0   1970.1606166060672
608.0   1945.2797393413707
609.0   1851.117729282248
610.0   1882.62665279512
611.0   1852.9386129768252
612.0   1907.8158812123552
613.0   1827.0139800767508
614.0   1775.502288525519
615.0   1800.8962185868365
616.0   1853.8690189354274
617.0   1898.746503237287
618.0   1865.0881594816049
619.0   1912.0682687545839
620.0   1923.357843505343
621.0   2041.0364149723534
622.0   2036.3352249751176
623.0   2133.3273966548795
624.0   2175.2819620620053
625.0   2233.519873929127
626.0   2337.0050382723125
627.0   2401.176349769464
628.0   2465.2306355743485
629.0   2545.4790110993267
630.0   2606.4618328063866
631.0   2673.3775637419812
632.0   2730.0023250399986
633.0   2789.2873489693447
634.0   2844.0499593248446
635.0   2902.8851383625033
636.0   2956.570479535687
637.0   2995.001323831789
638.0   2975.0429587313774
639.0   3074.2421033345427
640.0   3092.433726290771
641.0   3100.5339161152024
642.0   3107.886967416537
643.0   3076.0668562497995
644.0   3073.803443258418
645.0   3059.965620454183
646.0   3091.4790883423007
647.0   3039.2679922041543
648.0   3012.0601252460033
649.0   2975.5948370379037
650.0   2966.4754973145787
651.0   2937.451943851083
652.0   2922.8420857237766
653.0   2885.702838403085
654.0   2868.5148353293725
655.0   2830.866842474916
656.0   2837.489498514326
657.0   2842.5230674842746
658.0   2797.1688580919717
659.0   2815.3297557621086
660.0   2805.5252334636302
661.0   2787.0952785807326
662.0   2792.810825826872
663.0   2798.2884063628485
664.0   2849.916903278752
665.0   2922.403345991192
666.0   2862.849655952986
667.0   2872.5959928943744
668.0   2845.7990773876486
669.0   2883.901543744016
670.0   2997.4915476192473
671.0   3050.075851588515
672.0   3095.396491225925
673.0   3066.767341660392
674.0   3090.8245989071447
675.0   3190.783101857957
676.0   3185.2781330014873
677.0   3275.1357923740934
678.0   3331.80988668822
679.0   3389.7409045346726
680.0   3480.4661899535527
681.0   3540.955380050154
682.0   3606.93344450912
683.0   3685.9471150925347
684.0   3744.8406694747887
685.0   3829.360925888599
686.0   3890.193327441498
687.0   3907.204624285572
688.0   3906.306721090559
689.0   3907.9746337862634
690.0   3905.422654256485
691.0   3905.8396714483606
692.0   3907.2278645321394
693.0   3906.31053953841
694.0   3905.849422809339
695.0   3906.443760634764
696.0   3907.259968319507
697.0   3908.0616274509393
698.0   3907.671102548574
699.0   3906.8089786822616
700.0   3908.508981378936
701.0   3907.1355928160838
702.0   3906.3791991098446
703.0   3906.417895156942
704.0   3906.6950350238544
705.0   3907.821927413319
706.0   3906.567204160526
707.0   3908.7273037826326
708.0   3906.883178675241
709.0   3907.553754118932
710.0   3907.2727813136726
711.0   3908.0489662580803
712.0   3906.5676129704902
713.0   3908.0511157682904
714.0   3907.4900908174027
715.0   3906.2632759245935
716.0   3907.2633307535393
717.0   3905.086660382537
718.0   3908.148770060818
719.0   3906.660192461773
720.0   3905.5665692462844
721.0   3906.8555190165644
722.0   3905.3252285491676
723.0   3908.13084579879
724.0   3908.7571566354945
725.0   3818.1036916047296
726.0   3811.592063065948
727.0   3811.1321584418993
728.0   3759.8633636969485
729.0   3804.9372921370605
730.0   3622.276867588152
731.0   3673.844514513851
732.0   3779.2234689168863
733.0   3757.622307993387
734.0   3729.742392439018
735.0   3696.468896904916
736.0   3552.16261136602
737.0   3587.1691950032455
738.0   3634.8250207549313
739.0   3565.2257894005065
740.0   3703.23625874625
741.0   3603.7814479158665
742.0   3661.1423064260584
743.0   3576.3688524741215
744.0   3579.393479503638
745.0   3514.7693740264044
746.0   3504.405559587232
747.0   3545.520319479103
748.0   3528.240875884311
749.0   3523.1925758387524
750.0   3554.5598567573284
751.0   3562.937658792307
752.0   3610.93593150877
753.0   3698.944578325165
754.0   3792.81769724426
755.0   3899.652176341704
756.0   3907.294431260078
757.0   3905.867702132354
758.0   3908.4876533128186
759.0   3904.7211729864457
760.0   3908.1603020964394
761.0   3907.32201830209
762.0   3907.5429717400634
763.0   3907.398756741584
764.0   3906.5807650691922
765.0   3908.280865106487
766.0   3906.385161599704
767.0   3906.819865259345
768.0   3907.090559294758
769.0   3908.7043484145247
770.0   3907.058219084664
771.0   3907.4058617113524
772.0   3908.214416992736
773.0   3908.734656005823
774.0   3906.3532077633245
775.0   3905.473701233955
776.0   3907.8437845004514
777.0   3905.890227015308
778.0   3908.0453398210834
779.0   3907.3453230176187
780.0   3905.9918990084807
781.0   3906.556379096361
782.0   3907.3345301858776
783.0   3908.7384444241743
784.0   3907.180287803992
785.0   3907.129532681674
786.0   3906.4980400283985
787.0   3906.468090238353
788.0   3907.2709038243042
789.0   3906.9051004302223
790.0   3907.5302274089354
791.0   3904.5616730140255
792.0   3888.6013501472153
793.0   3761.1339369261855
794.0   3640.739393247376
795.0   3564.311175249661
796.0   3483.2505146147214
797.0   3502.6646562764367
798.0   3295.2566474905884
799.0   3150.1283646760958
800.0   3097.920751462866
