600.0   2147.378345941183
601.0   2125.079495791425
602.0   2060.186987568539
603.0   2124.194431180572
604.0   2034.3507548878724
605.0   2041.5683360240691
606.0   2072.1787105464364
607.0   2055.5519308693947
608.0   2039.3190838845703
609.0   1922.5835534086943
610.0   1965.9364608369926
611.0   1934.3750123145048
612.0   1989.1779828397725
613.0   1910.704022217939
614.0   1860.109349234327
615.0   1883.2060189862623
616.0   1938.9907135958001
617.0   1988.2782887959984
618.0   1960.1928295346186
619.0   2008.204731660672
620.0   2009.8798541509661
621.0   2126.9272008239427
622.0   2125.8865942170473
623.0   2226.71675766086
624.0   2271.265668157306
625.0   2337.25912981936
626.0   2433.905407677626
627.0   2507.2133587738344
628.0   2580.6625064412865
629.0   2672.8094081785325
630.0   2711.5440988703463
631.0   2791.400618395151
632.0   2851.66482179243
633.0   2909.491511211949
634.0   2962.078876318654
635.0   3037.6870217996207
636.0   3094.0627584316435
637.0   3121.2182307816693
638.0   3108.602468850932
639.0   3203.143703182645
640.0   3222.386619578778
641.0   3232.640645190507
642.0   3232.73375315775
643.0   3209.833781673652
644.0   3195.775672864122
645.0   3199.7066609882563
646.0   3230.5069928905723
647.0   3174.906437343626
648.0   3138.064773490878
649.0   3103.0151383780462
650.0   3088.6170225171313
651.0   3075.6891740891165
652.0   3045.2812757075185
653.0   3009.3633140472393
654.0   2998.1235092159936
655.0   2956.5391792225205
656.0   2958.8990934821404
657.0   2958.8059910737597
658.0   2916.1443689700054
659.0   2937.3168322309075
660.0   2926.624100335061
661.0   2914.0172907459996
662.0   2933.3912140422594
663.0   2917.2355329070106
664.0   2964.939877968462
665.0   3056.7145192914227
666.0   2982.44280902246
667.0   3005.2789994702193
668.0   2968.4030707062298
669.0   3010.156318448461
670.0   3127.2256934174466
671.0   3186.332915050842
672.0   3236.562829949356
673.0   3207.9163241776746
674.0   3236.546819593917
675.0   3330.559808512004
676.0   3320.4680419243805
677.0   3410.9569259524787
678.0   3460.584082719214
679.0   3537.4755051325274
680.0   3630.054497532169
681.0   3687.786922098493
682.0   3756.119505374155
683.0   3835.0789525194327
684.0   3895.342134600311
685.0   3906.9261623749394
686.0   3906.3009039059334
687.0   3907.3058109321464
688.0   3906.3043133834954
689.0   3907.974687191253
690.0   3905.4226531277013
691.0   3905.8396714713526
692.0   3907.2278645316856
693.0   3906.3105395384196
694.0   3905.849422809339
695.0   3906.443760634764
696.0   3907.259968319507
697.0   3908.0616274509393
698.0   3907.671102548574
699.0   3906.8089786822616
700.0   3908.508981378936
701.0   3907.1355928160838
702.0   3906.3791991098446
703.0   3906.417895156942
704.0   3906.6950350238544
705.0   3907.821927413319
706.0   3906.567204160526
707.0   3908.7273037826326
708.0   3906.883178675241
709.0   3907.553754118932
710.0   3907.2727813136726
711.0   3908.0489662580803
712.0   3906.5676129704902
713.0   3908.0511157682913
714.0   3907.4900908173868
715.0   3906.2632759251474
716.0   3907.263330745792
717.0   3905.086659278644
718.0   3908.1489230675747
719.0   3906.6468270025375
720.0   3907.0392530476297
721.0   3905.579912853179
722.0   3906.009655676042
723.0   3906.6707435129197
724.0   3907.3077539011806
725.0   3907.2674636675188
726.0   3907.6448235011126
727.0   3907.103050444081
728.0   3902.878474951139
729.0   3904.8350397165664
730.0   3769.6213307695416
731.0   3824.9351827509167
732.0   3927.6763015957113
733.0   3909.432177755152
734.0   3891.3301324077415
735.0   3854.9124950466717
736.0   3717.968967905872
737.0   3729.2004756672823
738.0   3781.5065054062443
739.0   3715.6396768839013
740.0   3860.26181774176
741.0   3753.1598977612607
742.0   3823.6600698431644
743.0   3728.937214762986
744.0   3721.885792444556
745.0   3655.28111242201
746.0   3655.566201046756
747.0   3684.7492502082387
748.0   3667.9276278665393
749.0   3665.219644522849
750.0   3698.2237965722434
751.0   3714.793365894312
752.0   3761.040784129064
753.0   3844.3694811383366
754.0   3905.515680120304
755.0   3907.7310206279003
756.0   3907.21967595252
757.0   3905.8685643641343
758.0   3908.4876482750205
759.0   3904.7211729139253
760.0   3908.1603020995763
761.0   3907.32201830202
762.0   3907.5429717400652
763.0   3907.398756741584
764.0   3906.5807650691922
765.0   3908.280865106487
766.0   3906.385161599704
767.0   3906.819865259345
768.0   3907.090559294758
769.0   3908.7043484145247
770.0   3907.058219084664
771.0   3907.4058617113524
772.0   3908.214416992736
773.0   3908.734656005823
774.0   3906.3532077633245
775.0   3905.473701233955
776.0   3907.8437845004514
777.0   3905.890227015308
778.0   3908.0453398210834
779.0   3907.3453230176187
780.0   3905.9918990084807
781.0   3906.556379096361
782.0   3907.3345301858776
783.0   3908.7384444241743
784.0   3907.180287803992
785.0   3907.129532681658
786.0   3906.498040028958
787.0   3906.4680902509945
788.0   3907.270899707531
789.0   3906.9054772610957
790.0   3907.508121370309
791.0   3906.246747946602
792.0   3908.799166955648
793.0   3910.118365245234
794.0   3787.2793643913715
795.0   3699.8794331470754
796.0   3623.7922036918662
797.0   3641.6031015235662
798.0   3430.1092779686664
799.0   3275.500609225263
800.0   3223.3475703938316
