600.0   2279.1822688149477
601.0   2249.7302974405475
602.0   2184.8503490051003
603.0   2248.2982879237748
604.0   2160.949090948705
605.0   2156.9528026508833
606.0   2192.0961377319186
607.0   2173.297581274265
608.0   2159.1878154359024
609.0   2046.7811032910915
610.0   2084.520993070289
611.0   2054.2847234210494
612.0   2111.038443225603
613.0   2027.0977286012808
614.0   1969.36547611589
615.0   2005.4692418374284
616.0   2063.084029513818
617.0   2109.906353708559
618.0   2070.2572988756256
619.0   2126.783005948134
620.0   2134.9078188780063
621.0   2257.4846678688587
622.0   2252.7115461169174
623.0   2351.2010280859804
624.0   2419.4071833847624
625.0   2472.9341688295926
626.0   2581.400902351795
627.0   2656.9427182996646
628.0   2721.3779276821742
629.0   2818.4612967878647
630.0   2874.0404511605493
631.0   2947.4786031218705
632.0   3018.4419134704453
633.0   3079.652984656035
634.0   3138.952579129105
635.0   3202.910649669617
636.0   3270.5731604702555
637.0   3301.4332479135637
638.0   3279.4771589461493
639.0   3391.0771903591617
640.0   3401.5229836938656
641.0   3425.50362014675
642.0   3418.487578398265
643.0   3391.49364398784
644.0   3385.0708196693963
645.0   3372.711310515274
646.0   3400.4685545112407
647.0   3354.8140297600735
648.0   3322.0702569039263
649.0   3291.872378014436
650.0   3258.3676647793372
651.0   3245.20188733552
652.0   3221.084068226549
653.0   3172.8447364858566
654.0   3174.2441537589575
655.0   3127.9600317453264
656.0   3129.6817894124106
657.0   3123.1112150690287
658.0   3078.796652916989
659.0   3104.6507355638305
660.0   3098.4476533464936
661.0   3065.340080446772
662.0   3091.582838966427
663.0   3085.971424335861
664.0   3136.934753978403
665.0   3221.978501274131
666.0   3156.0195389924656
667.0   3163.808526784071
668.0   3136.1401616578105
669.0   3180.5799222093433
670.0   3300.1148942261066
671.0   3359.7827893157732
672.0   3409.3654546444122
673.0   3380.883580749125
674.0   3410.616301120591
675.0   3510.6944013684442
676.0   3505.223037610297
677.0   3603.533397711662
678.0   3661.95837381488
679.0   3733.1811547623142
680.0   3819.3838325215056
681.0   3885.533757580879
682.0   3907.3106535475085
683.0   3906.9327477802726
684.0   3905.7985376449274
685.0   3906.976249400071
686.0   3906.2991298467414
687.0   3907.3058585408717
688.0   3906.304312250659
689.0   3907.9746872163805
690.0   3905.42265312717
691.0   3905.8396714713635
692.0   3907.2278645316856
693.0   3906.3105395384196
694.0   3905.849422809339
695.0   3906.443760634764
696.0   3907.259968319507
697.0   3908.0616274509393
698.0   3907.671102548574
699.0   3906.8089786822616
700.0   3908.508981378936
701.0   3907.1355928160838
702.0   3906.3791991098446
703.0   3906.417895156942
704.0   3906.6950350238544
705.0   3907.821927413319
706.0   3906.567204160526
707.0   3908.7273037826326
708.0   3906.883178675241
709.0   3907.553754118932
710.0   3907.2727813136726
711.0   3908.0489662580803
712.0   3906.5676129704902
713.0   3908.0511157682913
714.0   3907.4900908173868
715.0   3906.2632759251474
716.0   3907.263330745792
717.0   3905.086659278644
718.0   3908.1489230675747
719.0   3906.6468270025184
720.0   3907.0392530490312
721.0   3905.5799127620194
722.0   3906.009661114294
723.0   3906.6704447163256
724.0   3907.32266837931
725.0   3906.622529388429
726.0   3907.501412831021
727.0   3907.1035089223974
728.0   3908.6339749468643
729.0   3906.3215617576616
730.0   3905.54707064727
731.0   3907.1494109000105
732.0   3906.4235826452064
733.0   3907.541141793691
734.0   3906.674343220967
735.0   3906.8605272327013
736.0   3892.9970625087335
737.0   3908.9542499908575
738.0   3905.7211074847155
739.0   3889.8933198292066
740.0   3908.2122504057534
741.0   3901.0298465689957
742.0   3911.587577452073
743.0   3900.2389829679832
744.0   3895.6913393424175
745.0   3848.4226437243337
746.0   3829.2787307569743
747.0   3873.838479725478
748.0   3848.9844315223386
749.0   3848.578086474369
750.0   3881.8455590360136
751.0   3892.6313769521585
752.0   3907.806922705581
753.0   3906.167341477894
754.0   3905.4904766665254
755.0   3907.7314913087994
756.0   3907.2196688321096
757.0   3905.8685644462616
758.0   3908.4876482745403
759.0   3904.721172913918
760.0   3908.1603020995763
761.0   3907.32201830202
762.0   3907.5429717400652
763.0   3907.398756741584
764.0   3906.5807650691922
765.0   3908.280865106487
766.0   3906.385161599704
767.0   3906.819865259345
768.0   3907.090559294758
769.0   3908.7043484145247
770.0   3907.058219084664
771.0   3907.4058617113524
772.0   3908.214416992736
773.0   3908.734656005823
774.0   3906.3532077633245
775.0   3905.473701233955
776.0   3907.8437845004514
777.0   3905.890227015308
778.0   3908.0453398210834
779.0   3907.3453230176187
780.0   3905.9918990084807
781.0   3906.556379096361
782.0   3907.3345301858776
783.0   3908.7384444241743
784.0   3907.180287803992
785.0   3907.129532681658
786.0   3906.4980400289587
787.0   3906.468090251002
788.0   3907.2708997048935
789.0   3906.9054775025074
790.0   3907.508107208351
791.0   3906.2471929336753
792.0   3908.81988919152
793.0   3908.5079909008223
794.0   3907.10386128343
795.0   3872.1066558765597
796.0   3802.7123863793477
797.0   3822.956294397019
798.0   3603.030992551753
799.0   3440.6332380322883
800.0   3383.405184999378
