600.0   2294.5961866624543
601.0   2270.701721604548
602.0   2198.5251606478223
603.0   2279.6006878815883
604.0   2187.266437643712
605.0   2180.145572532453
606.0   2223.3003823510508
607.0   2205.4890997781645
608.0   2197.5041426381363
609.0   2069.4276058248497
610.0   2105.9654117097793
611.0   2075.200652826632
612.0   2131.5640162575364
613.0   2050.2579823800634
614.0   1991.8878121494809
615.0   2021.866509976987
616.0   2080.32106304995
617.0   2132.9106474559685
618.0   2094.481504350795
619.0   2152.487545059751
620.0   2155.1688285662613
621.0   2280.223676040597
622.0   2280.349949281668
623.0   2381.277312579019
624.0   2440.181232003798
625.0   2503.526694792946
626.0   2609.948583147801
627.0   2683.467610583614
628.0   2756.285680665614
629.0   2849.595720208608
630.0   2907.5528869346203
631.0   2999.344616180815
632.0   3057.688146657163
633.0   3124.0378590284254
634.0   3173.6412180898283
635.0   3248.5075494138496
636.0   3299.409909846115
637.0   3337.1315706438
638.0   3324.8082223248375
639.0   3432.3922497513863
640.0   3440.0191376410803
641.0   3451.752858024438
642.0   3461.6751479008526
643.0   3438.5029725684735
644.0   3425.842711201615
645.0   3418.998649226932
646.0   3443.5541406099474
647.0   3392.606239382732
648.0   3361.989309591539
649.0   3323.1229481308333
650.0   3297.2483880616714
651.0   3285.2868241625333
652.0   3257.6553554288466
653.0   3213.0678852771616
654.0   3214.7539343681774
655.0   3159.3327146419147
656.0   3169.3191039541434
657.0   3168.757608700385
658.0   3115.357651938289
659.0   3143.3651132501077
660.0   3134.1968733748167
661.0   3105.5691022753426
662.0   3136.57350635561
663.0   3126.9442982882542
664.0   3181.327463978858
665.0   3258.208414230057
666.0   3194.933316061685
667.0   3196.596587709438
668.0   3178.1862027461807
669.0   3227.8307027892865
670.0   3346.3473342082852
671.0   3401.9869717039433
672.0   3451.556026693467
673.0   3429.599465550964
674.0   3448.8612929366996
675.0   3550.80058100389
676.0   3560.1116470619572
677.0   3655.3259279007957
678.0   3707.810609347603
679.0   3777.3629082842267
680.0   3870.034876908648
681.0   3905.098836319012
682.0   3907.5217957244236
683.0   3906.930844518862
684.0   3905.798535771094
685.0   3906.9762501081186
686.0   3906.299129821662
687.0   3907.3058585415447
688.0   3906.3043122506433
689.0   3907.9746872163805
690.0   3905.42265312717
691.0   3905.8396714713635
692.0   3907.2278645316856
693.0   3906.3105395384196
694.0   3905.849422809339
695.0   3906.443760634764
696.0   3907.259968319507
697.0   3908.0616274509393
698.0   3907.671102548574
699.0   3906.8089786822616
700.0   3908.508981378936
701.0   3907.1355928160838
702.0   3906.3791991098446
703.0   3906.417895156942
704.0   3906.6950350238544
705.0   3907.821927413319
706.0   3906.567204160526
707.0   3908.7273037826326
708.0   3906.883178675241
709.0   3907.553754118932
710.0   3907.2727813136726
711.0   3908.0489662580803
712.0   3906.5676129704902
713.0   3908.0511157682913
714.0   3907.4900908173868
715.0   3906.2632759251474
716.0   3907.263330745792
717.0   3905.086659278644
718.0   3908.1489230675747
719.0   3906.6468270025184
720.0   3907.0392530490312
721.0   3905.5799127620194
722.0   3906.009661114294
723.0   3906.6704447163256
724.0   3907.32266837931
725.0   3906.622529388429
726.0   3907.501412831021
727.0   3907.1035089223974
728.0   3908.6339749468643
729.0   3906.321561757658
730.0   3905.5470706475335
731.0   3907.1494108820557
732.0   3906.4235837291
733.0   3907.5410833775377
734.0   3906.677068218247
735.0   3906.763597571372
736.0   3906.0572412681354
737.0   3908.294909738468
738.0   3906.023219120526
739.0   3907.6694984896976
740.0   3908.436017750089
741.0   3907.017281094734
742.0   3907.903843880047
743.0   3905.156264026431
744.0   3908.309132267563
745.0   3890.628048440035
746.0   3889.5795944727856
747.0   3908.3105424409177
748.0   3897.914992641743
749.0   3896.828862874273
750.0   3906.972684751712
751.0   3908.005334905665
752.0   3907.789837867099
753.0   3906.1684464237487
754.0   3905.490449293089
755.0   3907.7314918200063
756.0   3907.219668824376
757.0   3905.8685644463503
758.0   3908.4876482745394
759.0   3904.721172913918
760.0   3908.1603020995763
761.0   3907.32201830202
762.0   3907.5429717400652
763.0   3907.398756741584
764.0   3906.5807650691922
765.0   3908.280865106487
766.0   3906.385161599704
767.0   3906.819865259345
768.0   3907.090559294758
769.0   3908.7043484145247
770.0   3907.058219084664
771.0   3907.4058617113524
772.0   3908.214416992736
773.0   3908.734656005823
774.0   3906.3532077633245
775.0   3905.473701233955
776.0   3907.8437845004514
777.0   3905.890227015308
778.0   3908.0453398210834
779.0   3907.3453230176187
780.0   3905.9918990084807
781.0   3906.556379096361
782.0   3907.3345301858776
783.0   3908.7384444241743
784.0   3907.180287803992
785.0   3907.129532681658
786.0   3906.4980400289587
787.0   3906.468090251002
788.0   3907.270899704896
789.0   3906.9054775023083
790.0   3907.508107220099
791.0   3906.2471925645295
792.0   3908.819872001107
793.0   3908.5116460535723
794.0   3906.8008998984546
795.0   3907.1087701911138
796.0   3863.4482676772186
797.0   3879.8471717835023
798.0   3648.429606732945
799.0   3483.381497009634
800.0   3437.1053706158987
