600.0   2235.5025632616344
601.0   2223.6227964896825
602.0   2143.870971027953
603.0   2218.9779979774353
604.0   2119.2329084557164
605.0   2110.415147236772
606.0   2156.751875093853
607.0   2146.095373072245
608.0   2121.459077841717
609.0   2009.5113413071583
610.0   2045.153011403935
611.0   2020.8566806686124
612.0   2073.5251052413505
613.0   1994.452233289081
614.0   1939.8750091058118
615.0   1968.057644392739
616.0   2025.2192627915551
617.0   2075.386245757563
618.0   2034.923924122639
619.0   2092.084272329742
620.0   2103.3595462587796
621.0   2215.8039258774297
622.0   2221.3129192500337
623.0   2314.7719874763516
624.0   2376.9198062018622
625.0   2429.7699623551703
626.0   2544.499189625589
627.0   2619.22099820421
628.0   2689.698997715151
629.0   2785.7525708749104
630.0   2839.2375873118285
631.0   2916.20709805298
632.0   2980.848385467189
633.0   3043.2277180475335
634.0   3083.461825640159
635.0   3162.3420029259237
636.0   3217.1800151609746
637.0   3267.2857965149824
638.0   3247.5851400705815
639.0   3349.743497787767
640.0   3359.769621544132
641.0   3374.2150514747855
642.0   3368.6995691326024
643.0   3351.755660656564
644.0   3341.5142551731956
645.0   3335.079579214234
646.0   3358.4952461906887
647.0   3312.797347119281
648.0   3275.24982603946
649.0   3251.4378545662703
650.0   3226.2864230379046
651.0   3217.001715991898
652.0   3180.745858695596
653.0   3148.8331490686764
654.0   3136.7364153178028
655.0   3094.4707518745286
656.0   3092.8989443700148
657.0   3088.834963833995
658.0   3047.651705232933
659.0   3062.4492057218604
660.0   3072.3744490655813
661.0   3042.858447128451
662.0   3059.044511604073
663.0   3054.3483374076995
664.0   3104.038077232192
665.0   3193.1378136186718
666.0   3118.0081927822825
667.0   3133.8460286917116
668.0   3116.5303039616715
669.0   3156.1501656932974
670.0   3280.0650337345483
671.0   3329.0655554446676
672.0   3379.111221114375
673.0   3355.188141666227
674.0   3367.3502412349994
675.0   3484.2261192029305
676.0   3482.0013008126634
677.0   3568.2946082331914
678.0   3621.750883317867
679.0   3704.679743408148
680.0   3790.757426396976
681.0   3856.558553304874
682.0   3905.9537002483244
683.0   3906.9371861589416
684.0   3905.798542014682
685.0   3906.976247748914
686.0   3906.2991299052246
687.0   3907.305858539302
688.0   3906.3043122506965
689.0   3907.9746872163796
690.0   3905.42265312717
691.0   3905.8396714713635
692.0   3907.2278645316856
693.0   3906.3105395384196
694.0   3905.849422809339
695.0   3906.443760634764
696.0   3907.259968319507
697.0   3908.0616274509393
698.0   3907.671102548574
699.0   3906.8089786822616
700.0   3908.508981378936
701.0   3907.1355928160838
702.0   3906.3791991098446
703.0   3906.417895156942
704.0   3906.6950350238544
705.0   3907.821927413319
706.0   3906.567204160526
707.0   3908.7273037826326
708.0   3906.883178675241
709.0   3907.553754118932
710.0   3907.2727813136726
711.0   3908.0489662580803
712.0   3906.5676129704902
713.0   3908.0511157682913
714.0   3907.4900908173868
715.0   3906.2632759251474
716.0   3907.263330745792
717.0   3905.086659278644
718.0   3908.1489230675747
719.0   3906.6468270025184
720.0   3907.0392530490312
721.0   3905.5799127620194
722.0   3906.009661114294
723.0   3906.6704447163256
724.0   3907.32266837931
725.0   3906.6225293884277
726.0   3907.5014128310777
727.0   3907.1035089224747
728.0   3908.633974724314
729.0   3906.321586635344
730.0   3905.5450746491315
731.0   3907.285157461524
732.0   3906.570440333604
733.0   3907.538926780987
734.0   3906.6721099872348
735.0   3906.9410220667637
736.0   3877.716934851868
737.0   3900.677170235207
738.0   3905.8465430946285
739.0   3886.9718396038093
740.0   3908.214777779252
741.0   3895.0978598692404
742.0   3912.8550095085116
743.0   3891.8213889018634
744.0   3895.944002673276
745.0   3838.97949149058
746.0   3838.1783020932185
747.0   3852.780320412928
748.0   3836.560630321347
749.0   3834.901427998878
750.0   3879.0376725127244
751.0   3890.9843648449296
752.0   3907.785741750425
753.0   3906.1687113362395
754.0   3905.490442730265
755.0   3907.731491942568
756.0   3907.219668822522
757.0   3905.868564446372
758.0   3908.4876482745394
759.0   3904.721172913918
760.0   3908.1603020995763
761.0   3907.32201830202
762.0   3907.5429717400652
763.0   3907.398756741584
764.0   3906.5807650691922
765.0   3908.280865106487
766.0   3906.385161599704
767.0   3906.819865259345
768.0   3907.090559294758
769.0   3908.7043484145247
770.0   3907.058219084664
771.0   3907.4058617113524
772.0   3908.214416992736
773.0   3908.734656005823
774.0   3906.3532077633245
775.0   3905.473701233955
776.0   3907.8437845004514
777.0   3905.890227015308
778.0   3908.0453398210834
779.0   3907.3453230176187
780.0   3905.9918990084807
781.0   3906.556379096361
782.0   3907.3345301858776
783.0   3908.7384444241743
784.0   3907.180287803992
785.0   3907.129532681658
786.0   3906.4980400289587
787.0   3906.468090251002
788.0   3907.2708997048944
789.0   3906.9054775025
790.0   3907.5081072088087
791.0   3906.24719291931
792.0   3908.819888522556
793.0   3908.508133140873
794.0   3907.0920715593024
795.0   3887.1667221706152
796.0   3788.64468811199
797.0   3812.076045352473
798.0   3602.0617162948442
799.0   3433.1629886186056
800.0   3390.1874593954185
