600.0   698.757765841604
601.0   698.644980693254
602.0   677.1043246500813
603.0   705.9830685847968
604.0   677.7442823474096
605.0   674.8711029359906
606.0   696.5259660405818
607.0   681.4787979761375
608.0   680.257507798002
609.0   641.0643695910663
610.0   660.3782771062406
611.0   649.9841850956482
612.0   666.5866099896342
613.0   638.3155326536781
614.0   630.5277363189209
615.0   636.2771376334979
616.0   662.8092754676737
617.0   684.6447626457373
618.0   684.5987796012583
619.0   703.4610702428653
620.0   707.1372621098199
621.0   760.2252690676573
622.0   761.0264577186786
623.0   795.6774394727731
624.0   814.0180197169161
625.0   841.1509743741051
626.0   879.0596941429094
627.0   903.3779717618581
628.0   936.4381095838532
629.0   972.7673804345153
630.0   993.0067796658196
631.0   1017.0410217125584
632.0   1047.5534009260964
633.0   1063.3350815758808
634.0   1092.893763336146
635.0   1113.381440586832
636.0   1134.65695861309
637.0   1150.952246022973
638.0   1142.3581667748524
639.0   1184.2247052064338
640.0   1189.5151216977476
641.0   1198.0061017769362
642.0   1197.3897603273147
643.0   1188.3111173623254
644.0   1189.2104881960727
645.0   1189.0622653940434
646.0   1192.5957489221994
647.0   1177.8565845011276
648.0   1168.7278539573351
649.0   1156.1989046009846
650.0   1145.1706040123781
651.0   1144.2792555951235
652.0   1133.3750758463482
653.0   1113.6355685603166
654.0   1125.0183697793373
655.0   1109.8754821595726
656.0   1116.0773093469484
657.0   1116.2070189428166
658.0   1100.2638776943509
659.0   1112.8930169965818
660.0   1112.777410616635
661.0   1098.0035680630097
662.0   1111.4769775076547
663.0   1120.257866634961
664.0   1143.4765601233316
665.0   1171.6718545997421
666.0   1145.4934311198876
667.0   1150.913358844004
668.0   1151.5863324829238
669.0   1174.5988081116489
670.0   1220.1043258777609
671.0   1240.5203753270484
672.0   1263.6428072916387
673.0   1261.1305173306228
674.0   1277.9884987380751
675.0   1316.1331846827472
676.0   1323.9240853987153
677.0   1364.4586785777267
678.0   1387.7059725817987
679.0   1418.3825274501128
680.0   1464.5950378706184
681.0   1493.5940540976799
682.0   1530.652655877954
683.0   1555.5682331988507
684.0   1586.7052132362003
685.0   1638.2531199185976
686.0   1671.4883659833108
687.0   1696.8503639642458
688.0   1717.093837946479
689.0   1773.33462012883
690.0   1807.4940861040077
691.0   1814.6549173562212
692.0   1891.8531601155796
693.0   1914.0880515297215
694.0   1907.9329449708696
695.0   1954.055665802397
696.0   1941.0595058128083
697.0   1928.8916328898752
698.0   2007.1695056196297
699.0   2018.5819773552093
700.0   2005.5154181630548
701.0   1958.0813409339805
702.0   2011.4376124715252
703.0   1980.4115913434414
704.0   1992.2977247602635
705.0   2001.3842337515218
706.0   1979.147638807102
707.0   1974.6504867066478
708.0   1949.9784025207791
709.0   1951.6269128522806
710.0   1916.4736305809804
711.0   1901.4006459896036
712.0   1879.6959851684162
713.0   1861.0473964789715
714.0   1843.8498266172837
715.0   1815.4374753047414
716.0   1816.6922262534524
717.0   1834.7301995505243
718.0   1780.6120946034218
719.0   1802.052412959548
720.0   1748.9901869104526
721.0   1745.8593440418801
722.0   1763.180619149247
723.0   1748.023636212292
724.0   1752.6048057493804
725.0   1710.5420881675261
726.0   1703.2017271963853
727.0   1714.320992165288
728.0   1698.9413502695356
729.0   1716.8752783715356
730.0   1624.5386910744546
731.0   1659.8953640531934
732.0   1709.536145995861
733.0   1703.2633359176841
734.0   1694.408254251436
735.0   1681.5747965450325
736.0   1624.1838382780986
737.0   1634.977842205417
738.0   1662.8691886783106
739.0   1639.8417762156407
740.0   1706.9825728431688
741.0   1663.0594349747548
742.0   1700.2887600433808
743.0   1663.0951793020504
744.0   1677.712015017143
745.0   1655.8003252852081
746.0   1670.6660750580643
747.0   1694.2052348827858
748.0   1676.4824282689922
749.0   1668.8324036220292
750.0   1660.4663927338102
751.0   1633.8572175940421
752.0   1610.0881083157421
753.0   1615.543147817265
754.0   1637.6903834743164
755.0   1674.9610676492155
756.0   1720.9268528470354
757.0   1754.237042637458
758.0   1840.1974909925016
759.0   1848.5443229937969
760.0   1907.9007810264075
761.0   1990.5941020962428
762.0   2057.15960933196
763.0   2140.194777106778
764.0   2179.9469324182837
765.0   2235.467082939105
766.0   2294.196107976782
767.0   2294.0537809148195
768.0   2387.155482751856
769.0   2346.7886271908155
770.0   2374.7978471803594
771.0   2382.3151700989024
772.0   2381.1358303025895
773.0   2299.3948968834616
774.0   2308.443721950539
775.0   2248.848522750645
776.0   2234.6422731776734
777.0   2215.9810773343697
778.0   2180.147093926205
779.0   2079.809491413575
780.0   2039.6218298020383
781.0   1984.2273870779295
782.0   1922.4603328236026
783.0   1861.187814270086
784.0   1800.3426287723983
785.0   1741.0958551440012
786.0   1669.9634244749016
787.0   1611.504031781845
788.0   1540.114133506095
789.0   1494.2841073713428
790.0   1436.0048088115293
791.0   1354.5567195249557
792.0   1321.6131022065224
793.0   1245.3347169872945
794.0   1188.9945231315962
795.0   1128.507874719621
796.0   1083.8686502576784
797.0   1066.7853976026854
798.0   981.2669592980276
799.0   919.590303863283
800.0   879.4126683615681
