640.0   191.981319620468
641.0   197.9973282445711
642.0   198.182043105583
643.0   195.92065690915018
644.0   196.49527650940172
645.0   195.42529625869514
646.0   197.62437460157335
647.0   195.19012536413462
648.0   202.75213991442132
649.0   201.5855528866055
650.0   199.43838151026398
651.0   199.32253553205393
652.0   200.02692446192205
653.0   199.2407627271832
654.0   202.9303669336857
655.0   206.50234237317824
656.0   215.85319286400718
657.0   462.6639466660214
658.0   605.5046176386311
659.0   352.8991297410127
660.0   283.4111582700567
661.0   265.6288781811512
662.0   270.62582665295463
663.0   323.96415649521043
664.0   343.984942935303
665.0   314.48120303900396
666.0   280.49010450102986
667.0   236.9854182977803
668.0   218.52935100468753
669.0   207.8330532255658
670.0   205.10255097228386
