640.0   365.44675928324364
641.0   343.8893857315622
642.0   445.7218315080083
643.0   533.5186152619424
644.0   437.7623724944139
645.0   371.46981629238496
646.0   372.08880822337585
647.0   378.72362087390394
648.0   487.70409478515404
649.0   557.7271287244813
650.0   641.363106599496
651.0   499.7882157263026
652.0   972.4582700318457
653.0   1133.9774237230681
654.0   1374.1474058563974
655.0   877.4993420512913
656.0   2194.5189966185117
657.0   2423.2101190195917
658.0   2299.5229311511844
659.0   1230.4696222728137
660.0   890.1700522704671
661.0   513.9342697631201
662.0   324.8758612267087
663.0   409.7130123340965
664.0   505.99880492040865
665.0   407.952061311002
666.0   424.6374571936579
667.0   415.83864990995164
668.0   359.1423523821511
669.0   342.0509698632567
670.0   295.42111538116467
