640.0   190.81369298328664
641.0   197.20388372125376
642.0   197.3734983388041
643.0   196.76776563725446
644.0   195.51015875902783
645.0   195.24304220856618
646.0   197.4132091246252
647.0   195.7187263516288
648.0   203.95941276664865
649.0   198.3451880518246
650.0   197.64076788217636
651.0   198.99226914288766
652.0   200.28581796482575
653.0   195.53957974429755
654.0   197.1718053849817
655.0   201.7659199927459
656.0   223.27181521366919
657.0   370.9200243258928
658.0   444.3095224687971
659.0   303.11647091272687
660.0   210.4209623258706
661.0   198.819926799175
662.0   193.53200535825312
663.0   192.55564040288428
664.0   192.28995825142277
665.0   191.95746839433917
666.0   199.53307281443503
667.0   192.11177424865355
668.0   190.5825056633683
669.0   192.6820382753693
670.0   191.4663681470328
