640.0   190.2519995360851
641.0   196.60783837670206
642.0   197.44258129466425
643.0   195.44328058869172
644.0   195.18053560490307
645.0   192.9526561299087
646.0   196.5805132138819
647.0   193.2547642526499
648.0   201.91090396491694
649.0   199.09841051452833
650.0   195.33489224608218
651.0   195.25057523759057
652.0   196.9106251971342
653.0   193.35707034116103
654.0   196.13538608684854
655.0   197.08485543026043
656.0   200.39548735549354
657.0   338.45272868090444
658.0   372.6165709478331
659.0   302.65836355974903
660.0   204.28822822410712
661.0   198.18461505305532
662.0   192.48890933917664
663.0   192.44308755564123
664.0   193.02311385940533
665.0   191.11021812066747
666.0   198.67446338430892
667.0   191.08888171290292
668.0   191.13011479810163
669.0   193.5125785668686
670.0   190.60862080996
