640.0   190.6278513143537
641.0   197.2912953738603
642.0   196.47461925156216
643.0   196.41853031813127
644.0   195.18174905646262
645.0   195.07635358916477
646.0   197.8034132964673
647.0   195.47827414266374
648.0   205.19934247454526
649.0   200.21794297312167
650.0   196.42047885367407
651.0   196.40566413377022
652.0   199.23536850644118
653.0   195.94660031860025
654.0   201.449744182802
655.0   201.2727328686005
656.0   207.72514211354255
657.0   338.97677970935524
658.0   394.4799294103738
659.0   333.4761732859033
660.0   211.21741693767694
661.0   197.97519236192164
662.0   192.33567466126738
663.0   193.52662375103628
664.0   193.3557651182303
665.0   190.70532606963454
666.0   200.39301821117775
667.0   192.07535668636098
668.0   190.05718785225068
669.0   193.34771674357253
670.0   191.40841142118418
