640.0   192.27573692728797
641.0   197.51438499137865
642.0   198.0961237853545
643.0   196.76527218568498
644.0   194.69547629339513
645.0   194.49836763177564
646.0   195.7897096294263
647.0   195.16119424792385
648.0   203.63924116083638
649.0   201.26454962828402
650.0   197.79665024978166
651.0   197.33882999194734
652.0   198.03493676146385
653.0   194.7268803973315
654.0   199.83277219685496
655.0   201.67995992524268
656.0   203.7884090510894
657.0   314.51423825117
658.0   457.10637541759615
659.0   317.88673637683917
660.0   226.68141926499007
661.0   199.12150690018387
662.0   192.51803756374179
663.0   193.62617345307413
664.0   191.89354419101412
665.0   190.73204403835774
666.0   199.55036053490065
667.0   190.3226687044567
668.0   191.34268513528406
669.0   192.97936713777932
670.0   190.22455479714566
