640.0   191.0796893495233
641.0   197.571951928675
642.0   197.76828868311415
643.0   196.44757137437517
644.0   195.07364291692267
645.0   196.22276086557065
646.0   198.27180828921783
647.0   196.6428249702332
648.0   203.71570976030984
649.0   199.55849081741516
650.0   195.28424937673745
651.0   195.0911405964294
652.0   200.16214440824064
653.0   196.64928527121967
654.0   201.6240878507014
655.0   201.9578227755573
656.0   205.32456891938313
657.0   335.7253197451734
658.0   422.1373402349933
659.0   336.6299935241343
660.0   259.91708250675737
661.0   201.23885073270793
662.0   191.76477913490908
663.0   193.09131335847283
664.0   192.59052584197107
665.0   192.2084528714271
666.0   200.8228305319509
667.0   191.42259170945422
668.0   191.44889094132367
669.0   192.78406110980987
670.0   190.96383742468763
