640.0   190.82788062378603
641.0   196.9832681774928
642.0   195.68163781264735
643.0   196.23170912879814
644.0   194.20183347463256
645.0   194.0985070954526
646.0   196.60410963706775
647.0   192.80257524301732
648.0   202.64494982603316
649.0   200.787887493768
650.0   199.22630093630738
651.0   196.93519641004883
652.0   201.00804365218204
653.0   196.66694831471563
654.0   198.56203010270104
655.0   198.65372203566346
656.0   203.83694994696117
657.0   339.8270477640641
658.0   364.0056894833512
659.0   291.8440046988419
660.0   253.49957220198377
661.0   201.77554807642153
662.0   192.5281492156787
663.0   193.0180964862803
664.0   192.85542539939073
665.0   191.19093839748464
666.0   200.09419552264325
667.0   191.89548990040004
668.0   190.0227034868645
669.0   192.6293149168711
670.0   192.4049938461178
