640.0   191.79394249719618
641.0   197.70934108275813
642.0   196.2245101938409
643.0   195.6001712017306
644.0   195.54892974430496
645.0   194.25533262976575
646.0   196.67502424216758
647.0   196.59534564513814
648.0   202.73267450329882
649.0   197.72572877973843
650.0   196.3371439259254
651.0   197.876307751924
652.0   202.2429209761787
653.0   197.5306915999401
654.0   203.8388969614124
655.0   204.02970104378338
656.0   209.29684088057326
657.0   341.5401970747264
658.0   374.53758911933585
659.0   279.14359697641106
660.0   261.003208271533
661.0   203.88293396061897
662.0   192.76541500059207
663.0   192.41875453663386
664.0   194.20517855928512
665.0   191.55429935689773
666.0   199.58212614808033
667.0   192.72871100885166
668.0   190.85540889903325
669.0   193.8653297331953
670.0   191.1060310237475
