640.0   190.84298487957412
641.0   196.99129406744257
642.0   196.74774108283955
643.0   194.3656115414841
644.0   193.7083593756049
645.0   193.3792397597959
646.0   196.70030587204832
647.0   194.40097636395242
648.0   203.05472929330244
649.0   198.64273415613394
650.0   196.95602731290333
651.0   196.22347987820868
652.0   201.84619724400275
653.0   196.77190634183302
654.0   200.6257680023038
655.0   200.7724448771768
656.0   208.1334670076839
657.0   315.4464775906778
658.0   347.0835463009904
659.0   256.7901918403716
660.0   262.4350774155742
661.0   205.92846733664845
662.0   192.87797301503682
663.0   193.19453313866197
664.0   194.24078349154775
665.0   191.97931987885067
666.0   199.2824289394711
667.0   192.36400492454433
668.0   191.30147689771348
669.0   194.70660949431618
670.0   191.83460841900268
