640.0   191.2379865226158
641.0   197.17166201958284
642.0   199.02135025157688
643.0   196.86428212279037
644.0   195.29429090235612
645.0   197.15458704726586
646.0   198.64734723735035
647.0   197.93964251211165
648.0   207.42115529252396
649.0   202.73543836666028
650.0   200.41264680084106
651.0   197.91730615865748
652.0   199.84232725910294
653.0   195.8687721045775
654.0   200.21667350946143
655.0   202.7300206718516
656.0   203.613125044485
657.0   332.53400974586907
658.0   353.46173793587735
659.0   248.71014125641145
660.0   264.60648189592973
661.0   205.85782184500985
662.0   195.37892379352544
663.0   194.62767203815594
664.0   193.6741636883125
665.0   191.68688564174334
666.0   199.9736918199171
667.0   191.91423364344314
668.0   191.5922702855088
669.0   193.5270826914138
670.0   191.06342474413947
