640.0   191.21155559602212
641.0   198.17078921607293
642.0   198.29018591105347
643.0   196.00974642840612
644.0   195.79310070416474
645.0   194.56134822991794
646.0   196.5304350471652
647.0   195.71174057094748
648.0   203.0637276377061
649.0   201.2699985980908
650.0   197.80191693125673
651.0   200.00493292096846
652.0   204.78773003414625
653.0   194.97719270110224
654.0   199.9399142939126
655.0   200.78663378792484
656.0   201.32414309168914
657.0   326.0822238320783
658.0   379.2751732468814
659.0   273.15558565845157
660.0   306.49286881545214
661.0   210.44723376978612
662.0   195.3941290279601
663.0   192.83573048082548
664.0   193.0948831920714
665.0   191.5977175324262
666.0   199.28639374796745
667.0   191.03742778479804
668.0   191.51131973356206
669.0   193.18145241042498
670.0   191.76958827687162
