640.0   193.71721145166723
641.0   199.3975393045767
642.0   200.67678290252394
643.0   199.82811729435744
644.0   196.93359655370512
645.0   198.32133084508342
646.0   201.05487481439508
647.0   199.3688387199449
648.0   210.87595711086732
649.0   204.30088558631684
650.0   206.50650648738883
651.0   205.21789437369475
652.0   203.8179440990368
653.0   200.88734203740705
654.0   203.5289406256068
655.0   206.9493469784251
656.0   252.62260764614444
657.0   606.7687809226117
658.0   595.6018857747546
659.0   322.4523426075113
660.0   228.47629444623686
661.0   210.39056718176593
662.0   197.31594764465927
663.0   195.85670198129193
664.0   196.83114501913204
665.0   194.56187342815298
666.0   203.70823204662298
667.0   192.63137799168695
668.0   193.0913248723481
669.0   195.22838446176667
670.0   192.74011338526034
