640.0   190.76153007091273
641.0   197.1990710737229
642.0   197.8023363682855
643.0   197.00333793662213
644.0   196.71949445022292
645.0   195.87244088430256
646.0   197.76012125345093
647.0   196.1813578149407
648.0   207.252962842237
649.0   205.03803787878843
650.0   202.9166353031167
651.0   200.49158195151932
652.0   200.69068990709206
653.0   197.5338251407957
654.0   200.69733360102873
655.0   200.81325638086864
656.0   204.15916791361738
657.0   325.0877276153274
658.0   361.6552703728913
659.0   260.86818397085483
660.0   285.2840952520518
661.0   211.90315658886084
662.0   194.5978939159859
663.0   193.74791365128686
664.0   194.08942962016332
665.0   192.4224362154302
666.0   199.52481792544216
667.0   191.10020560271587
668.0   191.21108168122342
669.0   192.99247437337402
670.0   192.7185361513584
