640.0   193.28224737621218
641.0   196.78280226059127
642.0   197.41154715276343
643.0   197.647194406863
644.0   195.80145376452913
645.0   194.85557846629163
646.0   196.54259586302055
647.0   194.57286387861762
648.0   201.8447601257188
649.0   200.45586178732316
650.0   199.33835269264915
651.0   198.05597235475403
652.0   202.4410057392625
653.0   199.16053074727313
654.0   200.89070464599428
655.0   200.8896809146535
656.0   203.19668062074746
657.0   364.71966555554513
658.0   359.87020557198787
659.0   257.5372222045482
660.0   266.9687368837711
661.0   215.4398306491787
662.0   196.03489678928966
663.0   193.91691659955
664.0   194.14972954144815
665.0   192.03733343693608
666.0   200.61611173343488
667.0   191.60112436539308
668.0   190.9431951198804
669.0   193.5877984160158
670.0   190.6193986432686
