640.0   189.65560366625618
641.0   197.43364283857514
642.0   196.1695565902361
643.0   195.13346342055405
644.0   194.30789048393177
645.0   195.33195459033465
646.0   196.86166626355697
647.0   194.90241732589746
648.0   203.40974500386932
649.0   198.78750810671585
650.0   198.6300338986188
651.0   199.7088944024302
652.0   209.31130180771234
653.0   196.2992747601599
654.0   203.53597033891293
655.0   204.41716310784366
656.0   213.39197564395744
657.0   359.3801357913384
658.0   372.9310740543083
659.0   287.26794652925844
660.0   236.64006057489064
661.0   214.67465101993972
662.0   196.07591387693998
663.0   194.76528936236292
664.0   193.53607647099972
665.0   191.9359339495853
666.0   201.37721817422727
667.0   193.3955823289124
668.0   191.81579128387597
669.0   194.36491646385088
670.0   191.4578092589938
