640.0   192.62787073077612
641.0   198.58159330375295
642.0   197.6920703524884
643.0   196.4980661241845
644.0   194.83305131519793
645.0   194.40088590124242
646.0   196.65564199756307
647.0   195.18678860552842
648.0   203.10575770619658
649.0   201.3766354020538
650.0   200.35003621069038
651.0   199.22401816460263
652.0   200.69696616936102
653.0   199.15549902002925
654.0   200.81806519588304
655.0   202.79263997367832
656.0   212.1493041875636
657.0   354.06704788842666
658.0   406.1060983246238
659.0   256.0927490373768
660.0   247.0681267252412
661.0   213.26633057780987
662.0   195.27028443589649
663.0   194.10198209167953
664.0   192.71897450616655
665.0   192.45584094979728
666.0   201.19293931084655
667.0   192.5441351829726
668.0   192.9142858786045
669.0   193.64777958733313
670.0   191.2001516508306
