640.0   192.93243499615275
641.0   197.83881507299714
642.0   197.20167209113941
643.0   196.59909176056001
644.0   195.09167084627416
645.0   196.13256386005258
646.0   197.69638408623456
647.0   196.7790991714641
648.0   205.73440065984727
649.0   200.43508108467512
650.0   199.29118353593975
651.0   199.3641362451828
652.0   206.43487704112323
653.0   199.06967180110206
654.0   204.55921700415806
655.0   210.13109542653478
656.0   212.66351451226086
657.0   406.85598899668827
658.0   438.4497551136792
659.0   294.5523384710786
660.0   238.6778213422158
661.0   213.72280294619623
662.0   198.2369356631606
663.0   195.54662889260575
664.0   194.5704571820745
665.0   193.67156585393607
666.0   201.10419069622523
667.0   192.89865230026592
668.0   191.4674594438039
669.0   193.6992716309001
670.0   191.34557721060844
