640.0   194.59032729159264
641.0   199.89013108034334
642.0   197.97820727359772
643.0   198.50688185907023
644.0   195.41953068839842
645.0   194.5926316966241
646.0   196.2731651366269
647.0   194.34546047384237
648.0   204.53360167054302
649.0   199.1968176956771
650.0   197.5199719737777
651.0   197.71513305259867
652.0   201.6949573545404
653.0   199.1096086416348
654.0   202.31330251138988
655.0   205.73321112847663
656.0   206.6875146587297
657.0   398.09518758087734
658.0   407.38196829020507
659.0   300.50227912914494
660.0   239.22588269920297
661.0   212.24975581903595
662.0   194.4279805075869
663.0   194.42158574713105
664.0   193.7228942904122
665.0   193.20161089026425
666.0   200.654408337414
667.0   192.01253115721155
668.0   190.49593650466957
669.0   193.6247334430569
670.0   192.2868569368639
