640.0   193.2741255978957
641.0   199.44722084905703
642.0   200.85905165723025
643.0   200.6297538819977
644.0   197.4569152697132
645.0   197.07064793956403
646.0   198.75432947264733
647.0   197.40085807586246
648.0   206.31627028830744
649.0   204.9672738405505
650.0   200.77262643190025
651.0   200.4102647409882
652.0   210.25502039192688
653.0   203.06950043156252
654.0   206.69839931009383
655.0   208.97959407076365
656.0   220.6254839813119
657.0   459.9799078068048
658.0   475.44119598817616
659.0   285.12079547048353
660.0   228.44380139589876
661.0   214.75111502939973
662.0   196.96494434028006
663.0   195.95685235212392
664.0   195.94439387357733
665.0   194.13150516533395
666.0   203.06467781071223
667.0   192.55511360911586
668.0   192.60149733579357
669.0   194.95968990425945
670.0   193.3469113627611
