640.0   194.1655103374409
641.0   198.37492731773847
642.0   198.57237323458637
643.0   197.93013882641313
644.0   196.922464383413
645.0   196.66787762684817
646.0   198.17500563383555
647.0   196.76108553026637
648.0   205.79485480746993
649.0   200.05290452923472
650.0   199.086122884972
651.0   198.5348251015076
652.0   204.49975290723737
653.0   204.43459214194144
654.0   206.77170510212505
655.0   213.24712585848388
656.0   223.4729035278405
657.0   408.93780389659366
658.0   447.5802485481239
659.0   302.59912590678493
660.0   246.0657655545765
661.0   212.1209926839246
662.0   195.64507879452435
663.0   195.60372886705585
664.0   195.8145674233974
665.0   193.61108531776506
666.0   200.96705762709968
667.0   193.17807339312625
668.0   192.3249744297329
669.0   193.80192285739264
670.0   192.40868972146285
