640.0   192.92075644338976
641.0   197.6863252683924
642.0   199.32164261210733
643.0   199.4217487952639
644.0   198.0430851041869
645.0   198.1712445365622
646.0   197.4314812747004
647.0   196.84055356564122
648.0   204.08027476803446
649.0   202.5425182707097
650.0   201.357211475024
651.0   202.0069615147845
652.0   207.97663683975034
653.0   203.42437393637016
654.0   208.93271009179088
655.0   213.3616189360548
656.0   254.03386766803504
657.0   402.19252621866013
658.0   492.58897503031756
659.0   306.8168609278981
660.0   226.51939962551432
661.0   207.06031952036696
662.0   197.76187775515962
663.0   196.33657754461532
664.0   194.76049776840497
665.0   193.559020166966
666.0   200.465209320837
667.0   192.49869008829756
668.0   192.5766628254447
669.0   194.43997846456583
670.0   194.252644715416
