640.0   196.59398767262707
641.0   201.84164386311156
642.0   200.73287415722803
643.0   201.92369844131935
644.0   197.64278024086582
645.0   196.67543865386804
646.0   196.17939877000407
647.0   196.12916672077893
648.0   205.2407971597804
649.0   202.13799624364236
650.0   202.82875389008686
651.0   206.38090116770294
652.0   210.84566492715504
653.0   201.35479422893337
654.0   206.5065334833766
655.0   211.23530449635987
656.0   227.44409522395705
657.0   441.6147714153211
658.0   460.8283769220922
659.0   303.1577813177911
660.0   229.66367970887126
661.0   208.8976118916415
662.0   196.75464611714372
663.0   195.2009081570536
664.0   196.59960953978162
665.0   193.5634420936778
666.0   201.90001852362016
667.0   194.12810921819133
668.0   193.02102580223664
669.0   194.14791847167288
670.0   191.77085068504522
