640.0   194.8846424460905
641.0   200.12917081773315
642.0   200.3630347082402
643.0   199.97164463768
644.0   198.26218980307868
645.0   198.78426423268482
646.0   201.89346374671703
647.0   199.49116576787503
648.0   208.73066562532068
649.0   202.81061725271047
650.0   202.44037035595892
651.0   205.81736872314485
652.0   206.57884671086308
653.0   202.73194982707736
654.0   204.9799318587408
655.0   214.9084827318307
656.0   314.2124870154659
657.0   754.175456974668
658.0   922.3570761810308
659.0   272.0722705303382
660.0   220.6106140774044
661.0   201.77803738062408
662.0   196.5765888428121
663.0   197.212016274509
664.0   196.6235113241989
665.0   194.3758453960462
666.0   202.25304540234134
667.0   193.56407959664685
668.0   192.01674260683168
669.0   195.50526728775634
670.0   192.6373290268837
