640.0   192.95928260292396
641.0   198.51980546088527
642.0   197.16707096931367
643.0   198.38921580305026
644.0   196.7050410614361
645.0   196.0448050169666
646.0   198.7806323282241
647.0   197.2127574717813
648.0   204.84031979198147
649.0   200.53591841466027
650.0   198.57750723202167
651.0   197.98314313242494
652.0   203.73082935729713
653.0   201.3008761222282
654.0   199.964021014146
655.0   207.05717777173567
656.0   229.3544849097787
657.0   433.1109421033454
658.0   432.8227734997562
659.0   289.96866221026164
660.0   224.78847103827533
661.0   207.8547997953806
662.0   195.63935379825392
663.0   194.52750329227464
664.0   194.41607274917763
665.0   192.8274714592444
666.0   200.49193111234007
667.0   193.56512442226452
668.0   191.6262683995813
669.0   194.44608907875792
670.0   192.13439824122324
