640.0   193.03812179685463
641.0   198.26238919424492
642.0   197.97473999172684
643.0   197.5576359290598
644.0   196.41286995222094
645.0   196.77258639245144
646.0   197.52206787346256
647.0   195.17460564852198
648.0   203.06131817347048
649.0   199.42524755861425
650.0   199.002514054689
651.0   200.45428588611168
652.0   204.28601567537152
653.0   197.72132173172534
654.0   202.72202013735304
655.0   206.09790472696028
656.0   209.31449863996824
657.0   377.0246851745105
658.0   402.81910148110205
659.0   291.1996576207504
660.0   213.96133214020898
661.0   204.38636026926335
662.0   195.67942247475136
663.0   194.3006974523391
664.0   194.5045699132666
665.0   192.77679795223222
666.0   199.83018650156689
667.0   192.59451286092067
668.0   192.7762085877001
669.0   193.73041021682832
670.0   191.896146272845
