640.0   194.89100942323412
641.0   200.73301826597157
642.0   202.00575918624784
643.0   201.62327023807254
644.0   197.77558658511407
645.0   197.98784239053776
646.0   199.282848739138
647.0   199.34435655027238
648.0   209.95951539186484
649.0   207.96681582760516
650.0   205.23660523900853
651.0   205.45801445503494
652.0   210.7574130648717
653.0   215.3692162545197
654.0   209.3359166298761
655.0   206.32334199164205
656.0   210.82941996050832
657.0   389.77430618412853
658.0   506.6130927112328
659.0   287.60154693492984
660.0   225.33761558509104
661.0   214.57913109973464
662.0   203.51734505992937
663.0   198.13887011011872
664.0   199.65353963497228
665.0   195.67266810346393
666.0   202.79005994074566
667.0   194.6922177266888
668.0   194.8728781944509
669.0   196.1600955926405
670.0   193.61928189015515
