640.0   195.42656102979805
641.0   201.38750537636741
642.0   199.9526335918225
643.0   201.7729142175302
644.0   197.4898611912316
645.0   199.52897507276424
646.0   200.87093279849196
647.0   203.40991875283845
648.0   213.52752095107726
649.0   209.97884430184135
650.0   206.89081251842316
651.0   205.9598830988537
652.0   217.0684398310873
653.0   209.6313947666102
654.0   209.1339480996757
655.0   211.86783347702166
656.0   222.0997902211744
657.0   510.8852204962065
658.0   492.1016033966268
659.0   325.5629242613789
660.0   225.25044749114628
661.0   210.41995929547662
662.0   197.13470597049752
663.0   196.38115006003122
664.0   198.15164099622567
665.0   195.8162326109186
666.0   202.39212045301093
667.0   195.14191197003447
668.0   194.687656347961
669.0   196.2039002103141
670.0   193.9639354938272
