640.0   194.01073806877125
641.0   199.85045969257368
642.0   201.12863048011974
643.0   199.81790921941408
644.0   196.64001411147777
645.0   198.24205513525283
646.0   199.59159228859232
647.0   196.34702336082938
648.0   207.2347002211123
649.0   202.84170246548774
650.0   203.90035095648082
651.0   202.36510692320923
652.0   206.80072580947157
653.0   205.92424997175576
654.0   205.92656414367133
655.0   207.9106280924117
656.0   212.78312186467025
657.0   407.69093441299555
658.0   490.49635193978327
659.0   320.74428229921625
660.0   245.14535687972403
661.0   207.2495362074181
662.0   199.4017099602042
663.0   195.94565542600256
664.0   196.54296506954876
665.0   194.9060635261281
666.0   201.88370585741055
667.0   194.399337756791
668.0   192.5203252808333
669.0   194.13667164678085
670.0   192.9806480632488
