640.0   192.98587079588555
641.0   198.6506338072287
642.0   199.07862907812407
643.0   197.38509193362574
644.0   196.1986732938932
645.0   196.24387691237183
646.0   197.7089574603903
647.0   197.00898472069457
648.0   205.64474307384435
649.0   199.94578161267572
650.0   201.22028326869935
651.0   199.33898764850193
652.0   201.02569981323822
653.0   205.0460296475625
654.0   204.31076121365368
655.0   203.5849358617392
656.0   214.50403981346736
657.0   414.2966557885501
658.0   489.07837687614756
659.0   325.18949345506064
660.0   242.91701759961126
661.0   207.61000035149863
662.0   197.73318956620466
663.0   195.14875566375295
664.0   195.19737587485707
665.0   193.55120526074637
666.0   201.31312334971454
667.0   193.8361151010719
668.0   191.78624836457652
669.0   194.30336189937438
670.0   192.1457603680519
