640.0   192.3444075786836
641.0   198.90024339464568
642.0   199.42012317111636
643.0   198.57398142329004
644.0   195.91714172785518
645.0   197.5768045264475
646.0   199.72404816569525
647.0   198.0123172527846
648.0   207.4649465320528
649.0   205.0870412317466
650.0   201.66242707406997
651.0   202.37068249649954
652.0   202.58870816152836
653.0   199.33525575339263
654.0   203.8054658497771
655.0   213.63693961575
656.0   308.72659030017223
657.0   620.799321574243
658.0   750.8339212957964
659.0   268.7810591605304
660.0   213.1384961264219
661.0   202.7012555127379
662.0   196.61625275476155
663.0   196.73518648483034
664.0   194.22838203442922
665.0   193.23874763731678
666.0   202.2875380350228
667.0   193.0061144490428
668.0   191.50829834856964
669.0   194.2703466199494
670.0   190.23110471364228
