640.0   190.78018476149458
641.0   197.6786137602017
642.0   196.355438046836
643.0   195.99984186405615
644.0   194.848588957005
645.0   194.21564123252531
646.0   195.96648147459692
647.0   193.7427875516168
648.0   201.41455284138198
649.0   198.02071973408832
650.0   195.89377865810422
651.0   197.02937338415123
652.0   197.5394087746435
653.0   194.06442734076163
654.0   196.4626157061556
655.0   200.8021286490108
656.0   236.390663645726
657.0   382.1697500284051
658.0   408.6247871009128
659.0   279.9984381690273
660.0   204.21096802634227
661.0   197.00237558248233
662.0   191.90592345444645
663.0   192.35012249351874
664.0   192.83127467395144
665.0   191.68606763740027
666.0   199.24612642835373
667.0   191.94963098463742
668.0   190.83807920183997
669.0   193.73617753233222
670.0   190.40359482209846
