640.0   185.8635080908335
641.0   192.64920752633282
642.0   188.72033794107614
643.0   184.92320112668716
644.0   186.75576029277792
645.0   188.98358342482834
646.0   190.73634196037136
647.0   189.05466505470523
648.0   193.9536933690955
649.0   187.8565898571633
650.0   182.70541112119864
651.0   187.71718770048466
652.0   175.61654587573398
653.0   164.31850458850832
654.0   159.46551737956878
655.0   179.60106481074575
656.0   137.23498601223991
657.0   276.6890077462763
658.0   314.33330098042507
659.0   247.29632001417724
660.0   222.3526563123514
661.0   194.63391940530647
662.0   186.4810337026094
663.0   179.83751698145812
664.0   175.1487808337325
665.0   178.43516608490228
666.0   188.23900307013537
667.0   181.8698155267843
668.0   184.13313496015536
669.0   187.588910832544
670.0   187.3337203823241
