500.0   646.0699304637719
501.0   649.2416983207072
502.0   650.9551344632955
503.0   631.8910651482406
504.0   640.8935112094255
505.0   614.0207930684767
506.0   617.8313935413412
507.0   597.9051527121777
508.0   572.4284875972812
509.0   557.7548854501907
510.0   533.7074983654637
511.0   533.1528196980125
512.0   523.1666044391304
513.0   522.3614684519497
514.0   485.7580182236152
515.0   485.99300289896354
516.0   506.6847500861795
517.0   509.27311996578817
518.0   490.60768599080666
519.0   515.2198086879678
520.0   479.30534252079065
521.0   496.0214437847186
522.0   517.102230824231
523.0   502.70704590663644
524.0   506.2909136369519
525.0   535.6056604018174
526.0   541.8902165643514
527.0   574.6378502058144
528.0   586.0471694123383
529.0   607.1404696734417
530.0   633.8581572088744
531.0   665.118976916126
532.0   680.2672726734909
533.0   690.1304673187785
534.0   722.6781708023996
535.0   747.9819269126693
536.0   776.9184060477997
537.0   801.308198110369
538.0   827.3916850511971
539.0   852.5128177717341
540.0   863.1042561468806
541.0   855.5681440375075
542.0   853.7693796366719
543.0   866.4771986814964
544.0   855.6507989280014
545.0   833.0461799797665
546.0   819.379702942659
547.0   795.8818424167539
548.0   768.5548420659651
549.0   756.9366957058859
550.0   731.4287533329716
551.0   710.5955385753275
552.0   720.0986221797473
553.0   678.3595835567369
554.0   672.0845690825804
555.0   654.2627251481304
556.0   647.8518579473659
557.0   626.9515908415347
558.0   638.5040051991582
559.0   607.5901003170378
560.0   616.1800040998386
561.0   613.4198979808514
562.0   590.3032170408029
563.0   597.8495397426716
564.0   629.3284371090355
565.0   609.105661505628
566.0   649.5177100286021
567.0   640.4094495777684
568.0   641.7851034458147
569.0   683.1394489103465
570.0   693.5410487811737
571.0   706.464604408633
572.0   697.995366318632
573.0   718.3114105584111
574.0   739.5895053471412
575.0   775.3339921169701
576.0   781.6393693858058
577.0   816.5125330888379
578.0   830.965552659472
579.0   863.1279851136102
580.0   886.1882575005382
581.0   911.947275861163
582.0   934.1416693472991
583.0   961.2883960249046
584.0   972.4783910420365
585.0   999.8157257922103
586.0   1024.4495542382465
587.0   1014.613767370111
588.0   1029.920096208373
589.0   1047.2192081919516
590.0   1034.429719980771
591.0   1033.5469692819636
592.0   1013.4345619955631
593.0   1012.4373081501915
594.0   992.8292790080816
595.0   977.4660928039043
596.0   958.8809717213492
597.0   944.7238197291706
598.0   932.5461363012121
599.0   914.68521568813
600.0   883.3070940077041
601.0   875.9899571884071
602.0   845.2627692788726
603.0   868.4579905273359
604.0   837.9964437526321
605.0   838.0022661729372
606.0   843.6609486917405
607.0   845.7512370993229
608.0   840.1031137194158
609.0   790.1279035959027
610.0   809.8929169268151
611.0   804.7583539448335
612.0   826.0551244039968
613.0   801.6508626752659
614.0   774.7294157343927
615.0   791.9302418345701
616.0   805.3145695552079
617.0   837.457360139362
618.0   816.0078624493069
619.0   831.1546912396639
620.0   836.6484207110733
621.0   869.2064669221555
622.0   868.2964499457325
623.0   900.8798065600439
624.0   915.0592048490167
625.0   940.1408474724885
626.0   981.4210686692443
627.0   1009.9824934783597
628.0   1038.8425268427004
629.0   1073.0443493154464
630.0   1088.458230236502
631.0   1123.4127152074689
632.0   1149.1223598612319
633.0   1173.0462456242656
634.0   1203.5987762429563
635.0   1221.0434640890749
636.0   1247.2744979782922
637.0   1278.7124975078707
638.0   1261.9325230679865
639.0   1304.565728505989
640.0   1312.1657310682795
641.0   1306.7566822778153
642.0   1320.926163488654
643.0   1317.0596710064506
644.0   1310.404236092903
645.0   1311.9425660550464
646.0   1321.3643325680107
647.0   1303.0456704402245
648.0   1288.3026202700066
649.0   1273.567492577937
650.0   1260.163249329146
651.0   1254.8222204189274
652.0   1248.105234238649
653.0   1229.0470841656156
654.0   1215.9169366118274
655.0   1206.444031443684
656.0   1206.4957586737332
657.0   1204.2943862482641
658.0   1185.2623356101346
659.0   1193.3251491579726
660.0   1194.0140666261134
661.0   1186.7806959516383
662.0   1193.980659012602
663.0   1185.901326509322
664.0   1205.0247609341345
665.0   1243.7194980543247
666.0   1214.2083337711767
667.0   1218.4226980451883
668.0   1216.8069837375308
669.0   1231.2394363662997
670.0   1283.7647204372784
671.0   1304.8929631208755
672.0   1322.259001398011
673.0   1308.253309051388
674.0   1313.6291647555606
675.0   1365.7892216991002
676.0   1358.091538646207
677.0   1394.4556207507678
678.0   1418.828442375843
679.0   1452.7540934603649
680.0   1492.4361734493154
681.0   1513.3976074717389
682.0   1549.603752627476
683.0   1579.866254548252
684.0   1612.6998274518387
685.0   1653.4297800910513
686.0   1682.3957528136618
687.0   1719.0174874940863
688.0   1736.0204237370626
689.0   1777.6368051003356
690.0   1818.9805276961742
691.0   1836.4090816071746
692.0   1895.266658371646
693.0   1935.6590374928658
694.0   1912.3937859823677
695.0   1969.4805313063812
696.0   1966.1499752088816
697.0   1942.7014057182596
698.0   2020.5213959129508
699.0   2040.368269559349
700.0   2020.3887055165992
701.0   1987.3109426995309
702.0   2034.8586115036042
703.0   1998.7859476342817
704.0   2021.010649799101
705.0   2025.6673753864243
706.0   2010.1079077168154
707.0   2006.022294454697
708.0   1980.9307503592067
709.0   1970.9620337548947
710.0   1943.221900948027
711.0   1916.0212188938062
712.0   1895.8614444265602
713.0   1882.9699277259692
714.0   1872.6668266138547
715.0   1836.243850666039
716.0   1833.4704481826218
717.0   1838.8544995027573
718.0   1785.7197894524656
719.0   1797.7556974082474
720.0   1759.615150345913
721.0   1743.7384903677864
722.0   1757.6830712961716
723.0   1737.208282768715
724.0   1747.0003224484171
725.0   1685.708593258021
726.0   1690.129519407424
727.0   1687.0202408270186
728.0   1674.146367736997
729.0   1695.3955905438231
730.0   1615.150270193713
731.0   1634.7701218568482
732.0   1676.5974301065392
733.0   1674.0969180860352
734.0   1669.529798264901
735.0   1644.2162051243308
736.0   1586.5751739492657
737.0   1594.9794664892245
738.0   1627.3197251523356
739.0   1585.6477681110807
740.0   1662.4574115816808
741.0   1618.2097521032572
742.0   1651.3129168914331
743.0   1609.5518578023
744.0   1612.6189967504909
745.0   1599.7671549395711
746.0   1606.7926977271627
747.0   1627.259691226366
748.0   1623.4593891255931
749.0   1634.5367122322707
750.0   1658.9538435803051
751.0   1674.42310917429
752.0   1714.4082876586076
753.0   1758.5348611065567
754.0   1816.3363900463382
755.0   1865.9442091860892
756.0   1932.8026638689519
757.0   1970.668487085933
758.0   2057.82303178672
759.0   2093.401568475853
760.0   2154.2775220295957
761.0   2217.4869547667936
762.0   2281.9496963559795
763.0   2364.4901404458133
764.0   2402.6458365518347
765.0   2440.4617077352177
766.0   2490.5142284234676
767.0   2483.4113912606595
768.0   2593.6890062086886
769.0   2545.001641846415
770.0   2591.1601333044227
771.0   2588.430194419475
772.0   2598.7666336866664
773.0   2537.5172347875355
774.0   2571.861037644264
775.0   2510.2267463512926
776.0   2520.43525576098
777.0   2522.426666769371
778.0   2518.4017772010184
779.0   2448.7665183682943
780.0   2434.3865437805503
781.0   2377.32427268037
782.0   2341.25255251666
783.0   2306.2263193807157
784.0   2260.6628712634965
785.0   2215.260180167086
786.0   2183.953297577611
787.0   2128.454733474283
788.0   2081.7729943917043
789.0   2055.2266658260296
790.0   2009.0608748826335
791.0   1944.1848903863195
792.0   1923.6355392654286
793.0   1873.8444417260437
794.0   1807.3781785343035
795.0   1778.3285150471668
796.0   1739.6184126767832
797.0   1758.3246362253399
798.0   1663.2456302522
799.0   1594.9199600326717
800.0   1572.0433515808104
