500.0   487.0188013951911
501.0   488.14172413270876
502.0   484.09952556409894
503.0   463.79595037430073
504.0   472.5320494786586
505.0   454.48553295962165
506.0   448.92500430898906
507.0   436.58053726354945
508.0   412.35835821693604
509.0   400.1114107819013
510.0   391.23629707156147
511.0   382.8892149075547
512.0   382.6735840131242
513.0   378.78568016606266
514.0   351.12533823336105
515.0   355.8852538699719
516.0   370.46532893775384
517.0   370.6629177967078
518.0   358.9336850800082
519.0   373.63299607032604
520.0   348.37610296932496
521.0   361.5034256048543
522.0   381.7023034161833
523.0   371.9348857635129
524.0   372.6630234712902
525.0   396.5307593264462
526.0   396.86241466233867
527.0   419.1590434136985
528.0   431.86091648757724
529.0   450.20784375611305
530.0   468.25137265952617
531.0   489.27986426041934
532.0   499.2276634057453
533.0   514.0054781525839
534.0   537.7249811086273
535.0   553.6256500618814
536.0   575.9493581211606
537.0   589.0350217240123
538.0   610.7889880835605
539.0   630.7937167361194
540.0   634.0843477027331
541.0   630.0836491361255
542.0   628.1800244497841
543.0   636.4968416566611
544.0   621.1755114902701
545.0   611.8447196673802
546.0   592.4107901770677
547.0   578.7581530561181
548.0   558.5288384544359
549.0   546.7585970450699
550.0   528.8665798689001
551.0   511.0288172536363
552.0   526.1376058758995
553.0   494.58662795342644
554.0   487.12736340577334
555.0   477.51299183250376
556.0   471.37723063864314
557.0   459.7461810242322
558.0   466.7662356277144
559.0   448.3829353716724
560.0   449.98021957795834
561.0   450.164258562468
562.0   431.27463243160196
563.0   436.606849450367
564.0   460.02823283826456
565.0   454.2430748612805
566.0   486.75365768437155
567.0   482.6779379898005
568.0   472.18931836915203
569.0   507.8499420601448
570.0   518.5276540636557
571.0   530.199461356169
572.0   523.6829557055063
573.0   540.2883752349586
574.0   555.9711329576215
575.0   584.0214923255633
576.0   591.6986694377117
577.0   618.431719558673
578.0   626.9669046475169
579.0   655.5871046644
580.0   670.1958256903554
581.0   693.1600264767001
582.0   710.5277777884057
583.0   727.0783901384749
584.0   732.0393377981289
585.0   755.9760623067068
586.0   773.8986227948749
587.0   763.0891152448921
588.0   771.7467790256154
589.0   789.0214618922314
590.0   777.8300029030202
591.0   773.585279866583
592.0   759.0820469666157
593.0   762.599274134845
594.0   740.9225635794122
595.0   730.3923794744474
596.0   718.0013201182367
597.0   709.6357001967939
598.0   697.5898086873585
599.0   687.7412176747553
600.0   663.8362269151413
601.0   660.5090816982167
602.0   635.499780923767
603.0   657.2989395576265
604.0   631.9763558603497
605.0   625.3278693478328
606.0   640.3679518136014
607.0   639.0689384971014
608.0   639.9328481110805
609.0   599.8534739972732
610.0   615.331596366424
611.0   610.4062540672978
612.0   629.159722948328
613.0   608.5741183381963
614.0   587.778170667854
615.0   596.0724477925671
616.0   613.6268102378625
617.0   634.7457835438829
618.0   619.2876113213904
619.0   639.5285474220677
620.0   644.3355550973824
621.0   669.6057733668644
622.0   680.4796268533166
623.0   701.6671329095475
624.0   713.3164130320429
625.0   735.4635862502628
626.0   767.0609804025125
627.0   791.3293027030844
628.0   812.6770158325539
629.0   837.4438621029944
630.0   856.588582473125
631.0   877.8559512063887
632.0   905.3961679274698
633.0   919.4422291054567
634.0   933.9447144890362
635.0   957.6304648694129
636.0   982.9510479397219
637.0   999.9340782310911
638.0   984.6035381478509
639.0   1025.8091820643112
640.0   1021.4738562612092
641.0   1024.9470796902744
642.0   1027.0144132386752
643.0   1028.1288410205814
644.0   1022.2373802656688
645.0   1024.5003165446728
646.0   1036.9639352833967
647.0   1011.9232630986728
648.0   999.0522718495306
649.0   987.4629492822862
650.0   978.104733053628
651.0   979.087026193451
652.0   969.1634029664476
653.0   960.5508055523163
654.0   952.0342604297916
655.0   936.9973299635462
656.0   939.540091112101
657.0   946.5418384744971
658.0   926.3728390087966
659.0   935.8351367925144
660.0   936.9207184088206
661.0   933.3042816391351
662.0   941.1278381094735
663.0   937.6047324877901
664.0   952.7610383006713
665.0   978.6192175642273
666.0   961.1339473915107
667.0   968.3289403065692
668.0   958.4914498972794
669.0   978.7754095307886
670.0   1018.9637876980732
671.0   1034.1365335571338
672.0   1060.3709240869146
673.0   1040.0272775742333
674.0   1055.6913726936784
675.0   1097.1692745862708
676.0   1091.0726597408898
677.0   1124.9908002046495
678.0   1144.7945380825433
679.0   1173.6390963515105
680.0   1205.7210076572578
681.0   1234.2102037838754
682.0   1254.0878633253583
683.0   1278.6114103716136
684.0   1311.8054908559252
685.0   1347.5845308092005
686.0   1374.6741689048765
687.0   1399.012605156508
688.0   1416.3741004192166
689.0   1453.9579680319373
690.0   1482.75329884764
691.0   1493.680747868014
692.0   1543.869170232971
693.0   1584.7977053608554
694.0   1569.9412474618766
695.0   1611.3451055359699
696.0   1602.9938809039677
697.0   1584.6512793714558
698.0   1653.5217322206665
699.0   1668.600838014143
700.0   1643.9198575363555
701.0   1631.8590195844079
702.0   1660.9487774623717
703.0   1637.0175336913853
704.0   1646.846083357335
705.0   1663.1535859380294
706.0   1639.6889903823778
707.0   1633.0792635624139
708.0   1619.7838086422962
709.0   1609.4178035762632
710.0   1585.994746930514
711.0   1568.0825232891668
712.0   1547.63561699203
713.0   1537.171601178894
714.0   1527.291232276475
715.0   1501.8951470369334
716.0   1489.4976137881793
717.0   1511.1900151431355
718.0   1459.201738797439
719.0   1478.6669670812998
720.0   1444.8603499130566
721.0   1434.5022980231413
722.0   1452.7967898037175
723.0   1432.6105516214454
724.0   1443.6077892772032
725.0   1399.31139276073
726.0   1395.0661121485327
727.0   1399.1966659739785
728.0   1382.1394972844137
729.0   1410.5956043148394
730.0   1335.1544772230418
731.0   1355.1525610957383
732.0   1396.5991609217265
733.0   1393.9859057922586
734.0   1397.8003983434467
735.0   1369.3994723558228
736.0   1333.022681706852
737.0   1342.5483907456887
738.0   1363.0455101418343
739.0   1338.4756676508487
740.0   1401.4785758716812
741.0   1364.6865375161067
742.0   1401.9430905023344
743.0   1366.579836165313
744.0   1377.1790297870768
745.0   1360.6803409016884
746.0   1368.7285491766988
747.0   1383.0339222684024
748.0   1376.6225087356233
749.0   1381.4976299210773
750.0   1395.3309737716115
751.0   1405.2805314314492
752.0   1436.789397971814
753.0   1473.38418468906
754.0   1523.233187856246
755.0   1550.4515983696908
756.0   1613.239361346354
757.0   1655.4416479792244
758.0   1729.0482878879618
759.0   1747.7103332135528
760.0   1802.9301067029178
761.0   1861.8855120062535
762.0   1917.826467670983
763.0   1990.0128734578375
764.0   2018.7286818805585
765.0   2069.3429104081492
766.0   2114.721968286875
767.0   2116.8124427021303
768.0   2204.6888441900282
769.0   2171.06569541163
770.0   2205.6465164845313
771.0   2205.2115010780135
772.0   2214.376150740742
773.0   2161.1698975293857
774.0   2185.499637283063
775.0   2140.645413676368
776.0   2151.5595102870775
777.0   2148.7024507251117
778.0   2138.9555134887983
779.0   2086.2504931758604
780.0   2067.9002975146545
781.0   2026.286470126519
782.0   1987.5537591073046
783.0   1951.3776554347298
784.0   1917.6566894736013
785.0   1882.1997700494903
786.0   1847.3067126513745
787.0   1808.922457271068
788.0   1763.9998357793468
789.0   1742.1310711711624
790.0   1700.0322180791215
791.0   1637.4199172010283
792.0   1621.9911079632095
793.0   1578.1110931100322
794.0   1525.787423627852
795.0   1497.9390776301407
796.0   1461.6771018820748
797.0   1471.6011980598541
798.0   1386.5249305743077
799.0   1321.1985793985189
800.0   1304.2648004075481
