500.0   266.18726634472716
501.0   269.40992226059916
502.0   275.72061364439946
503.0   258.2328028815409
504.0   262.54828612892584
505.0   253.25911255336402
506.0   254.95956600642546
507.0   243.7184223565433
508.0   232.82032901395544
509.0   225.13547991187068
510.0   220.1239435305463
511.0   213.6035036190547
512.0   208.00061954940048
513.0   208.87457348134856
514.0   194.23795367983598
515.0   196.79187958768097
516.0   203.44899316042543
517.0   202.7722668633196
518.0   198.12408302733135
519.0   206.06573352061272
520.0   189.69117368155935
521.0   194.23347117872473
522.0   207.12776009022713
523.0   199.9941548114724
524.0   200.66736481506345
525.0   215.98130380583166
526.0   211.2166530155127
527.0   227.9927586644921
528.0   231.80109645528998
529.0   238.01999635569632
530.0   250.81608117738145
531.0   258.64878178709534
532.0   267.64368990780997
533.0   272.0588295594464
534.0   284.0654967976502
535.0   286.916909983634
536.0   300.5646395737664
537.0   313.35590798727407
538.0   319.5976932002944
539.0   333.2954753613361
540.0   337.69556806424
541.0   331.4255115557613
542.0   336.64072589755017
543.0   342.73431182643674
544.0   333.08673022662384
545.0   323.8152065980198
546.0   319.42446704694476
547.0   311.7627071220515
548.0   301.32754142064437
549.0   290.3610197126481
550.0   282.15276208685896
551.0   273.6267915342826
552.0   279.687142307256
553.0   264.8910445985651
554.0   258.8460924513189
555.0   252.67837357986252
556.0   252.20245507055964
557.0   243.8363205567998
558.0   248.75117234932807
559.0   232.2747570873813
560.0   241.49805772110759
561.0   234.21992444021458
562.0   227.8697909858713
563.0   228.39791757667567
564.0   241.7353217161996
565.0   239.00655954040496
566.0   253.04740118448007
567.0   250.81215421484632
568.0   246.89061835636235
569.0   262.6173373555044
570.0   268.4721041115863
571.0   275.07897194549173
572.0   267.98062752094654
573.0   278.677516037783
574.0   292.8764513515164
575.0   302.16990283549035
576.0   305.77049651913677
577.0   319.7037084677493
578.0   324.5944320020257
579.0   340.26361074718807
580.0   346.7501037161514
581.0   357.5961743240401
582.0   363.9308786260798
583.0   375.9368607063493
584.0   380.8771063038223
585.0   393.81063831533675
586.0   401.33164425700807
587.0   390.71373349424215
588.0   397.24725313776923
589.0   407.1223917797997
590.0   407.04151224808356
591.0   397.6635032801147
592.0   397.5715894196013
593.0   394.79657730579123
594.0   386.5858385233678
595.0   381.3436365734373
596.0   371.86951570850107
597.0   367.7472058185267
598.0   367.2637981779159
599.0   358.8265190642981
600.0   345.9305933289056
601.0   344.1972632492097
602.0   332.42907150144123
603.0   341.1201518827228
604.0   327.3073237303817
605.0   327.1809855029255
606.0   328.95691464653004
607.0   329.85818158956226
608.0   333.2120382503855
609.0   314.22199506734466
610.0   322.49399442903035
611.0   318.0779770280111
612.0   329.97963927628854
613.0   319.21796446155594
614.0   309.5597045566534
615.0   313.3967123929699
616.0   318.6109185349028
617.0   337.252581658928
618.0   322.9166587851483
619.0   337.5325627210173
620.0   335.2919800892995
621.0   348.01437784449206
622.0   349.5577320385891
623.0   356.9801259991649
624.0   361.05354094097913
625.0   371.2688507206685
626.0   387.0838321204377
627.0   397.77665853443443
628.0   408.64679489091924
629.0   419.6930790627851
630.0   426.1164462828709
631.0   435.0015855137008
632.0   446.06577621803063
633.0   459.93032632967265
634.0   464.6384351067085
635.0   468.6678955632697
636.0   484.5309396186683
637.0   497.81935661860985
638.0   486.09162552838006
639.0   505.8608786935359
640.0   502.074422582697
641.0   499.55753027568255
642.0   505.08744028984165
643.0   508.93247901331654
644.0   505.83918498118624
645.0   504.89936619401124
646.0   509.3036723992621
647.0   498.4161649665222
648.0   497.9559286114729
649.0   483.50179605674606
650.0   483.2284952237599
651.0   478.98927719269363
652.0   479.63643311226997
653.0   475.3724372935171
654.0   466.09805049992184
655.0   466.5394748413605
656.0   467.8119410524538
657.0   455.9967790313543
658.0   454.70807080449515
659.0   457.3368884953736
660.0   456.76892797127357
661.0   458.0527936727103
662.0   462.18864450618213
663.0   457.8953094652653
664.0   463.1517873062841
665.0   477.7416581268049
666.0   466.45930178275665
667.0   473.60198536747737
668.0   470.0786184340597
669.0   475.78384115826884
670.0   499.9839902516203
671.0   503.4721784727669
672.0   511.39678188419884
673.0   504.64063697195655
674.0   508.66827259000866
675.0   532.1146279825639
676.0   532.3657403976372
677.0   542.9169092068933
678.0   546.0178427756757
679.0   560.5247393496151
680.0   579.066670075063
681.0   592.1515181197168
682.0   604.2817977742037
683.0   616.8777857100713
684.0   633.2085158484033
685.0   649.7279857478919
686.0   660.9668624749269
687.0   665.4330497717154
688.0   679.7880028720713
689.0   694.9950580824859
690.0   713.3895827057449
691.0   718.7862718128358
692.0   736.8763070937782
693.0   761.0129742204267
694.0   753.9650415013368
695.0   774.1707194468638
696.0   778.4670820379744
697.0   758.936858653996
698.0   796.5012522863484
699.0   806.9522189131903
700.0   799.0834401013592
701.0   785.8825057822912
702.0   800.7232669906634
703.0   793.431490170089
704.0   799.6913928126809
705.0   798.7784139029188
706.0   789.8210361089353
707.0   792.2364900236055
708.0   783.3939483651191
709.0   777.5873479359205
710.0   768.1721781839982
711.0   758.8818759975493
712.0   752.0239936383243
713.0   750.1437830471093
714.0   742.1728004975504
715.0   728.5026713840997
716.0   721.9875240595
717.0   727.7429912068565
718.0   704.138940076332
719.0   717.1580938457126
720.0   697.8747741706088
721.0   685.3826173237718
722.0   698.4835163331966
723.0   688.6058905370278
724.0   699.235222055548
725.0   668.5892657352239
726.0   669.7999100756426
727.0   671.1023444589379
728.0   663.3950217884593
729.0   676.5691284951849
730.0   641.1649172921409
731.0   653.8243395636945
732.0   670.7110645301574
733.0   667.7823856834019
734.0   670.8548194317437
735.0   661.4335571992785
736.0   637.2731999040647
737.0   644.7107601992839
738.0   651.1600831171486
739.0   634.6547373892206
740.0   674.7297768148474
741.0   652.0932301053098
742.0   667.7203472137169
743.0   660.6303928185213
744.0   663.8486030551162
745.0   648.4547903900477
746.0   656.9406585765641
747.0   671.0535112716542
748.0   671.475408570167
749.0   682.5257476458964
750.0   682.4906709820559
751.0   687.4375122012543
752.0   705.2758413595591
753.0   716.1949246142153
754.0   738.4207528960169
755.0   747.5928986134993
756.0   772.1819501538675
757.0   776.5526227791286
758.0   814.7957726526834
759.0   815.9528981334615
760.0   833.9881907561632
761.0   848.2311959032448
762.0   870.125794515868
763.0   895.263619653199
764.0   904.6522511755089
765.0   910.1337987538622
766.0   941.5018945865842
767.0   927.4364322177967
768.0   971.4481180116111
769.0   943.1649132211406
770.0   960.6423351234819
771.0   962.3531650197082
772.0   963.5504007273615
773.0   932.7005760131857
774.0   950.4293227145716
775.0   932.1250666447042
776.0   927.1884730764158
777.0   929.0932259549006
778.0   926.1211382738136
779.0   904.6138595996298
780.0   894.2289976790286
781.0   878.6468844573739
782.0   860.289764567108
783.0   850.2784986624976
784.0   837.3601923872739
785.0   820.7058810123975
786.0   807.8373530466409
787.0   791.7655447884405
788.0   770.9806044272466
789.0   761.5598234825791
790.0   741.2995355059086
791.0   712.2258707611841
792.0   706.7661827650743
793.0   693.5070619179809
794.0   675.1946232481388
795.0   657.7904868811936
796.0   644.716216648593
797.0   650.4291837442618
798.0   618.0350440368569
799.0   591.7648061543556
800.0   580.0133759022779
