500.0   273.6860964166424
501.0   276.2555274014285
502.0   276.0205231210788
503.0   264.17174796659594
504.0   273.26752179718426
505.0   260.19223192223296
506.0   257.34824661809216
507.0   249.9984287200975
508.0   239.03129852075384
509.0   226.68280650261255
510.0   223.4757456292999
511.0   219.56426614105524
512.0   214.1273589513438
513.0   216.03477720974948
514.0   199.32343156669577
515.0   201.15712235610476
516.0   206.04632805373686
517.0   203.34070100948145
518.0   200.96260032696298
519.0   210.0863018608426
520.0   192.21275503162786
521.0   199.90942398481204
522.0   209.18049715607208
523.0   205.5575605807071
524.0   201.9072977973277
525.0   217.45812565585345
526.0   217.23621743985427
527.0   228.0124231278461
528.0   235.1180713671449
529.0   244.008932959878
530.0   249.44594876350843
531.0   261.14687303870846
532.0   272.00935923359225
533.0   276.6511294206654
534.0   290.03907599599415
535.0   295.42723966740607
536.0   304.83301462294696
537.0   317.04741747283606
538.0   327.76141838388406
539.0   338.0665176065271
540.0   344.6669591925955
541.0   339.1240230460446
542.0   341.42291569930705
543.0   347.2014336105185
544.0   335.7010307356349
545.0   330.84139373258097
546.0   321.24107218443845
547.0   316.5201208053299
548.0   303.80326631110086
549.0   294.69017305794296
550.0   284.27449804210244
551.0   276.98088485652727
552.0   286.8302485360081
553.0   265.4984113040392
554.0   260.0585437762745
555.0   258.1677313301442
556.0   251.13610125105876
557.0   248.04099672911107
558.0   248.97142047909128
559.0   240.18087639598016
560.0   238.4585367471793
561.0   237.11415567910376
562.0   231.50154046075346
563.0   227.95897795537215
564.0   242.40852232858916
565.0   242.0259421199945
566.0   251.93366050545228
567.0   250.28007575985822
568.0   250.2900434753145
569.0   268.331844517925
570.0   267.41404430985096
571.0   277.2340213965615
572.0   270.84915399010856
573.0   282.53930838552935
574.0   292.68141580907013
575.0   304.7476900466724
576.0   306.68295301199527
577.0   320.75842824527456
578.0   325.6527322203246
579.0   338.598293296757
580.0   347.2539135501449
581.0   363.27695238028633
582.0   369.35322919295686
583.0   377.64507046036965
584.0   382.6383777661258
585.0   396.36556958034464
586.0   406.105329611795
587.0   396.6117808563501
588.0   401.64200239274
589.0   410.4322552493953
590.0   408.55635989769485
591.0   403.70145310906196
592.0   400.7886540914768
593.0   399.08004544319334
594.0   386.5813276073268
595.0   385.19842515537704
596.0   377.3761534460992
597.0   374.71253124627924
598.0   367.1040129231943
599.0   359.73578886874856
600.0   350.37327963584346
601.0   345.02461011070653
602.0   328.7483919940434
603.0   344.43637317143714
604.0   329.5489423758573
605.0   329.27707170251165
606.0   337.4436044302883
607.0   332.30173649650123
608.0   337.71938043969703
609.0   313.89070459329514
610.0   318.60201361677
611.0   321.6353627294285
612.0   331.0488304458839
613.0   323.6676752427668
614.0   312.2660191484536
615.0   320.46079037322556
616.0   325.46268322527453
617.0   341.49360033883903
618.0   324.60101098766387
619.0   339.38559588843924
620.0   341.3866966110853
621.0   349.9591101952491
622.0   353.51434433774267
623.0   361.7184601465368
624.0   362.2607874983154
625.0   370.7946394572318
626.0   393.23427036743396
627.0   403.5931683101022
628.0   409.2760068299014
629.0   421.69985908622385
630.0   429.441541940605
631.0   437.4946473604516
632.0   448.10674619717923
633.0   459.3062668382162
634.0   469.83486266171104
635.0   471.01753745866205
636.0   484.9646091824676
637.0   494.16568373421387
638.0   489.28126044667886
639.0   505.7207416326051
640.0   505.07356146107134
641.0   503.05138241537713
642.0   505.3266093156367
643.0   509.19391668789206
644.0   504.8479244610186
645.0   505.21918400336597
646.0   510.6656291443517
647.0   497.38472898814956
648.0   500.71633755690823
649.0   486.3091389514328
650.0   482.38599201874166
651.0   483.8364533176832
652.0   479.644899793464
653.0   474.8418263300799
654.0   461.82253504756903
655.0   461.03959044697604
656.0   464.99480602134656
657.0   461.0873485168796
658.0   454.74545029213084
659.0   457.6017770281652
660.0   459.62980973445053
661.0   457.2578545988282
662.0   458.7512749286611
663.0   457.27674333587606
664.0   463.66202283901436
665.0   477.821572739224
666.0   469.74549478064677
667.0   473.77337126751183
668.0   469.96325980442344
669.0   474.9793644549437
670.0   497.0938085695626
671.0   503.5147764057124
672.0   510.8792613889609
673.0   502.5329131669192
674.0   508.6623026689375
675.0   526.1394986725428
676.0   526.4639966536272
677.0   546.1968346535189
678.0   548.9622738076258
679.0   561.2473478965504
680.0   582.3340230512615
681.0   588.9235346675406
682.0   597.8344745802248
683.0   613.5244261531552
684.0   630.6081467659153
685.0   645.9166155243747
686.0   659.7183798223068
687.0   668.3066716795925
688.0   676.0990503132513
689.0   692.4693017300079
690.0   710.0284826689505
691.0   720.2492887502672
692.0   739.3359527502209
693.0   760.5119067063224
694.0   753.5018013553494
695.0   772.8435735408227
696.0   772.3835378914318
697.0   761.4332856751226
698.0   801.3160995515416
699.0   801.224473353833
700.0   795.3444768470633
701.0   783.6037739736198
702.0   805.769714737018
703.0   783.3111466836092
704.0   800.3463872954179
705.0   798.0658589269991
706.0   787.8117398782422
707.0   786.5867604276705
708.0   779.8237577245219
709.0   778.5492509610567
710.0   769.0844670853152
711.0   757.691784065657
712.0   743.587108260032
713.0   743.6632204595505
714.0   741.7601113493456
715.0   723.8131397206192
716.0   714.6462761014847
717.0   725.6936870427983
718.0   704.6479072473195
719.0   712.4487030897707
720.0   691.7535004505414
721.0   687.0102298162709
722.0   696.9581942311788
723.0   687.0243201625973
724.0   690.3396957890383
725.0   668.8458248997388
726.0   666.307200409593
727.0   665.4915955869695
728.0   664.56936057656
729.0   673.0016745937842
730.0   641.412907216541
731.0   649.6480817682027
732.0   669.7188077770481
733.0   665.378296421816
734.0   665.7406136804888
735.0   662.4913372284559
736.0   634.2386132386125
737.0   639.9260041388695
738.0   646.2313435616752
739.0   633.4491431319336
740.0   671.9657393207403
741.0   654.0923388669988
742.0   662.6521104928604
743.0   653.6411093946812
744.0   662.8068993827461
745.0   654.1530700891003
746.0   655.5437204587868
747.0   675.4527258640918
748.0   672.403341050324
749.0   682.2243845257578
750.0   688.692856248065
751.0   692.2905870828035
752.0   702.5628016937842
753.0   710.1426228466946
754.0   731.2364618670911
755.0   740.8874047324659
756.0   766.0468620857022
757.0   773.4260387774536
758.0   800.5355298015188
759.0   800.1655344648891
760.0   818.5825162229389
761.0   831.3770883483513
762.0   853.1227624492473
763.0   874.5903492916585
764.0   893.5596299611967
765.0   895.8909851002021
766.0   920.2590161783506
767.0   904.3896970608973
768.0   947.0636301616573
769.0   927.2735484240858
770.0   936.4620406250888
771.0   940.7142882918823
772.0   941.8766609591627
773.0   912.316491558245
774.0   927.8814080546457
775.0   902.1548840086191
776.0   914.1800150321461
777.0   906.9067761244435
778.0   900.673416034708
779.0   885.1490690779293
780.0   875.9922067547499
781.0   857.5688437454422
782.0   832.5990365570708
783.0   829.6387335057133
784.0   811.5071532319535
785.0   799.7394389516603
786.0   783.8488192161996
787.0   766.4029323976606
788.0   747.6834322437879
789.0   736.8201752201107
790.0   722.5751522627744
791.0   696.9536530014773
792.0   684.3154752457256
793.0   680.566406259671
794.0   651.9920055910125
795.0   643.5418719355539
796.0   629.682757392456
797.0   631.2002332342526
798.0   596.0245130901864
799.0   577.5321051566963
800.0   565.1824455065973
