500.0   292.942075021406
501.0   295.97720243858055
502.0   295.5552035244532
503.0   284.88032809612105
504.0   288.33384515867067
505.0   277.33471124070127
506.0   277.1646412933966
507.0   261.2683402206228
508.0   252.61858702571246
509.0   242.28826176837134
510.0   236.82095242702738
511.0   233.1270511998284
512.0   230.13786337596855
513.0   228.68755344265455
514.0   206.48333082230948
515.0   211.3187286666477
516.0   217.66368207947758
517.0   220.3776443792924
518.0   212.7884855932667
519.0   223.66006773933262
520.0   200.80033387491278
521.0   212.6789847755838
522.0   223.9339382084953
523.0   213.6439766319187
524.0   219.01697745106216
525.0   228.68738936570583
526.0   229.11333153389648
527.0   242.31188080041153
528.0   249.32105133734936
529.0   255.58610267056804
530.0   265.55621313959625
531.0   274.6656149274397
532.0   285.78603913437695
533.0   290.5822358918227
534.0   303.74742832044626
535.0   312.48777216794826
536.0   325.6739727891678
537.0   331.2258616998934
538.0   343.47614265046735
539.0   355.25248704434136
540.0   361.108842657162
541.0   357.944248310017
542.0   353.2247173993883
543.0   363.88693271023317
544.0   354.12151789469993
545.0   343.5023840324691
546.0   341.4678761665052
547.0   329.2488563623411
548.0   318.24852293638287
549.0   311.543899575744
550.0   297.6553874621228
551.0   288.57062385603615
552.0   296.41515284396866
553.0   283.6037664121491
554.0   271.73622411881456
555.0   269.2149344642038
556.0   265.93627302858715
557.0   258.717775550822
558.0   263.032040787832
559.0   249.37271975298344
560.0   250.53026939503198
561.0   250.34649642096934
562.0   241.22745877618644
563.0   241.76816632399218
564.0   255.65340429284512
565.0   252.39297269103622
566.0   268.20033909548977
567.0   264.8293945646269
568.0   264.6860594114024
569.0   282.46531327237176
570.0   282.15925083996603
571.0   287.5356300298787
572.0   284.38672669917594
573.0   294.5546859379524
574.0   307.4185016302446
575.0   320.9821553828693
576.0   322.292199695834
577.0   336.8860755279268
578.0   342.87679223558195
579.0   353.41579434151924
580.0   364.2574753376886
581.0   376.9052997289106
582.0   387.02278421775407
583.0   399.08711313387437
584.0   402.45085342516245
585.0   411.54441501725046
586.0   419.46048972285803
587.0   414.06570151821626
588.0   419.4061336919466
589.0   429.3591629971828
590.0   426.47468690863707
591.0   418.43293065752005
592.0   419.2747263859171
593.0   413.02567646053086
594.0   409.6094920344044
595.0   399.2746904386419
596.0   393.2920057079311
597.0   389.5939378085005
598.0   384.0350404094971
599.0   379.3466152419332
600.0   363.8988777769698
601.0   360.8317936151745
602.0   346.25973093743136
603.0   360.3617506231068
604.0   345.58226359435383
605.0   340.991249984716
606.0   349.6125677943475
607.0   345.4826143546628
608.0   350.33246265866114
609.0   326.8507900330155
610.0   335.2974657831049
611.0   336.8874257452632
612.0   344.7158100083479
613.0   336.06654987517123
614.0   324.9512994205442
615.0   335.6838495729089
616.0   340.57529263084905
617.0   356.6069407652887
618.0   345.22066053574537
619.0   355.9497616674915
620.0   355.7494167956942
621.0   364.72878546608797
622.0   364.67180890256117
623.0   376.84161685145455
624.0   381.09644969254566
625.0   387.7863737632971
626.0   405.88237805459255
627.0   418.0066329020498
628.0   425.8104412230055
629.0   438.349992742085
630.0   437.65357047011526
631.0   454.1308578208475
632.0   465.5207633813288
633.0   473.6560316578024
634.0   485.06469126752046
635.0   488.4573443479691
636.0   499.9884847588487
637.0   513.7541537930352
638.0   505.00168071718576
639.0   517.6954540927254
640.0   518.0971200584945
641.0   518.1665412052627
642.0   523.2804313045804
643.0   528.5327553299127
644.0   515.9078439465248
645.0   523.2510444695138
646.0   525.9614772441744
647.0   516.0275114116248
648.0   510.36644483236773
649.0   501.4294759965323
650.0   493.697487871738
651.0   495.56150473699665
652.0   494.1701100372122
653.0   491.95931217677935
654.0   479.021087038535
655.0   475.7097891456051
656.0   478.45982206452527
657.0   471.7213362848131
658.0   468.9205717442269
659.0   473.1204900781107
660.0   466.3688705010359
661.0   470.56803437155736
662.0   471.64039724997605
663.0   469.02682452891145
664.0   474.0454719140609
665.0   493.9601248337602
666.0   479.7705579335097
667.0   483.9967231960279
668.0   479.5349888171307
669.0   490.025910792648
670.0   511.10922366352736
671.0   517.2246294730652
672.0   526.5788685658837
673.0   514.7499405732215
674.0   519.6000004521337
675.0   546.4473544446333
676.0   541.7544451057706
677.0   554.1357598116508
678.0   561.8121706342612
679.0   574.7555987122663
680.0   593.4790043042253
681.0   606.3904062146241
682.0   615.9689654210064
683.0   625.1912770498975
684.0   641.0034773485247
685.0   659.560463066065
686.0   673.72785351661
687.0   683.4837303341551
688.0   692.0443786057318
689.0   710.7276574647165
690.0   726.9852888376452
691.0   734.8202141404281
692.0   754.9066510561606
693.0   776.5832763509757
694.0   775.1878975779848
695.0   793.8443442933939
696.0   787.442742274509
697.0   779.4772430767697
698.0   807.870554242675
699.0   822.8358371108859
700.0   809.452464425763
701.0   800.2861979007464
702.0   811.704238134717
703.0   801.6188188600651
704.0   814.7121210808632
705.0   812.2185988487124
706.0   809.4124501279682
707.0   803.1411235782451
708.0   797.4740200621104
709.0   794.6547032577324
710.0   787.5247509254776
711.0   774.3191339456786
712.0   763.5697229809641
713.0   755.9862012483625
714.0   751.2611057754837
715.0   735.5634691596586
716.0   733.3549737341269
717.0   740.3875135931235
718.0   717.3495249504529
719.0   727.6546038297039
720.0   704.6936068863592
721.0   697.2889554554622
722.0   706.9627294594143
723.0   702.344269421569
724.0   709.6700814009013
725.0   682.0247968124405
726.0   682.3976265869917
727.0   675.8104676555755
728.0   673.718241253677
729.0   684.0111535196806
730.0   658.1565908246392
731.0   660.8940842868816
732.0   677.7024841386985
733.0   677.584580662587
734.0   682.3730429117193
735.0   669.2499613627547
736.0   644.7517715796427
737.0   647.9220495372539
738.0   662.5816882495424
739.0   645.1521467421478
740.0   683.2073671025266
741.0   667.1092334857217
742.0   680.4281865333191
743.0   667.5919229968619
744.0   673.892750449635
745.0   667.5873695285355
746.0   673.644913193212
747.0   688.1949385426191
748.0   693.222340742006
749.0   700.4357840165776
750.0   699.8149555827363
751.0   705.2352287396603
752.0   714.9399536737642
753.0   733.3273026224688
754.0   744.3714049844368
755.0   755.8630178340015
756.0   774.5325720154157
757.0   784.8257370070535
758.0   809.9649475357073
759.0   806.7499638522152
760.0   826.1372144245233
761.0   833.4019678968574
762.0   853.2036355485112
763.0   880.1329079676451
764.0   884.4691865938972
765.0   895.8107384176036
766.0   917.1910830823957
767.0   903.5739295152614
768.0   937.1338407229032
769.0   917.9751682957682
770.0   928.1390902479288
771.0   932.4720031316291
772.0   931.1080044119718
773.0   904.6682267144087
774.0   922.699850480296
775.0   897.9913455031665
776.0   899.2000476400452
777.0   902.502234724949
778.0   901.5852906917232
779.0   879.3978456810147
780.0   867.1820725770889
781.0   847.0718858351428
782.0   825.44539153394
783.0   822.4206549664647
784.0   805.5971573103177
785.0   793.5568721795146
786.0   780.7003281126415
787.0   760.8769252517246
788.0   745.206684722358
789.0   732.7949910057382
790.0   721.6709288832096
791.0   693.6718315538685
792.0   682.9923983434131
793.0   672.3028906502287
794.0   643.8551163731755
795.0   637.0302935896868
796.0   624.8195788444597
797.0   626.611531095473
798.0   592.3644326293996
799.0   566.0875690194458
800.0   557.9470766838627
