500.0   292.89990629066006
501.0   294.12922144805145
502.0   298.13067575267166
503.0   287.4878300446471
504.0   290.8064269306808
505.0   277.1701150066011
506.0   281.59343865886206
507.0   267.69894461142076
508.0   255.4156507040466
509.0   247.38922918626355
510.0   238.78775141813534
511.0   234.2810903302641
512.0   233.90125207859762
513.0   226.6393885598379
514.0   208.45219048270474
515.0   212.4951614160055
516.0   221.93723434120065
517.0   217.6143816994305
518.0   215.6664561558455
519.0   223.10886161275218
520.0   205.7701114776027
521.0   216.4882271347088
522.0   224.90727224116222
523.0   216.7370312701271
524.0   216.4543246821194
525.0   231.54548941482693
526.0   231.28342699156332
527.0   245.88617975567672
528.0   248.8216111959717
529.0   257.193158178666
530.0   268.0901122481255
531.0   281.66137832523987
532.0   284.4175293131662
533.0   293.8043553598067
534.0   305.29862552122063
535.0   310.6229702179314
536.0   325.2425201854461
537.0   335.4047592788349
538.0   343.78202456424793
539.0   354.6465624806199
540.0   360.45146701933743
541.0   354.9628922268952
542.0   354.5749309786422
543.0   361.5583398695585
544.0   352.9362013405776
545.0   345.66247226100154
546.0   338.08283221116017
547.0   329.4214404046223
548.0   314.69161094291024
549.0   308.5054220377226
550.0   298.26131139951644
551.0   291.3865678833374
552.0   297.9949249271213
553.0   281.09833523951033
554.0   275.02858182699043
555.0   269.28014309820594
556.0   263.1318247542739
557.0   263.5644001802084
558.0   266.1877921688035
559.0   251.1757476370274
560.0   253.48821435503393
561.0   251.33801236068717
562.0   242.32089930461348
563.0   241.4160910648745
564.0   256.6841094177993
565.0   253.04070799621383
566.0   265.025796447141
567.0   267.4752982432828
568.0   260.49031364039615
569.0   282.9961920669127
570.0   281.0688338737111
571.0   286.04523070902184
572.0   281.1598659475969
573.0   294.51212715467466
574.0   307.5860246871812
575.0   319.04303029716283
576.0   320.0697015149612
577.0   336.14064349402065
578.0   343.27534490050795
579.0   359.7752697254667
580.0   364.24908420006653
581.0   378.0284824682264
582.0   387.2215834966147
583.0   400.5798523498012
584.0   398.6861802927381
585.0   413.6581449326262
586.0   419.7533349792583
587.0   412.6366984249052
588.0   417.15785145725306
589.0   427.9771397479549
590.0   423.07034136430207
591.0   420.45064307203097
592.0   416.3982556477266
593.0   417.6955539883698
594.0   405.755712989127
595.0   401.34115880077564
596.0   389.72306764008994
597.0   385.74583779795444
598.0   383.25338804548846
599.0   373.8802931124513
600.0   361.3159857212885
601.0   361.81212406262676
602.0   344.93432628929196
603.0   359.4815184757184
604.0   342.3288772235051
605.0   340.47799711273035
606.0   348.6996061863826
607.0   343.41862764651887
608.0   348.57302709034434
609.0   325.34731236763787
610.0   331.9746862844118
611.0   336.89042436428673
612.0   344.6653887310445
613.0   334.4738585441267
614.0   325.171563478761
615.0   332.4708099929252
616.0   336.0641736867195
617.0   353.51559084105367
618.0   339.76789974246054
619.0   353.44860187915793
620.0   355.4730268400027
621.0   365.8074043076725
622.0   368.34923728659675
623.0   374.94156783058486
624.0   374.8342250551458
625.0   381.93286929761257
626.0   403.2747549161476
627.0   412.55683134853155
628.0   424.40989594720514
629.0   438.72667124965955
630.0   437.36799331371617
631.0   448.2420160844946
632.0   459.2857482819415
633.0   472.74108094256985
634.0   475.173533860257
635.0   482.33532235533045
636.0   495.6613653609006
637.0   507.4854549221486
638.0   498.4760154686809
639.0   514.4546002262343
640.0   517.9455976292936
641.0   511.1486606340044
642.0   513.6163709585376
643.0   517.4074411054995
644.0   513.4712705829339
645.0   512.2209128344505
646.0   518.5697509078468
647.0   511.1745023401183
648.0   502.8543213623816
649.0   494.37742189164993
650.0   491.0445092777832
651.0   483.4649350431496
652.0   484.59784782389636
653.0   482.9471566203173
654.0   470.21682385249386
655.0   469.42142157419016
656.0   467.8461471437431
657.0   466.4568645532687
658.0   461.25580259493495
659.0   465.2827909502171
660.0   464.5438539769656
661.0   461.68998119364835
662.0   465.05669720320174
663.0   464.2431944891489
664.0   465.889735266566
665.0   485.9052455249733
666.0   473.68725923250605
667.0   474.9300973065259
668.0   473.439208899903
669.0   476.1822689508957
670.0   500.6788072169636
671.0   510.31740454068495
672.0   517.6220115736561
673.0   508.9692299368251
674.0   512.9753208526946
675.0   536.396693207608
676.0   534.8484561620472
677.0   546.4451749427844
678.0   554.7668026986092
679.0   568.821191843383
680.0   587.6798646445976
681.0   596.0942920703764
682.0   607.3520842717979
683.0   619.2131788486743
684.0   633.7962049533153
685.0   653.385291088314
686.0   663.3334759729131
687.0   672.8577521546126
688.0   682.030670528923
689.0   701.2677882870921
690.0   718.0152848896075
691.0   724.6565095478311
692.0   746.5415454230754
693.0   763.6468579730006
694.0   758.4948899579724
695.0   781.0127201760154
696.0   778.8749022654472
697.0   765.1939387103836
698.0   802.6476176332502
699.0   806.0038404828888
700.0   803.8397336089586
701.0   789.4148022714705
702.0   800.3607337800415
703.0   791.9220866158327
704.0   804.0712364099674
705.0   802.8238131325779
706.0   790.8703527195446
707.0   787.2837612501158
708.0   786.4870527440536
709.0   779.0369134699097
710.0   766.7355305018085
711.0   758.7249922334383
712.0   746.524424326476
713.0   740.3078940340959
714.0   742.8157053473855
715.0   721.4545797724911
716.0   716.931959302733
717.0   725.8650257583099
718.0   700.1431140877206
719.0   711.7685723009191
720.0   693.3390101296616
721.0   685.5529368526192
722.0   691.9141353833666
723.0   683.5174486781926
724.0   696.4644347431802
725.0   667.5465621109674
726.0   670.8476421605808
727.0   662.8113407786708
728.0   660.9680222821628
729.0   671.2056974751092
730.0   643.0564467668763
731.0   647.7378498682502
732.0   667.3500717279838
733.0   667.3320910967103
734.0   666.0452180251384
735.0   652.6772641064194
736.0   632.8511530364696
737.0   634.9464995902521
738.0   653.6662509008929
739.0   631.5833203308639
740.0   669.8943319935224
741.0   657.0520858165737
742.0   669.0659873572276
743.0   654.931354347678
744.0   661.6517943306513
745.0   657.7958744639402
746.0   659.0561437988688
747.0   684.9875480483925
748.0   680.0974166452232
749.0   687.7107574856841
750.0   693.5243406139996
751.0   694.6574071608082
752.0   698.1321222927672
753.0   717.1230748152971
754.0   730.4532485118821
755.0   730.2449507865939
756.0   758.8084926880166
757.0   762.9645100021469
758.0   786.374534898951
759.0   782.6686002737129
760.0   801.6114020982684
761.0   812.6934181371176
762.0   824.6795203242135
763.0   842.6529415686131
764.0   855.8680439073838
765.0   855.4870985305666
766.0   886.436761047817
767.0   870.5230803132179
768.0   908.1569258725747
769.0   881.6680806270557
770.0   893.2483920068921
771.0   894.5478599036752
772.0   898.2474442871691
773.0   868.606744792086
774.0   877.1791958036282
775.0   858.9904887113587
776.0   861.1620334903572
777.0   864.569710294053
778.0   857.9689568313288
779.0   840.9421238934216
780.0   829.184833540682
781.0   814.6483325140126
782.0   788.0902467120181
783.0   785.5517411481562
784.0   770.1479053168041
785.0   758.8348949575717
786.0   746.833704248454
787.0   731.0237458849932
788.0   708.8673477040741
789.0   702.0398927825286
790.0   681.5494898605825
791.0   658.969755462068
792.0   647.3652889234987
793.0   638.4011094386356
794.0   614.8752543722796
795.0   601.8424814966036
796.0   586.9195563858117
797.0   596.9261471996253
798.0   559.6911490288145
799.0   539.8066302495225
800.0   527.2318222908206
