500.0   287.6841896883674
501.0   291.8957409047931
502.0   292.24593640018077
503.0   277.6140690851036
504.0   285.3618521654301
505.0   270.36819808797986
506.0   272.3390670256208
507.0   261.13362453581317
508.0   250.3420810108498
509.0   239.94291553298535
510.0   234.692687389101
511.0   232.20020337551986
512.0   224.3419428657279
513.0   225.49291892413183
514.0   206.36721719951834
515.0   206.79828585759043
516.0   217.31653789037037
517.0   212.3129547453256
518.0   211.2620150069607
519.0   220.69497894195226
520.0   199.54729322106533
521.0   207.53885187925172
522.0   217.48872481309633
523.0   208.17835671480907
524.0   209.81017327659842
525.0   225.07358693052373
526.0   224.99849666184815
527.0   234.96574608746226
528.0   244.72025368273384
529.0   251.7094481194676
530.0   261.42356460206827
531.0   270.4518819911174
532.0   279.08574114850563
533.0   286.4214678842059
534.0   297.1432391364227
535.0   305.3241958708942
536.0   314.0067555900714
537.0   328.16483831772945
538.0   335.0154746716568
539.0   345.655092909073
540.0   349.5278602792515
541.0   349.820140905249
542.0   348.9509792221203
543.0   353.720679307709
544.0   344.39034844228405
545.0   339.5923579175359
546.0   331.6723705861493
547.0   322.4688936859891
548.0   310.9153595174802
549.0   305.88957395274576
550.0   292.95954581369926
551.0   288.06536503051905
552.0   293.02313345410244
553.0   275.1801696547683
554.0   268.6632476462715
555.0   264.3044456174176
556.0   258.50153438026473
557.0   253.78185232952026
558.0   255.47540980630092
559.0   243.07442333282305
560.0   241.61654669168402
561.0   238.69642294534952
562.0   230.81320588386984
563.0   237.0638073473505
564.0   249.77180584008048
565.0   245.09749067647675
566.0   259.1847176305914
567.0   258.88343807915345
568.0   252.69148356316978
569.0   277.3380687473815
570.0   275.87260271792866
571.0   280.2237266743657
572.0   274.9455376072427
573.0   288.6384012651903
574.0   300.15260181636916
575.0   312.0523752582026
576.0   316.4120314328562
577.0   327.27239077633413
578.0   335.64666165111936
579.0   346.84806156991544
580.0   354.7172637454457
581.0   367.0315956377653
582.0   373.30352822545956
583.0   387.6040161017871
584.0   389.2228394634242
585.0   402.8687473360111
586.0   408.95637062617254
587.0   402.9831660493581
588.0   406.9093223147223
589.0   417.2579059825839
590.0   413.30966065866994
591.0   406.49810876497475
592.0   403.50225433779497
593.0   404.53472898922956
594.0   391.4016609898748
595.0   385.1736317577344
596.0   376.9231908098289
597.0   374.55196159299373
598.0   368.49863004409497
599.0   363.68282758304355
600.0   357.00121322336486
601.0   348.647156038879
602.0   336.776193016676
603.0   348.1019564204863
604.0   335.613694954443
605.0   332.31347477961094
606.0   336.5343368247931
607.0   336.2303547597105
608.0   337.4999473926192
609.0   315.8896374226615
610.0   323.53652273198753
611.0   326.4188261806999
612.0   337.2691661291431
613.0   329.277104555348
614.0   317.16918932054887
615.0   324.8194703089772
616.0   328.63509886545137
617.0   344.0015938907621
618.0   334.37474627974206
619.0   344.7023068960952
620.0   344.8926744596341
621.0   350.1416486083684
622.0   361.2631828681926
623.0   363.45472742108484
624.0   365.1937377731865
625.0   371.3114121197782
626.0   393.440693085362
627.0   405.9678924810796
628.0   411.7503613017762
629.0   423.76408063655543
630.0   424.007483602157
631.0   433.70206829337815
632.0   444.2889240931399
633.0   454.2709415700068
634.0   461.89328951280646
635.0   464.7126641574318
636.0   474.49997427743153
637.0   492.1464118408745
638.0   481.5104767360142
639.0   498.2292334833788
640.0   498.48885443405277
641.0   495.3852585563759
642.0   500.6799349338753
643.0   502.2616824111011
644.0   495.4756090897963
645.0   495.1828447183458
646.0   503.0182376144473
647.0   489.44867781625254
648.0   487.89022207945266
649.0   474.5574897082624
650.0   473.39947080849157
651.0   469.9605402824594
652.0   464.47339390276125
653.0   465.19846759194
654.0   452.13574064448477
655.0   452.2989348049266
656.0   453.5812614140857
657.0   448.6175274052828
658.0   442.6103292502886
659.0   447.0346185905471
660.0   444.92909616065504
661.0   446.8716429704508
662.0   449.8327160958423
663.0   441.42592126870557
664.0   448.45715517000684
665.0   466.7118357028141
666.0   455.5758316944395
667.0   456.84926102829513
668.0   458.23957183109184
669.0   460.5127855757105
670.0   484.50324536742596
671.0   491.55037345971994
672.0   501.5234473974749
673.0   491.4043030418349
674.0   496.0478435964304
675.0   514.2591235078372
676.0   515.4064680929457
677.0   524.5411812689958
678.0   532.4587107802262
679.0   545.4270661123146
680.0   563.8755049361653
681.0   573.0191148835573
682.0   589.5903223893841
683.0   597.9362557398053
684.0   613.7051782530425
685.0   627.915048543541
686.0   633.2754873836748
687.0   648.1769441643689
688.0   660.2886831027228
689.0   671.3958809386686
690.0   692.2028823116316
691.0   696.3101944526454
692.0   716.487556716592
693.0   739.4926333680942
694.0   728.9695034947229
695.0   753.0195253899633
696.0   751.1304995607959
697.0   732.1957351106778
698.0   772.0745719356029
699.0   771.8296075361063
700.0   766.8825233768817
701.0   761.1958488191901
702.0   769.8096916322971
703.0   764.7864213664312
704.0   770.2007400687402
705.0   772.3191564318358
706.0   764.9332874645822
707.0   757.8211663066728
708.0   752.5825382939006
709.0   747.835488830493
710.0   742.6808226515127
711.0   728.9870669063233
712.0   719.8548262598995
713.0   715.7115617639965
714.0   712.5858504774278
715.0   693.5403505391345
716.0   693.1038205177019
717.0   703.0859464083956
718.0   677.7692768536818
719.0   682.9433819509674
720.0   671.5175079639189
721.0   660.7001940169416
722.0   667.9803118153528
723.0   658.2126807876081
724.0   671.929484509297
725.0   646.5646766854003
726.0   646.4670619449123
727.0   637.5086461767343
728.0   636.132654518075
729.0   649.3746245160332
730.0   614.1306780335836
731.0   623.9597212276961
732.0   643.3947626432378
733.0   639.5947079064651
734.0   638.7554390679728
735.0   633.5020754812203
736.0   608.3166939494793
737.0   616.9348334248994
738.0   628.0840489411364
739.0   611.8436800619293
740.0   646.2755899546646
741.0   630.2432980830217
742.0   641.8912768294513
743.0   631.5436016860938
744.0   644.295308901081
745.0   634.9157510214702
746.0   636.4877953385628
747.0   657.6490135173607
748.0   659.765153096571
749.0   661.2448560603355
750.0   669.3679901374471
751.0   670.8188602396249
752.0   673.6886493464392
753.0   692.2759508578858
754.0   699.9959838963277
755.0   703.6633931919131
756.0   720.7684836543729
757.0   731.2436403107474
758.0   746.9013405891949
759.0   749.0732867840907
760.0   759.1761543714858
761.0   768.4666464685597
762.0   786.1898899946556
763.0   802.142700831014
764.0   815.0903625320296
765.0   815.018356475644
766.0   829.1251692269285
767.0   827.2849136771456
768.0   854.7780491693727
769.0   834.2248972691359
770.0   841.8615850842655
771.0   837.2630709735141
772.0   844.4454847335179
773.0   821.4953260641026
774.0   830.9548427540653
775.0   806.3086976152824
776.0   811.5849778958034
777.0   806.6459624950305
778.0   807.1804460008564
779.0   790.5534914922795
780.0   772.7067674003613
781.0   762.8628654375739
782.0   740.784342143996
783.0   739.8826559399204
784.0   718.6143761352218
785.0   707.1627403700477
786.0   701.9032960723221
787.0   680.0858298289694
788.0   658.0851690402295
789.0   654.2930433768624
790.0   634.5426295476865
791.0   613.9183902460195
792.0   603.4182857019553
793.0   592.0461907121174
794.0   568.8666092666102
795.0   560.3048984670443
796.0   550.5240934228813
797.0   549.2979596973249
798.0   520.7078367477496
799.0   498.69647282725873
800.0   484.6709635390332
