500.0   291.76794695562376
501.0   296.6047388548825
502.0   297.25275008515644
503.0   284.72835308506865
504.0   290.62755575430293
505.0   277.6055206164425
506.0   273.9093644921216
507.0   268.364060739539
508.0   252.4998618776195
509.0   243.95045166117467
510.0   234.52980918798588
511.0   230.9035716499
512.0   229.8518369857258
513.0   224.9008509218298
514.0   205.51329357387334
515.0   213.5043982493807
516.0   220.26657824784698
517.0   216.91363362130568
518.0   212.02346140722406
519.0   221.34791432446892
520.0   201.8558611417804
521.0   211.05443410814624
522.0   220.8000463176959
523.0   213.76298254929264
524.0   212.86212510661554
525.0   227.16362215422544
526.0   228.1667972303768
527.0   242.7111187012202
528.0   243.55823870118
529.0   252.61933269993028
530.0   264.229004118763
531.0   272.8803464716175
532.0   282.43867013422033
533.0   290.3079804519703
534.0   302.08789162980327
535.0   307.08333873054653
536.0   318.9079133828393
537.0   332.4058005843638
538.0   342.1745624321755
539.0   351.7026933642187
540.0   356.7076757980825
541.0   350.9639460734579
542.0   351.77379155826725
543.0   353.26170068069916
544.0   347.8644538789502
545.0   339.20543351772767
546.0   332.0789604617943
547.0   323.71482753666675
548.0   310.89645247677504
549.0   304.71075814741226
550.0   292.76113449156435
551.0   285.2038828390403
552.0   295.61074985787474
553.0   275.2774437234808
554.0   273.42710889316845
555.0   263.596312505511
556.0   259.2664667409381
557.0   252.88413511225534
558.0   258.10124309336857
559.0   247.48141418041294
560.0   246.99398782770587
561.0   245.39118373468784
562.0   235.29183381682702
563.0   238.19303237809723
564.0   251.25244713756425
565.0   249.5824367458768
566.0   263.6575767797923
567.0   258.2552310896074
568.0   255.69072844725534
569.0   277.6821402651152
570.0   276.61229224106637
571.0   285.32940634018
572.0   279.087075015437
573.0   288.4621968558257
574.0   300.90554259599276
575.0   312.8419628412018
576.0   318.02029665644164
577.0   325.9751121339721
578.0   334.9540642646228
579.0   351.9230308551787
580.0   351.9153176517984
581.0   368.4885198772724
582.0   377.4950093317477
583.0   387.5830710174607
584.0   392.65982213833354
585.0   403.1868264827849
586.0   413.393245148441
587.0   403.67138998916215
588.0   408.87738476090465
589.0   416.1882390826296
590.0   416.05688707842
591.0   411.5779087924625
592.0   405.95630596143803
593.0   408.09378654728204
594.0   395.48536644464366
595.0   388.6198673610997
596.0   380.1529897654081
597.0   379.386114763284
598.0   373.8993615734762
599.0   366.2449054680954
600.0   352.7353766015988
601.0   349.8515109608414
602.0   339.2803160586146
603.0   351.20091022455415
604.0   336.5309958490555
605.0   333.5494750526145
606.0   339.8109205904544
607.0   336.662652343323
608.0   339.58544976399503
609.0   317.87348747077226
610.0   324.8402213746194
611.0   328.05144565686413
612.0   337.56750267688204
613.0   328.8960676579691
614.0   318.3954387889734
615.0   327.7405542103314
616.0   329.64090860882277
617.0   348.2726810729285
618.0   333.74513503475504
619.0   347.11882773993176
620.0   349.50898299848757
621.0   355.0082073586731
622.0   359.97477742118286
623.0   364.0078300961753
624.0   366.0542571569465
625.0   375.91133208069675
626.0   395.2766721457833
627.0   401.40598166803795
628.0   408.5847505624866
629.0   424.62666167964045
630.0   424.3214023830702
631.0   432.02116408274105
632.0   445.4867443396582
633.0   452.8738496701002
634.0   460.98232560311527
635.0   465.4115264659528
636.0   474.46370449225094
637.0   488.7753842947874
638.0   482.10157900890044
639.0   495.425368176331
640.0   496.07433166466683
641.0   496.3801749701412
642.0   495.3937262044276
643.0   503.6954054113304
644.0   492.9708396226034
645.0   495.5357137115741
646.0   498.4189988144686
647.0   490.68507225883326
648.0   484.9018396580275
649.0   479.7760922988911
650.0   469.46720760514864
651.0   469.1100362175407
652.0   466.1428708285839
653.0   463.2352763908533
654.0   454.8552998492416
655.0   448.85980611854814
656.0   453.41596330838877
657.0   447.9850662047995
658.0   438.2260249502158
659.0   447.87381877208065
660.0   444.8311184288367
661.0   445.93577048570455
662.0   444.4273747124225
663.0   443.8643476479018
664.0   451.4914598717408
665.0   465.51898571330736
666.0   456.48877928145106
667.0   458.39902294654803
668.0   452.5757032343062
669.0   460.028414385661
670.0   482.0777309241985
671.0   487.0560085070133
672.0   493.9184991861084
673.0   486.86634548126136
674.0   491.6707235022935
675.0   511.4659296153062
676.0   511.5526740141993
677.0   521.1965526883466
678.0   532.0256430876807
679.0   540.5234482831764
680.0   559.3894579540072
681.0   569.9154904190787
682.0   585.7018483908473
683.0   590.8646101729566
684.0   603.808086290707
685.0   621.8450530905905
686.0   635.6818222501064
687.0   647.2965354438101
688.0   653.7120609614171
689.0   670.4847101543384
690.0   686.9422453620631
691.0   692.2104008571089
692.0   710.6764126952212
693.0   732.1564277145238
694.0   726.1102273525438
695.0   741.1041283108397
696.0   743.1486971965033
697.0   735.4587724893998
698.0   763.4004500190517
699.0   766.4558754163907
700.0   761.1765407571647
701.0   753.701973298668
702.0   768.5468104967479
703.0   756.3118916914023
704.0   759.2205553544337
705.0   765.781514209078
706.0   753.1138679222968
707.0   753.0916535539232
708.0   751.1625310597058
709.0   742.4911266141168
710.0   733.9950960758996
711.0   723.4540786313888
712.0   715.1615187568557
713.0   710.755362970872
714.0   701.1958485030855
715.0   692.0513264433107
716.0   687.2097488684722
717.0   687.3817396780057
718.0   670.5790358044949
719.0   679.542250520649
720.0   661.081211323811
721.0   654.0376694510701
722.0   658.8846440082967
723.0   652.9113864336516
724.0   662.1610290954702
725.0   636.3245614955115
726.0   635.0103734688505
727.0   630.0022222957919
728.0   630.689892663208
729.0   642.7562846630383
730.0   610.2676809333353
731.0   618.9150043409475
732.0   633.6471802627699
733.0   632.9225132660405
734.0   631.1559549720292
735.0   627.8799549892292
736.0   606.7669547451904
737.0   606.8189120933794
738.0   616.9606388970169
739.0   601.7212144511601
740.0   640.182390970825
741.0   617.605499959082
742.0   635.9770176839281
743.0   621.430305732954
744.0   637.281138897518
745.0   632.1808435892369
746.0   633.9761652384268
747.0   649.4280760908922
748.0   654.3766518698797
749.0   658.0943059525728
750.0   659.1266224774436
751.0   666.1985499948453
752.0   671.1203448463332
753.0   683.6962588445658
754.0   697.4472404013393
755.0   696.2929314007131
756.0   717.7862484848878
757.0   723.9728190196583
758.0   737.4531310169858
759.0   737.6703435550298
760.0   745.5145693816819
761.0   754.4268188671674
762.0   775.6847302591073
763.0   782.5319748342203
764.0   790.1512171165691
765.0   794.8110907687778
766.0   817.2395272443266
767.0   801.3371055725311
768.0   834.29127861095
769.0   810.0847612898027
770.0   816.8849841326733
771.0   814.7084880098314
772.0   819.47790061045
773.0   794.8030626134687
774.0   805.2273696785484
775.0   786.3193425582941
776.0   780.4675692155082
777.0   779.190296357186
778.0   769.5175142708904
779.0   759.9859355806833
780.0   745.3091472537055
781.0   734.3438282497644
782.0   710.5144434702434
783.0   705.7183903015768
784.0   691.8449110101851
785.0   677.6631703709645
786.0   666.9160302295804
787.0   655.3775179095818
788.0   636.3543612692567
789.0   626.3869813636557
790.0   613.7746162268115
791.0   583.037854146743
792.0   576.6528283708178
793.0   565.1821586895101
794.0   545.0465441544998
795.0   534.2066363933222
796.0   523.4574098828139
797.0   523.8210740276176
798.0   496.08447487651245
799.0   475.0498695515397
800.0   465.479475178838
