500.0   291.503675610645
501.0   294.3747797283364
502.0   296.38446208951325
503.0   281.592613049747
504.0   285.64357843017774
505.0   273.90462893905965
506.0   276.5945504492045
507.0   264.4923910116215
508.0   252.4248167391984
509.0   241.442281201711
510.0   238.33428295864016
511.0   232.25905738961777
512.0   229.0042756749229
513.0   223.97268503903913
514.0   206.06526419389553
515.0   209.1327384258401
516.0   218.9882466320054
517.0   215.23461147725186
518.0   209.38453344943403
519.0   220.98994240357914
520.0   202.2802862955573
521.0   207.83757661993113
522.0   219.1190847417036
523.0   208.04342764794956
524.0   211.0750102885141
525.0   221.95633688320288
526.0   222.7625601750696
527.0   237.14242637622812
528.0   243.3141245100705
529.0   253.46609662012776
530.0   258.86090558238254
531.0   273.0134030931566
532.0   278.01569662056585
533.0   281.8058498817197
534.0   297.0234280314603
535.0   302.81781512386226
536.0   315.2182884982652
537.0   327.7581494346376
538.0   335.78692759337997
539.0   346.0499530423093
540.0   351.202510882198
541.0   348.2005173084017
542.0   346.9896131005519
543.0   357.5650138205226
544.0   341.9880880006327
545.0   335.55191049366954
546.0   329.9515856893821
547.0   315.5081771172148
548.0   307.93090177724565
549.0   301.58854688846736
550.0   287.5620028329856
551.0   284.49963094058796
552.0   291.4464733747355
553.0   271.66077291758626
554.0   266.34824498004315
555.0   260.57512380077327
556.0   254.08925910484342
557.0   251.37596996334767
558.0   254.4402999534981
559.0   242.5418089111599
560.0   242.3503250329035
561.0   240.57799230982948
562.0   232.8525555608294
563.0   234.06032323435662
564.0   246.2211289450348
565.0   241.57465483791088
566.0   256.35090504782056
567.0   255.80387689321543
568.0   250.69025907814606
569.0   274.58429706761365
570.0   273.2413564035535
571.0   281.266098313732
572.0   275.47541651493304
573.0   284.0851651418717
574.0   296.1455631176955
575.0   307.76477732580497
576.0   309.03853583835763
577.0   321.4071053513632
578.0   329.9263046601811
579.0   344.62030161563814
580.0   353.4232420755374
581.0   364.84209413010825
582.0   367.501213715679
583.0   380.57841945893483
584.0   385.2730606275652
585.0   395.57685588367315
586.0   400.9916103007382
587.0   397.5184109662371
588.0   397.52105428037555
589.0   410.0756942801987
590.0   408.36086963075604
591.0   403.1570409490048
592.0   401.16758867583405
593.0   400.84140150995216
594.0   391.87802954085123
595.0   384.5163325716367
596.0   376.3809811990615
597.0   372.5356873701662
598.0   367.1939598292885
599.0   358.1919880253325
600.0   348.06937649362294
601.0   345.0682742395729
602.0   332.2505601570835
603.0   338.0405093397037
604.0   327.970922382967
605.0   326.7649956584272
606.0   335.5188251814114
607.0   330.35689627399154
608.0   335.56926478728235
609.0   311.24964250003734
610.0   323.78580989204175
611.0   318.6276098664205
612.0   328.67451922772426
613.0   327.52250956359273
614.0   314.90704341836084
615.0   319.1890137220862
616.0   327.0113243837343
617.0   339.63340189563206
618.0   328.5256099136017
619.0   341.06884360375585
620.0   341.42953827971314
621.0   350.67050082787296
622.0   353.723306141122
623.0   359.47896640910085
624.0   358.9956989620051
625.0   368.2644824178683
626.0   387.2085308231817
627.0   392.3233750250271
628.0   400.4376600394327
629.0   417.4026938280909
630.0   417.1692774735658
631.0   426.2453557549734
632.0   431.8336462202914
633.0   444.34779285680986
634.0   452.4042148245058
635.0   455.31614705495946
636.0   468.1894998324922
637.0   478.2413638536326
638.0   469.5448111672871
639.0   486.5630743027678
640.0   484.49148889743344
641.0   482.60208984685676
642.0   483.7773486034142
643.0   487.5294056262137
644.0   481.0048481221222
645.0   486.7326310836595
646.0   491.4125058574269
647.0   475.2750086641668
648.0   475.1763794594534
649.0   465.2930421419973
650.0   462.33105905939357
651.0   460.06083140530313
652.0   456.3036510570282
653.0   452.54449438326526
654.0   438.85399392612584
655.0   440.8719074725477
656.0   439.17498964737695
657.0   436.4765251076976
658.0   428.98590586513217
659.0   437.72259303396186
660.0   431.36930522343255
661.0   433.8122764176194
662.0   435.30245025433516
663.0   434.6306412361606
664.0   438.80756286466686
665.0   452.48216783284107
666.0   442.799419579156
667.0   443.42156476530363
668.0   443.3072734817426
669.0   450.1112624331056
670.0   469.33180536738894
671.0   474.25885457230095
672.0   484.0251133788888
673.0   474.93478428626094
674.0   481.7961085374902
675.0   498.4935010585873
676.0   500.60063504810694
677.0   508.5376597479123
678.0   513.9172141921558
679.0   526.3652289060319
680.0   548.6917851421161
681.0   558.153344459782
682.0   567.3775088164588
683.0   575.0046685373327
684.0   591.8056141185882
685.0   608.8886680025103
686.0   620.5079454668147
687.0   626.7225590810602
688.0   636.3939320312458
689.0   649.9846148990146
690.0   667.8313261250178
691.0   670.5807844102067
692.0   695.3748211104798
693.0   711.6510403625265
694.0   709.2680150704739
695.0   722.7757538701554
696.0   725.6262824744346
697.0   709.2149853697503
698.0   746.6209489937854
699.0   748.985598886424
700.0   741.6475665660412
701.0   729.8984527099201
702.0   741.4589038845278
703.0   736.4501755344029
704.0   742.9380193608754
705.0   747.5523950555632
706.0   742.0637151125708
707.0   731.6205494045021
708.0   724.5435860825199
709.0   723.5867701784059
710.0   711.7904063239595
711.0   703.816977958853
712.0   687.3062425170613
713.0   686.7739146244894
714.0   684.2297316020204
715.0   675.1251712981824
716.0   665.6478735338769
717.0   671.5544777261985
718.0   653.1682148515416
719.0   657.0201691624296
720.0   642.6462550983749
721.0   631.2726817410418
722.0   643.7669243858841
723.0   636.2260490156161
724.0   643.5359495377701
725.0   621.0704716380216
726.0   615.584159821256
727.0   616.3051664768487
728.0   614.7142517469401
729.0   626.8346114070841
730.0   592.21678963159
731.0   601.050749918236
732.0   620.4311816609555
733.0   615.4401059084538
734.0   613.6809969099345
735.0   605.2037676091975
736.0   585.3229687897485
737.0   587.9500587489902
738.0   599.8179121916914
739.0   581.0279544486817
740.0   618.662958547382
741.0   600.3466879202717
742.0   617.0073185073772
743.0   604.5350286281529
744.0   622.2098457997398
745.0   610.7329593035486
746.0   615.0663149310094
747.0   635.7744431694772
748.0   635.8455007742267
749.0   643.9806733369853
750.0   639.5237345936462
751.0   642.0196665677066
752.0   652.5528155474606
753.0   658.2125578427733
754.0   672.9134066014501
755.0   671.5223485765083
756.0   692.9117056682804
757.0   695.1608107416093
758.0   715.1204312491262
759.0   711.279633642037
760.0   719.5379322767085
761.0   723.666189906332
762.0   736.2246512987023
763.0   751.6045451218597
764.0   756.2098115320124
765.0   758.957654616043
766.0   778.2031181092062
767.0   764.5974710162632
768.0   799.8778137595223
769.0   768.1080967677202
770.0   780.4781595697848
771.0   775.7432613104905
772.0   778.9828589415473
773.0   753.0669142847898
774.0   768.8167479268783
775.0   743.0871795737453
776.0   743.5156138869298
777.0   744.6530489927922
778.0   736.9471918767856
779.0   719.2650093500897
780.0   710.5925753767541
781.0   694.8124610246219
782.0   678.0081134261991
783.0   668.3960113721638
784.0   652.5214690758555
785.0   642.4888721737188
786.0   634.1488436703335
787.0   618.1636751837514
788.0   599.5927907650087
789.0   590.0329766318503
790.0   573.5333455550688
791.0   552.1059381334271
792.0   542.0758133296478
793.0   532.9948564133103
794.0   512.6968776631245
795.0   504.9990873813069
796.0   495.34833386168
797.0   494.79435872515705
798.0   461.729509442515
799.0   446.54792627801544
800.0   434.1836604837297
