500.0   277.09707895564713
501.0   278.40542953895
502.0   279.81185117368034
503.0   268.7152522929867
504.0   270.5819520761434
505.0   259.6036532819886
506.0   262.57178157779146
507.0   255.37150617771974
508.0   238.86050143588201
509.0   231.03608242959842
510.0   223.20351468228577
511.0   222.10807063991578
512.0   218.17407073839968
513.0   215.37084132874057
514.0   196.0375677481478
515.0   198.47216243229025
516.0   208.00642404639788
517.0   203.3243471221051
518.0   200.9167652195528
519.0   212.82720219904152
520.0   192.3332271348047
521.0   196.26278099685706
522.0   209.01944615547285
523.0   203.21603559359193
524.0   200.26765275154233
525.0   213.6568014954857
526.0   215.5008458009887
527.0   227.48919296964846
528.0   228.8612237292617
529.0   237.9008612599518
530.0   250.7996360850906
531.0   260.7126162328183
532.0   266.62366831660023
533.0   274.33257645924647
534.0   285.01133102212214
535.0   289.3497872506215
536.0   300.4498124715086
537.0   311.96270639126396
538.0   321.59668725640455
539.0   334.40307765131854
540.0   334.3377405920078
541.0   334.0167003961411
542.0   333.45144190252813
543.0   336.9395212396869
544.0   326.5136749353049
545.0   320.4229814159635
546.0   314.3523861200889
547.0   300.61729312918504
548.0   294.06078461751196
549.0   287.82318564165007
550.0   276.6637563936039
551.0   268.10216117838564
552.0   274.8373227814412
553.0   259.57712064324033
554.0   254.74404608745846
555.0   248.87446549296305
556.0   244.49089031440323
557.0   240.56943155809265
558.0   239.22032316301758
559.0   231.75365073515482
560.0   230.61910380639827
561.0   229.9910681011275
562.0   220.66574810330218
563.0   223.61573314292932
564.0   235.19150749712858
565.0   232.7401771923499
566.0   245.68916094818013
567.0   243.64597687987282
568.0   239.79397286473332
569.0   257.2914275421817
570.0   259.5184520393258
571.0   264.47939025152215
572.0   260.020283433258
573.0   273.32330122473024
574.0   284.0249269834553
575.0   293.32656106820247
576.0   299.7679844707919
577.0   310.0843493395076
578.0   318.8720103203336
579.0   326.14494352559814
580.0   337.8816261665783
581.0   347.84762457305663
582.0   355.26827214016316
583.0   367.39733660944717
584.0   366.7382209748829
585.0   377.7555092534184
586.0   388.7157635630732
587.0   382.0856571011979
588.0   386.8636638556194
589.0   397.64810045956824
590.0   387.5525744580797
591.0   385.8620892761779
592.0   386.498105622769
593.0   384.8030814697175
594.0   372.6099744747403
595.0   369.49412098756494
596.0   357.13545747137465
597.0   358.15612519930323
598.0   352.33505250775954
599.0   345.47332205612094
600.0   331.1217917617189
601.0   331.4903389325361
602.0   318.8201610507545
603.0   327.9352283842451
604.0   316.79381134854845
605.0   311.67022386463145
606.0   319.9028425013097
607.0   320.0716848640116
608.0   318.54434448201187
609.0   295.7074888833821
610.0   307.2587170623204
611.0   306.11394844713874
612.0   317.0120761602633
613.0   310.57555346487203
614.0   303.35084512008274
615.0   310.30237422215384
616.0   311.2517084192849
617.0   331.84925550287716
618.0   316.5753479487093
619.0   327.46618047400585
620.0   328.6256350660867
621.0   335.35528712283974
622.0   342.79053015092774
623.0   341.6021452656231
624.0   346.33846881326735
625.0   356.0713849961901
626.0   370.0870117576677
627.0   381.5395310483442
628.0   388.53843644076306
629.0   396.63931939469984
630.0   401.51263352857575
631.0   408.74371649308773
632.0   422.9319519080322
633.0   431.47071775608845
634.0   434.02757864749145
635.0   436.51788208110094
636.0   445.2386928591063
637.0   461.2452574538046
638.0   450.60545421548545
639.0   466.52201604432554
640.0   463.97403358306644
641.0   461.1134843930572
642.0   464.43448657529984
643.0   469.14182562603105
644.0   462.889093764256
645.0   462.41963212676876
646.0   466.24430981682343
647.0   458.89238840274817
648.0   457.0504605515828
649.0   448.3013919916627
650.0   443.0485931264796
651.0   438.082229333678
652.0   436.81027436560896
653.0   437.0794437361827
654.0   424.62122996623765
655.0   423.126631592316
656.0   423.4853005331563
657.0   420.894049369011
658.0   414.66241244639616
659.0   418.74518392480275
660.0   416.186164082489
661.0   416.51817730378616
662.0   414.160067940347
663.0   414.0368580114531
664.0   419.4059993781977
665.0   436.6422203504283
666.0   424.652307711142
667.0   430.166253676362
668.0   425.7354603957173
669.0   436.08223720180683
670.0   450.88612327534304
671.0   460.0061182476469
672.0   463.8339419951974
673.0   456.70971315591345
674.0   462.54716897331934
675.0   478.7228160050536
676.0   478.12615942397065
677.0   493.7100334833015
678.0   496.9716078310539
679.0   508.61870101631496
680.0   528.9284198201584
681.0   535.4978661980226
682.0   544.1276704992428
683.0   555.2825844340016
684.0   562.4018340609503
685.0   583.9070201959948
686.0   591.8306196971238
687.0   601.8896226205533
688.0   616.6646810266365
689.0   623.9443471061356
690.0   643.2598283220499
691.0   649.6602062485572
692.0   668.8605003717194
693.0   687.6715716378881
694.0   678.463707581837
695.0   693.4073080752783
696.0   698.8180789875715
697.0   684.2710024046667
698.0   718.4037925481823
699.0   717.1429187608096
700.0   711.7876576185356
701.0   708.3453386321839
702.0   716.5192896219789
703.0   706.5387325815117
704.0   709.1296184797965
705.0   713.5619137790724
706.0   704.1268484949896
707.0   704.2033265669967
708.0   703.4281888159557
709.0   691.5221250298742
710.0   686.3581863876792
711.0   675.3561072365304
712.0   664.8646637926929
713.0   662.0319408064713
714.0   656.1826164528358
715.0   644.3756853050904
716.0   636.0205474922126
717.0   643.3979415799217
718.0   625.5985726574413
719.0   629.2391317054357
720.0   613.5641050156569
721.0   610.3521682431518
722.0   618.6790498733811
723.0   606.7322673394779
724.0   620.2171197897962
725.0   592.1217189349745
726.0   597.2919825666436
727.0   590.5079935093323
728.0   590.5700725727362
729.0   600.0660630139841
730.0   565.7123374725512
731.0   581.4041604464143
732.0   593.903919464402
733.0   592.0884506609494
734.0   593.2993565951336
735.0   585.6301362600113
736.0   562.528702795549
737.0   559.1182105854688
738.0   576.1782577229118
739.0   561.7862073692316
740.0   591.5453987111596
741.0   581.5268228916244
742.0   594.3735869264399
743.0   582.0338573412415
744.0   593.0024013219713
745.0   585.7581029119167
746.0   590.5547899679216
747.0   606.6994294618095
748.0   610.6588835595687
749.0   617.9548382640744
750.0   617.8981561561288
751.0   619.3368086234783
752.0   620.9400748367325
753.0   631.5507576602024
754.0   645.0980336220571
755.0   648.3018275960268
756.0   663.9031015175879
757.0   663.1888809168006
758.0   682.9998682211594
759.0   677.0993545586734
760.0   680.9165203669656
761.0   689.1880547940652
762.0   702.8232343430889
763.0   716.7182555569955
764.0   720.4916787762884
765.0   722.7132663553751
766.0   735.0419519889273
767.0   724.8833203092972
768.0   751.5645304539717
769.0   729.8907098637002
770.0   736.6972146529486
771.0   732.463865972063
772.0   731.7431283641617
773.0   709.4440330621948
774.0   714.7548135795043
775.0   695.352892670386
776.0   695.7793459801418
777.0   698.6977089957379
778.0   689.0663919447509
779.0   674.9481842272771
780.0   660.9119823422642
781.0   650.5829520289337
782.0   633.7209563881856
783.0   625.8048786833513
784.0   614.2898886639341
785.0   605.2290898636347
786.0   595.789088938017
787.0   580.4045219490932
788.0   561.6502458546423
789.0   555.099054523401
790.0   538.4488083142937
791.0   516.4488992785164
792.0   509.25402521796104
793.0   502.90526412606823
794.0   479.8265845859801
795.0   472.41378123566614
796.0   458.47482432665083
797.0   458.4794041280012
798.0   437.50926617954974
799.0   415.17328391150784
800.0   406.2838279025341
