500.0   272.57957725489314
501.0   277.1331304611309
502.0   276.71572984539534
503.0   262.6523384793613
504.0   266.15489264548455
505.0   256.11784189405523
506.0   264.2872315868118
507.0   249.20640875783945
508.0   234.57984206389867
509.0   229.29558926851593
510.0   217.74627999543142
511.0   214.46831350201646
512.0   214.97047859037252
513.0   213.53904404216993
514.0   191.35672793004449
515.0   195.92925798015392
516.0   202.83177255252176
517.0   198.89806833368357
518.0   192.23261347439856
519.0   204.4963259367801
520.0   187.20072886580192
521.0   193.23468766592353
522.0   199.9112033205481
523.0   198.29424639917323
524.0   196.39225617710767
525.0   210.12010475269778
526.0   207.90284141131713
527.0   220.493316593183
528.0   225.0142677791596
529.0   235.4918731499257
530.0   239.31964284967782
531.0   256.02569612725733
532.0   257.16800259232673
533.0   266.14780271428606
534.0   275.32801019520036
535.0   283.5362327084491
536.0   292.61630472082777
537.0   302.7924875975356
538.0   314.65887515396196
539.0   322.86081348268556
540.0   326.5979456919029
541.0   324.58832897507205
542.0   323.42043896172305
543.0   330.9525115580557
544.0   318.82487311374916
545.0   311.9886239537379
546.0   305.9388726347148
547.0   298.5461208545541
548.0   288.7392285923362
549.0   278.2857552176074
550.0   269.563147669625
551.0   262.3715162859751
552.0   269.3774918566017
553.0   250.7896671558558
554.0   247.765539894094
555.0   239.53758224246224
556.0   239.48707674618888
557.0   232.49869132041354
558.0   238.1830329848813
559.0   226.43416945615698
560.0   223.01227170967414
561.0   223.66398343903262
562.0   211.4557739586853
563.0   215.9373959056547
564.0   229.4959422500755
565.0   224.50917429188922
566.0   237.9465419421499
567.0   239.9405103472211
568.0   233.49192253436715
569.0   253.17779371208792
570.0   251.8493861219886
571.0   258.38297203855325
572.0   254.3341214251528
573.0   263.6242323408993
574.0   274.45462038825474
575.0   282.762859096417
576.0   286.44010264870207
577.0   300.5492908462493
578.0   306.746052549913
579.0   315.1860375183803
580.0   325.7716064667172
581.0   341.43840725592776
582.0   342.15620946118156
583.0   354.84306191978453
584.0   359.5763545168163
585.0   369.4186875256024
586.0   376.9500250143029
587.0   370.90095131202276
588.0   371.6870303980204
589.0   381.315373864889
590.0   376.55984950410163
591.0   372.9725284317899
592.0   374.2321378888349
593.0   369.32871525061813
594.0   358.1588098916012
595.0   356.4838077814874
596.0   343.1583897632956
597.0   348.60330057678254
598.0   342.17683909864957
599.0   331.4585240552412
600.0   324.7713389278822
601.0   317.7803434501632
602.0   307.37241709835484
603.0   318.10647145801204
604.0   308.0125272228984
605.0   302.4730636368132
606.0   309.1881937768584
607.0   307.7560805172985
608.0   308.0385810643536
609.0   290.9929390003191
610.0   298.20826728737114
611.0   294.701058732208
612.0   308.776497911831
613.0   299.31479990898646
614.0   287.290542801396
615.0   296.62811369090286
616.0   304.0037911857661
617.0   319.6189694941059
618.0   308.61859162983797
619.0   319.07066106188256
620.0   316.6458706142589
621.0   325.171490943198
622.0   329.00828328438473
623.0   335.07945583457047
624.0   333.04522830984763
625.0   340.8978244858913
626.0   355.54533056728303
627.0   365.03880341882405
628.0   372.359240410828
629.0   385.1790556037873
630.0   387.74877668944384
631.0   393.46261343886385
632.0   405.41790263744946
633.0   415.0173822148213
634.0   418.4315719747777
635.0   421.8841016622974
636.0   431.70900072436814
637.0   442.42054232990165
638.0   435.3458771323342
639.0   447.3296272358612
640.0   445.6980707652367
641.0   444.83163050191115
642.0   450.136353602335
643.0   451.92978356316564
644.0   448.9071661209774
645.0   450.17413239094196
646.0   453.07316521647846
647.0   439.915862082675
648.0   439.462795161876
649.0   431.0640763643973
650.0   427.14110121491416
651.0   424.80497313681656
652.0   421.18212958747245
653.0   418.8138340227274
654.0   408.30740231130375
655.0   405.99098290656457
656.0   406.824845132792
657.0   402.8912159324666
658.0   394.8466259877491
659.0   402.13229282498367
660.0   400.9146809374531
661.0   398.98209563294427
662.0   401.90332572416656
663.0   398.00639077832034
664.0   404.51229033957753
665.0   418.76021120504737
666.0   409.3036763669532
667.0   409.92873914473125
668.0   408.9344957571972
669.0   420.786014261639
670.0   429.5178345487767
671.0   439.59676827522446
672.0   445.23037574860246
673.0   434.9358245318644
674.0   441.4696416021352
675.0   463.2289106131567
676.0   458.3028449245278
677.0   472.8238854417621
678.0   474.94096336871553
679.0   486.26384889771066
680.0   504.01896342788484
681.0   514.5151303200823
682.0   521.5054564672241
683.0   529.1839969329392
684.0   546.4072943075314
685.0   560.1228224539559
686.0   571.4115452657978
687.0   577.1925351703738
688.0   591.9565545537698
689.0   600.5800056087526
690.0   617.2040555318176
691.0   625.5920872169852
692.0   642.1397438994534
693.0   658.0176734394294
694.0   652.5357803119765
695.0   669.0437578546812
696.0   668.3846207116527
697.0   660.5329009295866
698.0   683.8138488650112
699.0   687.9276826605535
700.0   682.087819741267
701.0   678.2762296768383
702.0   690.2065855959853
703.0   678.4106078268029
704.0   685.3692046794272
705.0   691.4087419185429
706.0   680.5706934747501
707.0   674.7641865245374
708.0   668.9353219949232
709.0   668.0680157828929
710.0   657.2009057198376
711.0   645.8273128186935
712.0   638.7796035500191
713.0   632.9326856154191
714.0   635.1096097319239
715.0   620.9455637373095
716.0   616.7146592285414
717.0   618.3047945243395
718.0   600.9431118527368
719.0   608.3748371519221
720.0   591.3888335975282
721.0   584.1536958602442
722.0   593.6816195399402
723.0   587.1904042633818
724.0   596.274148166592
725.0   571.8701975930759
726.0   573.049368698777
727.0   573.5045979166435
728.0   569.7561287603531
729.0   575.5559165521647
730.0   547.1744726938937
731.0   558.4759771998763
732.0   570.9011998191063
733.0   570.2874902985556
734.0   570.2974774398257
735.0   563.7723917132898
736.0   543.8700338709597
737.0   542.3257346780056
738.0   557.9451352562753
739.0   543.2898648478189
740.0   571.0852983098462
741.0   558.1993886187994
742.0   568.3386187752999
743.0   561.4971852822982
744.0   568.4236204399633
745.0   565.3204617081536
746.0   567.2192432431509
747.0   588.0662618945701
748.0   589.1540756124567
749.0   596.9174219586321
750.0   596.49802659532
751.0   599.0165411293224
752.0   603.7825624859711
753.0   615.4261971484334
754.0   625.4663530345288
755.0   620.4509386615805
756.0   635.3517009934741
757.0   637.0191801693074
758.0   657.5162477097924
759.0   645.2102491663168
760.0   654.274835085726
761.0   662.690252054972
762.0   674.1189653464533
763.0   687.2895530074723
764.0   687.0905840762945
765.0   687.5648978765618
766.0   711.4522102176853
767.0   690.9795246117303
768.0   718.763029734173
769.0   699.5403630163406
770.0   702.4205711484897
771.0   702.6313563291112
772.0   705.2859758928046
773.0   675.2520381411048
774.0   687.7646848970394
775.0   670.0184922285305
776.0   675.204000434734
777.0   669.7916752486732
778.0   659.3585168347017
779.0   648.4403755304423
780.0   640.2552954272093
781.0   622.6087153904683
782.0   605.055993102412
783.0   604.3176748498724
784.0   587.1482689420718
785.0   580.2359699404471
786.0   569.2719666365102
787.0   558.2706380083163
788.0   538.1877021394117
789.0   530.9257564510326
790.0   513.3027615964817
791.0   493.060902060061
792.0   494.00272937305783
793.0   477.7627406869873
794.0   464.4876051344588
795.0   450.98199987433105
796.0   439.72689380023917
797.0   437.6091912478106
798.0   421.1273949609549
799.0   402.0341628931195
800.0   389.00913489066954
