500.0   272.6415276937656
501.0   272.7672582291009
502.0   276.655715603924
503.0   264.9083841073922
504.0   270.89116270694353
505.0   255.45127728778223
506.0   258.35913626004924
507.0   246.32018020149863
508.0   233.73511355355905
509.0   229.06082069397962
510.0   222.9400330728968
511.0   213.88824507644344
512.0   212.50078828704744
513.0   209.33556124971702
514.0   190.3254604572826
515.0   194.0344425892713
516.0   201.0582526840967
517.0   197.9742012399114
518.0   195.85966917365178
519.0   204.2036751640471
520.0   186.2554258296734
521.0   190.24920521961835
522.0   200.08866280923917
523.0   196.25180472990866
524.0   195.66625175069933
525.0   209.6857470601691
526.0   208.59038430957196
527.0   219.10129980923972
528.0   224.7509416993765
529.0   235.23597621363353
530.0   243.36541950022533
531.0   254.38032344587558
532.0   259.2989894725843
533.0   264.790866847352
534.0   277.4903279892126
535.0   275.84873236029125
536.0   291.5456530905516
537.0   304.7973659364212
538.0   313.842651338864
539.0   324.8684956154191
540.0   324.3264237277688
541.0   324.06752102598364
542.0   320.77243514859424
543.0   327.7861484189873
544.0   318.89272771409514
545.0   309.51770234848544
546.0   304.113089591345
547.0   296.56956806321193
548.0   288.9584621407005
549.0   279.80206221880985
550.0   266.1746542593547
551.0   261.13067292744404
552.0   267.67105868130403
553.0   252.72161945682558
554.0   250.49651806458382
555.0   241.70453594443183
556.0   235.09449447632275
557.0   233.21251070339767
558.0   233.46449580834704
559.0   224.41634779059646
560.0   224.60633227573024
561.0   222.1488799895015
562.0   213.7066660885336
563.0   215.73464712409012
564.0   228.32117999960352
565.0   224.9271226300654
566.0   239.20771974550087
567.0   236.16050094415937
568.0   231.89323688233426
569.0   253.18552156580841
570.0   256.2594189844725
571.0   255.86649153453158
572.0   251.13600864108147
573.0   264.491240775522
574.0   274.2712836178712
575.0   282.6842113329914
576.0   285.13297483462344
577.0   297.96830853002695
578.0   304.3413999653662
579.0   314.0836461581978
580.0   323.79676798141946
581.0   338.207673037038
582.0   343.49947568402945
583.0   351.32605612353825
584.0   357.0052682004872
585.0   369.85012577458815
586.0   374.6353926208528
587.0   367.64229626385696
588.0   370.3937948068384
589.0   380.20835357208557
590.0   373.9505928253136
591.0   370.0581950017199
592.0   370.8268667626277
593.0   366.9120934861966
594.0   359.0404397226307
595.0   352.2318700954158
596.0   343.10935251894847
597.0   345.03652206054267
598.0   335.50103783556597
599.0   330.5090862031154
600.0   321.7818745681192
601.0   316.08276603240085
602.0   304.75517287726547
603.0   315.08145281541215
604.0   302.2031167949602
605.0   300.1440408543458
606.0   305.1697549066667
607.0   307.8168907451409
608.0   307.38209614608206
609.0   287.9315589727387
610.0   294.42542791293505
611.0   294.2706488377143
612.0   306.4667209378747
613.0   299.4928531488648
614.0   292.394574694963
615.0   292.3788582720657
616.0   302.0683000965365
617.0   314.48508690590137
618.0   302.1704537220916
619.0   317.66001077309926
620.0   316.3199947793196
621.0   322.24142660263385
622.0   325.95408839054653
623.0   330.62247709238943
624.0   329.16003866825577
625.0   336.872080956647
626.0   351.54274412347127
627.0   359.9767662034411
628.0   371.8732162192453
629.0   383.95441036664937
630.0   381.8064090797701
631.0   388.89029689770575
632.0   398.2695956539632
633.0   409.0064608416661
634.0   413.76339402902266
635.0   411.6537652887735
636.0   424.7070697472684
637.0   437.91388908959334
638.0   427.8799779125774
639.0   444.10199264893294
640.0   444.21864806447525
641.0   440.10665081271543
642.0   442.9511625774211
643.0   447.283599865891
644.0   440.7774286427348
645.0   441.572804359212
646.0   447.0442298023809
647.0   436.71597390838355
648.0   433.05914669749814
649.0   424.4350866079629
650.0   419.0692017080757
651.0   417.2353523012997
652.0   414.6763614064589
653.0   412.8647996511721
654.0   401.64038449812114
655.0   402.4458221063062
656.0   399.7720418391873
657.0   400.41066043799015
658.0   390.3681965008983
659.0   396.0740698756132
660.0   397.4837434372065
661.0   393.8618522724827
662.0   397.07659194473223
663.0   394.66802622900127
664.0   399.1329203895845
665.0   414.0025536227085
666.0   405.42434656034646
667.0   409.25171883212363
668.0   406.9085253290944
669.0   412.6481159832598
670.0   425.33118515618776
671.0   435.2993730910084
672.0   440.3185596180674
673.0   434.4832007776186
674.0   434.8676074357835
675.0   456.8777875376901
676.0   457.0900534047796
677.0   467.02763181595964
678.0   471.57302153121736
679.0   479.51193835726235
680.0   499.7227625599081
681.0   510.3812661511755
682.0   516.7407373032148
683.0   525.9294650690299
684.0   537.2054382990736
685.0   555.6528817261831
686.0   561.4288353482863
687.0   569.8559007608113
688.0   580.0690092844925
689.0   590.724096129263
690.0   606.2291039625225
691.0   615.3442886021132
692.0   633.2424522680792
693.0   647.3507963127687
694.0   643.2437663214465
695.0   659.2167923754328
696.0   662.9477207524675
697.0   650.9109908533018
698.0   678.6784942583668
699.0   679.9002774018513
700.0   669.4981987401937
701.0   668.9319745140067
702.0   677.2144382715096
703.0   666.4880385599871
704.0   674.8378325156305
705.0   676.9131857270751
706.0   669.269836869281
707.0   665.8374471664716
708.0   668.9627110525836
709.0   658.6982867286044
710.0   648.6875834478312
711.0   636.8121884507282
712.0   623.9697674089982
713.0   626.3993846179494
714.0   622.7826930376573
715.0   613.7351033067031
716.0   605.0727430871904
717.0   613.1957529833464
718.0   593.0369509876907
719.0   600.1270274850291
720.0   588.5064691874902
721.0   578.7698404185952
722.0   588.4144834203195
723.0   579.9747541654862
724.0   585.4223230148519
725.0   562.8643269933505
726.0   564.0414960389191
727.0   561.1004554654759
728.0   561.9143719727717
729.0   567.5702547994551
730.0   537.9663454754566
731.0   542.9544674566173
732.0   563.986649047151
733.0   558.7618482930558
734.0   559.0924003275012
735.0   553.3825278732061
736.0   539.446092872271
737.0   532.7833962102063
738.0   549.9904817294857
739.0   534.2206376177534
740.0   566.4543945064313
741.0   543.4734080887858
742.0   561.03926229751
743.0   551.2412587044537
744.0   561.9674370082844
745.0   558.9892668751068
746.0   560.2957758137659
747.0   575.2184857511382
748.0   580.5273783095641
749.0   592.2213994839847
750.0   588.248930693291
751.0   587.6878029648173
752.0   594.6417401751057
753.0   598.0496073130873
754.0   616.632179979297
755.0   608.7605165212668
756.0   629.1905004601487
757.0   630.7942892327085
758.0   645.5240909717057
759.0   641.3110038226525
760.0   648.3278801761705
761.0   650.5517895498218
762.0   659.9320229584696
763.0   666.8985804133514
764.0   680.6289311664049
765.0   679.2296905283492
766.0   700.2168294276331
767.0   678.4477399864973
768.0   705.5001350511297
769.0   685.2936592932457
770.0   683.1919642932851
771.0   687.1531006411379
772.0   688.1462452110484
773.0   661.4950681827031
774.0   669.7890610795765
775.0   659.2379826079577
776.0   656.7851049568915
777.0   654.306639777659
778.0   646.6025246443501
779.0   638.0458696118521
780.0   626.7245086405861
781.0   611.2563887649413
782.0   594.0024308247847
783.0   592.0983019145408
784.0   579.4629037639827
785.0   569.2017980439183
786.0   558.0639637705898
787.0   542.3434727773404
788.0   528.9808679462953
789.0   518.1655769085698
790.0   505.81712510447653
791.0   483.74577983358
792.0   478.9129190786696
793.0   472.7586047220177
794.0   450.2693545719668
795.0   440.8341863541289
796.0   435.4750092355673
797.0   434.2386580176918
798.0   409.06882451186846
799.0   392.6148039482764
800.0   382.570454585368
