500.0   148.11095392450594
501.0   153.47572735226507
502.0   152.4142498958262
503.0   142.58931421362348
504.0   147.72713753521015
505.0   140.65279447849392
506.0   144.02028231719032
507.0   135.08770571471425
508.0   129.0695581139822
509.0   124.64305877039214
510.0   122.21465395539943
511.0   119.96679756281841
512.0   119.24319279968483
513.0   119.10847718546907
514.0   106.26778813865815
515.0   107.0615606151377
516.0   117.16425243263589
517.0   112.80892435260034
518.0   114.54823060405553
519.0   120.58821883254595
520.0   108.93022625626423
521.0   110.84236038395014
522.0   120.58158787210527
523.0   113.84347266302234
524.0   113.58095123372809
525.0   124.30020787786526
526.0   121.69127721234565
527.0   130.38049302610648
528.0   132.26313898374357
529.0   136.81652024384005
530.0   143.44498884402
531.0   151.6952826954902
532.0   152.66361364469196
533.0   153.8406247862019
534.0   161.31672433322083
535.0   165.43870060984554
536.0   169.2284459248112
537.0   180.9293962485272
538.0   185.5918145746391
539.0   194.99128850835314
540.0   196.61084080856426
541.0   195.74352640697563
542.0   194.4435863736323
543.0   200.46773224966475
544.0   196.00512655584987
545.0   191.13747358177415
546.0   187.7045203065461
547.0   181.24008814274117
548.0   176.78682757211192
549.0   172.25528215688234
550.0   164.46069806415264
551.0   158.34965885305257
552.0   166.0661876305585
553.0   158.5748236269614
554.0   153.33534358989658
555.0   149.0452988527835
556.0   147.3236509913527
557.0   146.47700357568502
558.0   144.46554309765705
559.0   138.34340255215798
560.0   138.7615568192738
561.0   138.8517446914463
562.0   128.60875419925299
563.0   131.82478543761644
564.0   141.58358555959373
565.0   140.9095634084901
566.0   149.99274767931684
567.0   148.498164300744
568.0   141.9944368267202
569.0   157.08856250782225
570.0   153.93829780241438
571.0   161.73480186159998
572.0   157.03779375906365
573.0   162.76995426190908
574.0   170.60994317353052
575.0   176.08448750320514
576.0   178.19809172503574
577.0   191.63831021632097
578.0   192.217619886087
579.0   200.63731543546479
580.0   202.71727274480895
581.0   210.57733233154767
582.0   218.8588888242233
583.0   223.4612895720069
584.0   227.11699489211134
585.0   233.7870784140015
586.0   238.9284920822677
587.0   230.74839941523737
588.0   234.95961135713085
589.0   242.8265270093562
590.0   245.385400131537
591.0   237.45927677929615
592.0   239.3185816378331
593.0   242.18757023297576
594.0   232.60737709845048
595.0   226.72663285828304
596.0   221.20340198802324
597.0   222.16526459176575
598.0   217.33189385931735
599.0   215.1937663004823
600.0   205.37036560788445
601.0   205.76511037166387
602.0   195.92705562862193
603.0   203.0008256337056
604.0   197.5652658863017
605.0   195.73378794592188
606.0   195.45393987656354
607.0   195.82549865279424
608.0   199.92359316725336
609.0   185.43377390582347
610.0   189.7863271858078
611.0   190.13576537532407
612.0   196.0324690983187
613.0   190.72452813799254
614.0   184.6835660510048
615.0   186.5027477088705
616.0   187.42531902747803
617.0   203.04374797399572
618.0   189.27390343458524
619.0   200.5309463499181
620.0   195.6940571105171
621.0   205.17164025093976
622.0   207.21234035977602
623.0   211.01305205162097
624.0   208.730921256241
625.0   220.16824276654427
626.0   229.0640770829829
627.0   238.5090319617286
628.0   242.1473062693346
629.0   257.5911476298226
630.0   254.1507280443418
631.0   256.35930716278773
632.0   270.75919271177634
633.0   277.5174741156219
634.0   280.8625549377361
635.0   284.4803235537271
636.0   294.7874295273235
637.0   303.6548534218924
638.0   300.10867720642193
639.0   308.9992709051048
640.0   306.4112412963442
641.0   306.64423738354253
642.0   304.21791810910065
643.0   314.34783071187303
644.0   310.23270627332136
645.0   312.94500451758404
646.0   316.1399071464455
647.0   307.5980902652587
648.0   309.7701737729415
649.0   299.75597252075596
650.0   300.27781421336056
651.0   294.60967987898323
652.0   296.9913213464582
653.0   295.9015837178305
654.0   286.36021990671725
655.0   287.8369260872497
656.0   288.8049571163848
657.0   283.331653136834
658.0   278.58577313053
659.0   285.5197274061886
660.0   281.7841400218207
661.0   286.33778808412626
662.0   283.86529369794295
663.0   285.8249546218226
664.0   282.40032530854637
665.0   297.17334614440756
666.0   291.082938420314
667.0   291.92591792315704
668.0   287.78163207651716
669.0   295.5957983511453
670.0   306.95946686643833
671.0   311.11085082716954
672.0   317.42261701012205
673.0   311.00390771154633
674.0   314.3246301769259
675.0   328.05788178057026
676.0   326.6064987313649
677.0   335.84428147872615
678.0   339.99750303889505
679.0   350.1541992802016
680.0   360.2934138568377
681.0   367.54508053409074
682.0   375.9530660468379
683.0   371.8552705658536
684.0   387.1100603119789
685.0   397.65637338236775
686.0   404.90972256118846
687.0   413.44190799669116
688.0   417.8876871057546
689.0   427.0559128973101
690.0   438.29432928916685
691.0   442.15710041479207
692.0   453.91199186197076
693.0   468.0775572186906
694.0   464.3201162842322
695.0   480.6938032244784
696.0   477.03897790385633
697.0   470.6767290062553
698.0   491.03134932813225
699.0   490.60087355840204
700.0   491.44820867825274
701.0   489.82890145811024
702.0   498.8995315513333
703.0   487.90479576300515
704.0   493.24603557085027
705.0   492.77382752876304
706.0   491.44894158404327
707.0   486.042618170006
708.0   487.02096715828884
709.0   481.99498308245757
710.0   475.0265066578039
711.0   471.0743333127433
712.0   461.3090423096215
713.0   460.60836157091154
714.0   461.8097535149725
715.0   448.89890006293615
716.0   443.3284133009597
717.0   452.02341143163875
718.0   441.4457796347061
719.0   436.9236231712291
720.0   433.98886480042205
721.0   424.8383907376974
722.0   429.81841447041495
723.0   427.4238228057459
724.0   432.13124122003444
725.0   417.47888437381687
726.0   415.4586421731063
727.0   410.10096261856734
728.0   409.535456037769
729.0   420.37353629607884
730.0   394.5421929216783
731.0   398.7726143445776
732.0   414.9432140766713
733.0   409.31896567646595
734.0   410.6445808141981
735.0   404.86402067217836
736.0   389.2960890998015
737.0   390.572975420228
738.0   400.22313898384846
739.0   385.05128771932493
740.0   411.22734918577356
741.0   395.7942447118576
742.0   404.85700517358435
743.0   394.74382948590767
744.0   396.4212716154374
745.0   392.3659868397475
746.0   384.56721136522293
747.0   405.690892200019
748.0   399.3328585036156
749.0   409.4741731468246
750.0   410.49726971079616
751.0   416.4327759479818
752.0   425.4952328160521
753.0   438.97019398254776
754.0   458.06499588613093
755.0   462.9798079094992
756.0   485.2294454310454
757.0   492.0150546095727
758.0   516.5503546873432
759.0   521.3990397542532
760.0   535.7615277501275
761.0   547.6778461993587
762.0   569.2710449558405
763.0   581.4975287602831
764.0   587.1824821400465
765.0   601.0260820948041
766.0   616.0803837131318
767.0   609.1446910318605
768.0   640.81939559753
769.0   621.5474250974205
770.0   629.8654398646943
771.0   634.8744846954804
772.0   634.2359252937398
773.0   614.0287214474075
774.0   623.4696812168532
775.0   612.5592167693231
776.0   609.2026420988332
777.0   612.4524481420682
778.0   610.3325461929016
779.0   600.5527035132063
780.0   591.1667424474892
781.0   583.1949730871038
782.0   561.7776718016119
783.0   563.0233902716892
784.0   549.4804990692
785.0   539.9069195607829
786.0   532.2359891773079
787.0   521.7102924522617
788.0   510.81500028627386
789.0   500.4439836623972
790.0   486.0766002173673
791.0   470.98612960639815
792.0   463.84416079750713
793.0   462.32194322486635
794.0   441.3347007014985
795.0   430.2906787015434
796.0   426.8554698006525
797.0   430.6537871901588
798.0   403.9701456862234
799.0   393.558161171551
800.0   378.93733536076286
