500.0   271.1440395630956
501.0   277.6477800931385
502.0   275.9404740217153
503.0   264.9324100810287
504.0   267.01412173785934
505.0   255.64009433626595
506.0   258.6162632216633
507.0   245.42722322838515
508.0   234.6908974757038
509.0   229.34567050369412
510.0   219.56787902528495
511.0   216.16148961829296
512.0   212.58961391573348
513.0   209.52844055185162
514.0   193.2577084105513
515.0   195.977844677904
516.0   198.77479581598053
517.0   199.03895317820223
518.0   196.87230818155567
519.0   205.26725245884816
520.0   186.97278189636074
521.0   190.33541360524416
522.0   202.2187028616588
523.0   194.02214628467232
524.0   194.94961576471738
525.0   207.45521456151113
526.0   205.45604844039428
527.0   218.293483603668
528.0   224.85239517069627
529.0   234.8190018114393
530.0   242.70274493091333
531.0   252.23725226537343
532.0   258.27623928256
533.0   262.42559343958624
534.0   276.0214102497479
535.0   278.9999546184275
536.0   288.8300211497186
537.0   301.1631343615077
538.0   311.7674839924836
539.0   321.7455094421548
540.0   321.56452411021803
541.0   320.5686429294734
542.0   323.62897558195755
543.0   325.3624690820468
544.0   314.80549206463286
545.0   310.62106329531014
546.0   300.35693028282634
547.0   297.8532934325763
548.0   285.9112754237699
549.0   274.39976827221636
550.0   266.5818804823318
551.0   258.3376616561771
552.0   264.7434280187122
553.0   250.90856766299163
554.0   246.31835448170472
555.0   239.95420429624477
556.0   233.57363955744907
557.0   230.44693334415425
558.0   233.09227173511127
559.0   223.69816641711682
560.0   222.36283612079242
561.0   218.73195103183127
562.0   212.64040862239062
563.0   215.39414451376493
564.0   225.60940348670053
565.0   224.1401453241984
566.0   234.5813011702918
567.0   233.39192621131008
568.0   230.49305560606692
569.0   246.81948470843605
570.0   250.4398590729775
571.0   253.45327894628304
572.0   251.3196674263975
573.0   261.5019776773365
574.0   270.3575010343792
575.0   281.0301101171022
576.0   281.73343880299575
577.0   298.78070504998834
578.0   298.83197958455384
579.0   316.762461440646
580.0   319.9497150848748
581.0   333.36531170284985
582.0   337.4554029858358
583.0   350.5274991865165
584.0   352.53004518491116
585.0   364.36648548994935
586.0   370.19610878588105
587.0   365.48648825733625
588.0   369.3082844936997
589.0   372.8416236478339
590.0   372.20892436254394
591.0   365.2198543958416
592.0   367.76780325578295
593.0   365.20915972905397
594.0   356.80575386680505
595.0   350.95901825440245
596.0   343.9376118954062
597.0   341.4803830836231
598.0   334.460045586879
599.0   329.20209362515317
600.0   315.39830812241166
601.0   317.4393165204084
602.0   301.5326531567584
603.0   311.0493898737268
604.0   301.22816821453995
605.0   293.56160491646517
606.0   301.8144628252724
607.0   298.948630570346
608.0   305.94310929110065
609.0   283.1328898676835
610.0   292.93566128853075
611.0   290.6379313374263
612.0   301.8641179634257
613.0   294.8668847888255
614.0   283.91371214000276
615.0   295.47965675763555
616.0   294.26086085962004
617.0   309.84976734231293
618.0   298.9932476159137
619.0   311.89477230927895
620.0   314.552532708724
621.0   317.5035837728974
622.0   325.6752452044105
623.0   327.69103425637377
624.0   325.8298290082423
625.0   335.1970211903015
626.0   350.28723851118355
627.0   358.48910078252425
628.0   362.9980456270537
629.0   375.4968832354927
630.0   381.4427681451982
631.0   383.75856900647
632.0   399.00870880693066
633.0   403.74294305737556
634.0   406.4562624394037
635.0   405.9139250689885
636.0   425.2348004067661
637.0   431.0312234292702
638.0   427.7093082895783
639.0   443.46869450980427
640.0   440.61919730719353
641.0   437.19262761948823
642.0   437.4436889276784
643.0   442.04142476285745
644.0   432.3107033102152
645.0   434.95538498139547
646.0   441.6093709087865
647.0   428.4779078672024
648.0   426.7214895357979
649.0   416.98275719216014
650.0   414.416186917243
651.0   409.50126573769865
652.0   409.35915576774084
653.0   409.90413855330394
654.0   399.18617021662845
655.0   398.7773535765191
656.0   395.3204372405279
657.0   394.87924453054063
658.0   390.87267376495015
659.0   392.64412705867915
660.0   391.7824790113558
661.0   392.1475120715895
662.0   391.03829028547017
663.0   390.35603592022267
664.0   395.156754627304
665.0   407.8834633843165
666.0   398.98026014710075
667.0   399.3579143964196
668.0   403.12370266562135
669.0   406.00242989788126
670.0   420.9865869625804
671.0   431.1835528552356
672.0   439.63403803124083
673.0   425.4062412324135
674.0   427.9069441236196
675.0   446.606335552122
676.0   450.8741601027077
677.0   458.8743378866798
678.0   467.2700401978318
679.0   474.34940340038986
680.0   493.1488183787286
681.0   502.459711429373
682.0   508.7052036122444
683.0   516.8191582292682
684.0   531.4073196978386
685.0   551.9267530036665
686.0   556.1743638386945
687.0   562.7727348505732
688.0   575.9732382866856
689.0   581.7708656233059
690.0   601.3334930784883
691.0   606.2033314059593
692.0   622.6296052749567
693.0   638.9235855642404
694.0   633.7515414953541
695.0   653.2018777787468
696.0   649.6879119650197
697.0   639.0402817285886
698.0   669.1936196118272
699.0   671.5454209896534
700.0   666.8404113759192
701.0   657.5691503775981
702.0   667.9590461692322
703.0   658.7272927766955
704.0   663.7158120072362
705.0   667.1967152047489
706.0   662.7727640216593
707.0   655.184791455226
708.0   657.0416889212185
709.0   650.2719370584036
710.0   644.6339604393346
711.0   633.2748401467592
712.0   620.4068603462006
713.0   618.9658702606821
714.0   609.8731212441093
715.0   603.8083039389586
716.0   598.6805917939876
717.0   609.3518697597585
718.0   584.4537663988646
719.0   591.2722254387398
720.0   581.6746790241186
721.0   571.183780354877
722.0   573.4264244133649
723.0   569.4076700237684
724.0   577.9127834817677
725.0   556.0318534144035
726.0   557.3729028455832
727.0   553.4021070550568
728.0   551.6199859341791
729.0   560.6694098373757
730.0   533.6030113171363
731.0   540.0016078776013
732.0   554.1241207322232
733.0   551.505216201052
734.0   551.7314721834828
735.0   545.6807017766328
736.0   524.2497073687621
737.0   529.9573280401216
738.0   540.3960396910792
739.0   525.7395611663391
740.0   558.4009798445284
741.0   545.1735696282394
742.0   557.181445443277
743.0   545.4767267617518
744.0   551.5057105476099
745.0   549.6499918738435
746.0   555.3283206271878
747.0   573.2822142495758
748.0   574.4727007595278
749.0   578.1045844313778
750.0   579.2673911483562
751.0   586.0883216346953
752.0   588.7847932307366
753.0   594.337177273201
754.0   601.7436995220512
755.0   602.8003071443952
756.0   615.8609644090944
757.0   622.317215816118
758.0   636.9193072742991
759.0   632.087799042147
760.0   635.9085693121153
761.0   640.3116098439195
762.0   650.6619750722716
763.0   657.0550717999071
764.0   667.5902751428249
765.0   661.0452408560249
766.0   687.1920046581241
767.0   671.3027683080265
768.0   689.5406924733663
769.0   669.422904820494
770.0   677.2701355365921
771.0   677.2440784566422
772.0   677.1551552736624
773.0   653.68250841051
774.0   660.3929552350861
775.0   642.7967585245292
776.0   645.5898529948606
777.0   643.2834380868237
778.0   631.7439778803475
779.0   626.1251967372838
780.0   619.1825877688655
781.0   600.1282819034096
782.0   584.3440283792005
783.0   576.1551295142907
784.0   565.4657531287221
785.0   559.7435217558615
786.0   550.2489132967906
787.0   538.2465567751048
788.0   516.45215211502
789.0   511.04914797858993
790.0   498.33321820075184
791.0   479.5530061964858
792.0   468.24072488934564
793.0   460.4626925594572
794.0   442.1368482638079
795.0   437.751983749197
796.0   425.90723948431
797.0   424.95654023111376
798.0   399.9584915887516
799.0   385.5213288474289
800.0   374.5845083514736
