500.0   270.8364525240098
501.0   275.54282021507527
502.0   279.0077835306232
503.0   263.12862034523215
504.0   270.8012168688709
505.0   257.74494971116235
506.0   258.99904800784253
507.0   249.56148422578715
508.0   234.3438770830049
509.0   227.36829437250162
510.0   220.53003392128832
511.0   215.429994816353
512.0   212.85600122221496
513.0   210.8026954059197
514.0   190.11872127248222
515.0   196.28952753891224
516.0   202.12690723572874
517.0   199.17184723250784
518.0   198.03958831803746
519.0   205.75819589769677
520.0   188.3837450201524
521.0   192.8229892469449
522.0   204.2777433517315
523.0   197.3167743837658
524.0   194.91180057526398
525.0   209.43458895554306
526.0   208.0273130439137
527.0   219.0856786574205
528.0   223.17353273548562
529.0   235.52816533558922
530.0   244.79083988838275
531.0   252.01691524635552
532.0   257.67060308744846
533.0   262.1085797076826
534.0   277.1436853402955
535.0   279.66224240368774
536.0   292.7244632075725
537.0   303.09808373524305
538.0   314.58950014180726
539.0   321.3412616069065
540.0   321.045720496731
541.0   319.7485337412144
542.0   320.46769345782775
543.0   325.94063065485693
544.0   314.9929410457092
545.0   311.3996952197047
546.0   305.0119734286279
547.0   294.6601482488471
548.0   286.76066946015965
549.0   278.36652488116647
550.0   267.1546181659447
551.0   258.09255339213865
552.0   266.7566369386142
553.0   250.0336600772822
554.0   246.5028331130821
555.0   239.54741030259868
556.0   233.89144656409448
557.0   231.88959314225784
558.0   231.19043707782393
559.0   224.32175372040834
560.0   223.98925428204657
561.0   220.22793257317312
562.0   213.19862147442058
563.0   214.58968747290177
564.0   227.09508513117888
565.0   222.65938430999307
566.0   236.74619237680156
567.0   232.04348075137824
568.0   230.89143388389633
569.0   250.45128438797633
570.0   250.7185360417827
571.0   250.79934170722402
572.0   251.2950166690717
573.0   261.5192706959425
574.0   271.40673986495324
575.0   279.94794100940896
576.0   282.30950929737213
577.0   294.60349698299706
578.0   303.14702073873394
579.0   312.76881951397195
580.0   322.97627030550467
581.0   333.846367565446
582.0   335.43341760431736
583.0   349.89089183422357
584.0   348.4607871631109
585.0   361.52737899680585
586.0   368.65409750540846
587.0   360.7930080401183
588.0   369.87059230486
589.0   373.9611966021208
590.0   373.34020006213916
591.0   366.1038570677947
592.0   364.826969415804
593.0   366.9693694260308
594.0   353.93628911298094
595.0   349.48398481278724
596.0   338.1680930184031
597.0   337.55978623753094
598.0   331.09347846606033
599.0   327.0528037632935
600.0   314.025583896232
601.0   312.9381670329104
602.0   298.31054906284595
603.0   307.8134695800509
604.0   299.4792012293825
605.0   295.1626965878538
606.0   307.73111154821805
607.0   299.2512813288281
608.0   305.04632934046685
609.0   282.6415820144092
610.0   289.9707121764833
611.0   286.67290179139246
612.0   302.0136032014315
613.0   292.3290931202357
614.0   283.11085242790654
615.0   286.18523985637
616.0   292.3765195694492
617.0   312.184350372976
618.0   296.39392902912635
619.0   311.07990222989235
620.0   310.94652130335396
621.0   317.6349937751427
622.0   320.9663435518549
623.0   323.7716899734486
624.0   327.62176606113314
625.0   333.55249975740435
626.0   349.14954220655045
627.0   358.07185746231835
628.0   360.1841892943102
629.0   375.168505012058
630.0   374.9825372728104
631.0   383.17225382285494
632.0   393.1458736293227
633.0   400.777724931511
634.0   404.13471151572656
635.0   410.13327028372106
636.0   420.06084389042474
637.0   430.69783187968926
638.0   420.7038476536941
639.0   440.2642846435554
640.0   433.0877102859889
641.0   433.01486866617086
642.0   437.0747001665417
643.0   439.91904300144006
644.0   432.430928289146
645.0   435.66433222630644
646.0   435.4858585135308
647.0   426.6062188140316
648.0   424.9475214644083
649.0   414.48794020150507
650.0   412.2100054149203
651.0   407.4503460978458
652.0   408.0821335868868
653.0   403.30654806398604
654.0   395.67280356448697
655.0   394.20389426595307
656.0   396.8861519199435
657.0   388.8061259314936
658.0   387.2702401386874
659.0   388.7014758802892
660.0   388.5401064770846
661.0   388.08999162653777
662.0   387.6487366831191
663.0   385.458503494364
664.0   390.0736645133621
665.0   407.36272602159926
666.0   399.11229538233357
667.0   399.16940933705644
668.0   398.05384304743524
669.0   404.965668345068
670.0   416.27788350992137
671.0   423.7521991144116
672.0   431.8156537879495
673.0   422.7368698256575
674.0   425.717519493851
675.0   444.86617191916287
676.0   445.56568703062464
677.0   454.7005688008931
678.0   460.2269872628299
679.0   475.16819348202785
680.0   489.47366993585035
681.0   497.3639085158144
682.0   508.0637931452965
683.0   514.7968220221608
684.0   528.3957178968176
685.0   541.991252891705
686.0   551.2752987482896
687.0   558.4331818045512
688.0   571.8599067275555
689.0   581.0523048022274
690.0   598.1281937098419
691.0   597.7897999944901
692.0   617.6891750688358
693.0   635.0448383833423
694.0   631.9600157223861
695.0   642.6434856089631
696.0   651.444948768799
697.0   635.3634883107235
698.0   662.1349879641385
699.0   660.897260792816
700.0   658.163057599639
701.0   653.715895248572
702.0   662.0283076611152
703.0   651.6249102725266
704.0   659.7609399450013
705.0   665.733087235687
706.0   654.3241168057139
707.0   651.0130989617928
708.0   650.043121593884
709.0   646.0071256990249
710.0   634.6756453030085
711.0   627.3899597445194
712.0   612.4014453141633
713.0   614.4995285610057
714.0   612.7270357162004
715.0   592.6185787729798
716.0   589.2264958498278
717.0   604.2942393111973
718.0   577.213062379156
719.0   581.5381714048308
720.0   572.6538874265736
721.0   565.8712558483751
722.0   568.7015880590384
723.0   565.8055708220495
724.0   575.6124439586587
725.0   550.0043487315301
726.0   553.2855034174372
727.0   545.3097755251499
728.0   543.2593871979826
729.0   557.9814810136552
730.0   531.7837963031047
731.0   533.4623142857608
732.0   549.0780337868872
733.0   546.4018292864424
734.0   547.6949319762895
735.0   541.9491269845528
736.0   525.3833846408804
737.0   522.697259605902
738.0   534.4062052222001
739.0   518.1948770053574
740.0   554.2586128022228
741.0   534.8285727590769
742.0   550.4129343956106
743.0   540.2183800128456
744.0   549.745100170189
745.0   541.296700995412
746.0   546.6737925722803
747.0   561.7732060561498
748.0   565.5402896381302
749.0   572.2376436811546
750.0   576.1045066301401
751.0   582.5693438571537
752.0   579.2030813131748
753.0   585.5563318061706
754.0   594.9453295535038
755.0   599.313142809696
756.0   608.9104675077978
757.0   610.8246694793058
758.0   628.8139036792508
759.0   623.9189321086778
760.0   627.2594348161717
761.0   631.9698623747461
762.0   641.7914261859363
763.0   657.2401070394397
764.0   661.0178751752954
765.0   656.2867395582958
766.0   676.9875498088854
767.0   660.7384682424208
768.0   684.2924791968421
769.0   665.4796044603088
770.0   666.4018870064474
771.0   670.7424577229808
772.0   669.6361762844808
773.0   646.8827598830312
774.0   653.6780648383515
775.0   638.328827674083
776.0   639.721329334406
777.0   639.5608440531147
778.0   626.9398525506192
779.0   616.373679951574
780.0   604.7258270328954
781.0   592.4749388114657
782.0   573.5279510640033
783.0   575.4341633717861
784.0   562.6531606477463
785.0   549.4466308981731
786.0   544.802432450642
787.0   525.1296180441768
788.0   511.8945899298303
789.0   503.6224476529915
790.0   490.7344821353947
791.0   470.743000732613
792.0   463.18707097419156
793.0   455.8816583527313
794.0   438.3610761044945
795.0   430.7893696492786
796.0   424.32539539012896
797.0   421.69260830408234
798.0   396.45713417660625
799.0   382.9986023061473
800.0   371.0584757240787
