500.0   264.21528962726074
501.0   269.0039336429396
502.0   268.4642316139741
503.0   258.6199400168598
504.0   265.82355396130066
505.0   250.60716914423367
506.0   251.6256896968997
507.0   244.78348088750235
508.0   231.866459002362
509.0   219.93863269945177
510.0   214.60602938216223
511.0   211.40982779730805
512.0   209.0229957166626
513.0   208.39462680122685
514.0   187.22528733860764
515.0   191.89744844025807
516.0   197.21168121667162
517.0   194.85926038442472
518.0   190.71466861259742
519.0   205.05307990844622
520.0   180.08524365834018
521.0   187.02306668394138
522.0   199.1284960935123
523.0   191.05351365673317
524.0   192.035970181811
525.0   205.6284440643895
526.0   206.01664731234968
527.0   215.90288699494067
528.0   219.31801275392112
529.0   231.7324961212513
530.0   237.39046437788468
531.0   249.03656005787755
532.0   251.78760350767226
533.0   254.88603160563622
534.0   271.3050698064635
535.0   276.62153621059065
536.0   285.4265593012108
537.0   293.8119106761671
538.0   304.5653428617914
539.0   315.16716266954273
540.0   321.9673738374807
541.0   313.1581621403011
542.0   311.7767538557419
543.0   317.122044267316
544.0   311.3481471815503
545.0   301.5111276592489
546.0   299.506462846152
547.0   288.8192839110604
548.0   281.2307081519664
549.0   269.90662159759916
550.0   261.14649796313813
551.0   255.01130160665167
552.0   259.63044332320766
553.0   245.95130362289103
554.0   243.38965777332982
555.0   235.90704560230466
556.0   227.8853104556201
557.0   223.98550714268472
558.0   226.8594030567352
559.0   219.3918205255405
560.0   218.12178509674757
561.0   219.4349173053273
562.0   207.0655477135328
563.0   202.85861138206272
564.0   220.0855756182997
565.0   216.4738726041723
566.0   228.2192969058293
567.0   225.97316943242652
568.0   224.29148874357153
569.0   244.17009763004467
570.0   241.667758869854
571.0   245.3139522775067
572.0   245.52458924187667
573.0   254.88002605080916
574.0   264.7758423503028
575.0   277.73198148401866
576.0   279.92188679520524
577.0   291.1514559682525
578.0   299.07546707328754
579.0   309.04786589523815
580.0   312.71488660256387
581.0   323.59052825035616
582.0   332.88982957115604
583.0   344.98662117110666
584.0   344.26553279471534
585.0   356.22307189525156
586.0   360.1885120796352
587.0   354.9676694791671
588.0   357.3423937344877
589.0   367.5951303369703
590.0   365.7752273071775
591.0   358.40136407697855
592.0   359.6384079923906
593.0   357.25078150062694
594.0   346.5700875316203
595.0   341.57908721501855
596.0   333.9561036838465
597.0   332.42823345355646
598.0   325.16022781489943
599.0   318.18670335749454
600.0   307.6072030897526
601.0   309.29957055887473
602.0   296.0276075250657
603.0   301.2817555350117
604.0   292.7691591583364
605.0   288.3701546866474
606.0   295.47936471379995
607.0   295.83559228161164
608.0   297.0412010016797
609.0   277.67924950846225
610.0   283.03455112717097
611.0   285.10069176563576
612.0   292.26880591258185
613.0   286.062885390954
614.0   277.2930464156256
615.0   284.30405224918184
616.0   286.8888788912524
617.0   304.81059265833005
618.0   290.9156151845971
619.0   304.56015340830135
620.0   302.8934092408831
621.0   312.42510312028185
622.0   313.4773739229178
623.0   318.94318283722373
624.0   318.69169127081216
625.0   324.10250920930537
626.0   343.1662753201116
627.0   350.43069354809495
628.0   352.990973936019
629.0   364.51714129126066
630.0   366.42133130432865
631.0   373.35227270399923
632.0   386.18718139021524
633.0   393.04186419801874
634.0   401.0826031627824
635.0   401.84308412658874
636.0   410.8787508268682
637.0   421.42976964959655
638.0   412.9072650925734
639.0   430.7017781848854
640.0   423.7313397986551
641.0   421.31889222320433
642.0   421.72336206574687
643.0   428.3914648893874
644.0   424.3089536487347
645.0   427.81016304268655
646.0   428.7314230993308
647.0   418.17136840331915
648.0   416.37609272203724
649.0   408.6706571826034
650.0   404.77491148390715
651.0   402.2517632319323
652.0   400.18667398207197
653.0   398.6627333466771
654.0   385.20635760762747
655.0   386.0439912457339
656.0   386.06328165292905
657.0   383.52522407577
658.0   378.75798075964417
659.0   377.3629404793711
660.0   378.16187665448274
661.0   378.7180376979761
662.0   381.0986218228347
663.0   379.61211986095157
664.0   382.52115003531884
665.0   397.67733425557395
666.0   389.0090686902524
667.0   388.90186349771295
668.0   388.81133153505453
669.0   388.9761349413292
670.0   410.1344722517316
671.0   419.55817862358913
672.0   424.33611890779457
673.0   414.5927121790133
674.0   418.02115299920956
675.0   436.9752726127508
676.0   437.3820600692426
677.0   448.1065788603127
678.0   451.77066934454444
679.0   464.01354705825804
680.0   480.61534969140337
681.0   487.8895369063266
682.0   497.5652716282683
683.0   505.7747921172307
684.0   516.7057892426196
685.0   532.4207356199091
686.0   540.3365323078023
687.0   543.7656336911714
688.0   555.530152118131
689.0   569.1715466090315
690.0   583.0344768470469
691.0   588.8444443121452
692.0   603.4677256702257
693.0   621.8111722141117
694.0   615.4804235634446
695.0   632.1389364033628
696.0   632.1524668371178
697.0   620.9471217869833
698.0   650.7213001685976
699.0   649.674878744293
700.0   646.764878757587
701.0   640.9692534929143
702.0   650.4321047524594
703.0   642.2237519191417
704.0   650.5933541369012
705.0   646.8686261304794
706.0   638.0800673095131
707.0   634.3497940960706
708.0   636.4127556813811
709.0   631.2191377753653
710.0   625.1402778381067
711.0   615.812845117787
712.0   601.4610295615553
713.0   599.4703118018567
714.0   602.6025198760638
715.0   586.0272475184123
716.0   575.3260148608665
717.0   588.2106646832649
718.0   567.1516019456867
719.0   571.2961619571425
720.0   561.8410014288274
721.0   551.452118900485
722.0   561.3817438674748
723.0   553.6148684116212
724.0   568.9601084840614
725.0   541.6627956001113
726.0   539.3042054162092
727.0   536.1967425750819
728.0   530.0042788916329
729.0   543.4198022539604
730.0   514.0375911588136
731.0   523.615119386059
732.0   536.905044343224
733.0   538.8798579853712
734.0   532.7104279891837
735.0   529.7773465448035
736.0   511.14269679940287
737.0   509.2545794694772
738.0   521.0137981811599
739.0   510.1554845406463
740.0   540.0918948978101
741.0   526.0079492565096
742.0   536.8940413848034
743.0   528.0312861890037
744.0   532.2980116037758
745.0   528.6354268649908
746.0   534.6782943634621
747.0   552.0597048719275
748.0   551.3963038611672
749.0   563.9649665378299
750.0   563.6597791065506
751.0   565.1973657051857
752.0   569.6851359342861
753.0   574.7583420865174
754.0   588.1335320817145
755.0   585.3262306251282
756.0   596.7655254562338
757.0   606.720123350646
758.0   616.5108952406794
759.0   614.0586630307478
760.0   619.0939762292974
761.0   620.7109591437871
762.0   634.4101676972833
763.0   645.1673985199649
764.0   644.4192402670109
765.0   651.8733967557686
766.0   659.8837017028368
767.0   647.8153336488072
768.0   677.4425025418084
769.0   652.0256264729366
770.0   659.5328216589085
771.0   657.191985812541
772.0   658.1989774345751
773.0   631.7947533748538
774.0   642.2695528610708
775.0   630.7055034870621
776.0   627.383645432115
777.0   626.8296253145063
778.0   618.8453953902692
779.0   608.7338035892172
780.0   594.4063562448463
781.0   586.5187595463782
782.0   565.4009963897453
783.0   565.7045719532377
784.0   554.0544952810735
785.0   537.5587787088768
786.0   530.9992068003728
787.0   522.0415579451301
788.0   508.561033157217
789.0   495.8536425901181
790.0   481.8523418364656
791.0   462.845207514235
792.0   457.94803015875925
793.0   451.5511170641895
794.0   432.5945019498413
795.0   425.08421950382905
796.0   413.50369160742093
797.0   416.5274042567104
798.0   391.25572107344647
799.0   378.4202223651737
800.0   366.4822682324134
