500.0   265.32445364274736
501.0   274.8900480156426
502.0   272.26564747207783
503.0   256.2622717347826
504.0   262.9828140837139
505.0   249.33936515621215
506.0   253.174912530453
507.0   241.78073948031206
508.0   231.52763245078214
509.0   220.18642339899577
510.0   213.8800787733566
511.0   209.74953134830824
512.0   207.06873507364463
513.0   205.4621858060802
514.0   187.523353322846
515.0   192.18922563434165
516.0   198.13624856401648
517.0   197.35875590505475
518.0   192.70619853210266
519.0   201.80501886995106
520.0   186.44832504004853
521.0   187.5627569033252
522.0   197.44638440127653
523.0   191.49339927822126
524.0   189.31056426838634
525.0   204.10829607733854
526.0   205.81887578087446
527.0   214.53025748266703
528.0   220.01393647232564
529.0   228.73875163315302
530.0   234.98654394594186
531.0   245.66555238922294
532.0   251.65158017133865
533.0   256.39761015357107
534.0   268.4056399358467
535.0   274.81696840361303
536.0   283.16059072683095
537.0   295.89435057049076
538.0   302.05030727331496
539.0   313.20995409942344
540.0   317.60379147985134
541.0   311.73078206869
542.0   311.663927757351
543.0   315.9392129412661
544.0   309.40367437422873
545.0   300.868496607293
546.0   295.54403643340623
547.0   284.87320948054116
548.0   280.79149624332035
549.0   270.97189784121
550.0   258.67863290220464
551.0   252.6639806593064
552.0   260.98531863204477
553.0   244.09452344525454
554.0   240.96685270882375
555.0   234.2139674902333
556.0   227.0890381023722
557.0   226.94930336150273
558.0   228.13065516815342
559.0   214.0895372435281
560.0   213.18483242632888
561.0   216.97661863850618
562.0   206.75292021209623
563.0   209.6342615571082
564.0   219.37407506185937
565.0   215.99386535117748
566.0   229.5694176310102
567.0   228.49393486876443
568.0   224.392149862634
569.0   241.13200522348654
570.0   242.66257521716645
571.0   248.45692193797072
572.0   242.20880421039666
573.0   251.92551402108998
574.0   263.46143204509576
575.0   275.7344964117638
576.0   272.8032407220024
577.0   286.4944182113958
578.0   293.8781424657414
579.0   304.31606980606614
580.0   308.97054518082683
581.0   321.80887193055
582.0   328.89983094935576
583.0   338.44819798686194
584.0   342.3658526813073
585.0   355.2045610739374
586.0   357.2046781445456
587.0   348.23645583459387
588.0   358.0519349597283
589.0   366.2212022398445
590.0   361.1941804749438
591.0   353.8479340850414
592.0   355.69078311581154
593.0   354.6003687459059
594.0   345.5196223877821
595.0   337.1982776479999
596.0   330.94196276447207
597.0   326.9708550848238
598.0   325.6178128524021
599.0   316.18688014384486
600.0   305.3871009961181
601.0   303.55512143563857
602.0   294.4037154559798
603.0   304.0529570912155
604.0   290.9736454390357
605.0   286.05031304673776
606.0   294.6513560577925
607.0   290.84009850493715
608.0   293.30570181158146
609.0   274.52879974079167
610.0   282.6798555257654
611.0   283.2917619824668
612.0   294.91399746038866
613.0   284.1866477274372
614.0   274.8875512004802
615.0   281.4203837696716
616.0   282.3605663056577
617.0   301.38718808501085
618.0   290.03904072703307
619.0   304.7399148156054
620.0   299.59959416032245
621.0   305.96126376611994
622.0   312.7809395313211
623.0   312.97880749480555
624.0   315.52724064541854
625.0   321.89857075597104
626.0   340.4778640594749
627.0   344.74840471605467
628.0   355.95309380358407
629.0   363.57777851654254
630.0   365.47082622596236
631.0   370.2180413425225
632.0   382.687323209755
633.0   389.31543657461987
634.0   395.5351550986458
635.0   397.1253960739795
636.0   409.52072762817056
637.0   417.86919101942374
638.0   410.85179191014936
639.0   426.9800360238018
640.0   420.55963596598826
641.0   420.12815251727216
642.0   420.5775615397189
643.0   427.0577849144048
644.0   420.67941513836263
645.0   422.37110396473906
646.0   426.0684179964623
647.0   412.3794363014827
648.0   411.70741877395153
649.0   403.31314434523205
650.0   403.03516475974635
651.0   398.4464126129724
652.0   393.8258262585874
653.0   392.88755954178487
654.0   382.4135190115741
655.0   383.4123008456651
656.0   383.6020999501709
657.0   380.595217119983
658.0   373.1285952490872
659.0   379.37475817545555
660.0   382.5516988257524
661.0   378.18113293546514
662.0   381.44485113206844
663.0   379.6129081130357
664.0   378.44573985290714
665.0   392.8997162045005
666.0   384.0690170404129
667.0   385.46803852159917
668.0   387.7636995304238
669.0   393.9091056685421
670.0   406.90429368500725
671.0   411.9131567992082
672.0   422.74718671908295
673.0   411.9342748082177
674.0   419.51253449794797
675.0   432.7771688708327
676.0   430.66115522765836
677.0   442.7132636684574
678.0   445.2909349922678
679.0   455.1010158429384
680.0   472.122990662951
681.0   478.8238632827845
682.0   493.2709500505946
683.0   498.54095877465096
684.0   514.2997873969509
685.0   530.2874123069956
686.0   531.7612217548905
687.0   540.8741278853374
688.0   552.0148625098487
689.0   563.129486631033
690.0   581.527652430673
691.0   585.1776222164569
692.0   595.2271925554678
693.0   609.6380613637615
694.0   606.7433058038993
695.0   622.9863370971584
696.0   622.9602346081571
697.0   616.0346598238431
698.0   641.7471207230426
699.0   643.2058682207723
700.0   643.2260538367433
701.0   634.5449986547815
702.0   643.3719999048674
703.0   634.4089698560919
704.0   640.2682247857491
705.0   641.4307631874768
706.0   636.5456847888832
707.0   631.7511754095964
708.0   630.0882522658817
709.0   623.0122617173056
710.0   619.1298296157821
711.0   606.4593803221592
712.0   599.8909096346465
713.0   595.2596003820338
714.0   592.8353492578258
715.0   577.3210977756133
716.0   577.9803940148922
717.0   577.4382425020322
718.0   564.3856988959943
719.0   565.8194314085637
720.0   553.3325253094113
721.0   546.4058999361469
722.0   555.0497906295548
723.0   547.1897374142978
724.0   556.042233830282
725.0   530.3484600190735
726.0   533.8252400385843
727.0   531.6011952177428
728.0   530.691196211211
729.0   535.9167528611056
730.0   505.26715828611
731.0   516.5475185781139
732.0   533.7562207966035
733.0   530.3907552139937
734.0   529.1720016961458
735.0   526.0743496714213
736.0   506.9192650779502
737.0   508.748370483165
738.0   517.8402115932385
739.0   501.0478638670885
740.0   534.5825637143735
741.0   517.8088504959474
742.0   527.918773165949
743.0   522.7484154417806
744.0   527.8858990038217
745.0   524.9087211747892
746.0   530.6982925993523
747.0   543.7984472818255
748.0   544.9259450319213
749.0   547.5983770200378
750.0   551.2415259553243
751.0   555.209281482004
752.0   563.1302969212318
753.0   564.9394460163746
754.0   574.9646953006124
755.0   576.920375791663
756.0   593.452076970479
757.0   596.0201799193642
758.0   609.173527657736
759.0   600.7235327930953
760.0   611.9747832186599
761.0   614.6167887020383
762.0   625.8861886205652
763.0   637.0114680368891
764.0   638.7221578800646
765.0   639.9924327139942
766.0   654.8213162638623
767.0   641.0574207300742
768.0   668.7699420007466
769.0   646.7119076461177
770.0   647.8679218751392
771.0   648.8168092203482
772.0   652.1710970561495
773.0   629.2608527831154
774.0   630.8131030135772
775.0   618.1736719492665
776.0   621.7360934359148
777.0   620.297097471442
778.0   611.7191524332773
779.0   597.6566920142819
780.0   590.4713664923557
781.0   576.4599237363535
782.0   554.4014073963411
783.0   553.277206593041
784.0   543.8222049921906
785.0   535.2256263021729
786.0   529.0840766001161
787.0   516.3737122977441
788.0   495.3530092983457
789.0   489.7842807661594
790.0   478.4245529196912
791.0   451.5313214373911
792.0   455.1408223738057
793.0   443.9794610344454
794.0   428.62606732408483
795.0   420.23293508015564
796.0   406.755036224214
797.0   409.000135882745
798.0   385.2036567608186
799.0   372.45875303964533
800.0   360.09450572238256
