500.0   276.22696433990063
501.0   279.1784253811237
502.0   276.64195614138
503.0   267.9012678587669
504.0   271.0021157423854
505.0   258.7076533693404
506.0   264.01346707909823
507.0   252.01924559680012
508.0   238.35549985423003
509.0   227.20102406274515
510.0   220.34357558316864
511.0   215.20925691295773
512.0   214.07370613139113
513.0   212.75022963882626
514.0   195.3839785039936
515.0   196.98327712986423
516.0   203.93740564254918
517.0   202.3469171794747
518.0   198.4391881711064
519.0   207.35159010565027
520.0   189.35740520776682
521.0   192.7404390353593
522.0   202.7352477351813
523.0   195.17634886554498
524.0   197.0567647112139
525.0   210.77978267127088
526.0   211.34014898388017
527.0   222.67738593892187
528.0   224.47908012731037
529.0   232.49673791890848
530.0   239.00722053560176
531.0   254.1603148086554
532.0   259.86253187772667
533.0   262.31810898415785
534.0   278.4084200533699
535.0   281.00672237878825
536.0   292.67668182209184
537.0   302.99564841391685
538.0   311.93672816641663
539.0   322.8017780938507
540.0   327.0017688510518
541.0   323.73411576404874
542.0   326.27315201344845
543.0   331.152883072819
544.0   319.8793018215034
545.0   308.8741375167034
546.0   302.3278357555664
547.0   294.28705601727404
548.0   286.93064401824387
549.0   280.89162908562
550.0   269.4049734214917
551.0   260.61895642112273
552.0   269.7419946502235
553.0   252.2811405565472
554.0   245.5615665398645
555.0   241.48985765031324
556.0   235.28094179642417
557.0   230.24050796473844
558.0   233.4979177822813
559.0   222.00481179218255
560.0   223.31905304105769
561.0   222.8750218360952
562.0   209.95599376135578
563.0   215.38283855537347
564.0   228.8568870432733
565.0   226.37351183497788
566.0   236.21617580299227
567.0   232.34916530326092
568.0   231.7909211654343
569.0   248.00567723419903
570.0   251.3351393450183
571.0   251.92031305671804
572.0   244.7704377402376
573.0   259.7429750168643
574.0   268.70505340008026
575.0   281.05094319514615
576.0   283.7724994137224
577.0   297.71484031559396
578.0   296.64868706820397
579.0   318.0438518763825
580.0   321.37461144316245
581.0   334.37788255974857
582.0   339.14907296021886
583.0   351.12613116376235
584.0   351.50493189287226
585.0   361.4557032569775
586.0   369.02011708870566
587.0   361.1462846738853
588.0   367.19736741180793
589.0   377.97735371791725
590.0   369.8768058660323
591.0   364.8089514788711
592.0   364.50876702524056
593.0   363.84252183152245
594.0   352.94289618797916
595.0   349.65062200339247
596.0   335.38384185569583
597.0   340.36867095639536
598.0   333.39678235995393
599.0   324.04312368149857
600.0   314.8261446647898
601.0   310.71868612355524
602.0   300.6710680516184
603.0   309.56482808537294
604.0   299.5417245146792
605.0   295.96608500136915
606.0   301.1213433027745
607.0   300.2233601879452
608.0   300.2680468947125
609.0   280.59191958520216
610.0   290.75712619715455
611.0   292.05987259587386
612.0   301.4678241746127
613.0   292.8087255232475
614.0   280.7334589172427
615.0   286.9581109177361
616.0   293.93239732088114
617.0   311.24540234249093
618.0   295.71825392840805
619.0   309.0090725518006
620.0   310.75305555263776
621.0   315.1355472430488
622.0   326.63251810994404
623.0   324.83436520381235
624.0   323.20541715589775
625.0   332.81889903966805
626.0   348.30487698414095
627.0   355.2889549731002
628.0   363.6553568250418
629.0   375.84879654550065
630.0   375.1968851019393
631.0   384.5603738781873
632.0   393.0214675163558
633.0   403.2023932315203
634.0   403.1675132707955
635.0   406.8916572435889
636.0   418.9459830636266
637.0   430.40584532305854
638.0   422.65054423514175
639.0   440.147655757776
640.0   436.6256986755476
641.0   431.2511335205236
642.0   435.5092381451152
643.0   440.02383995107107
644.0   429.4203131747929
645.0   434.7320482053991
646.0   440.3764451391584
647.0   426.29880188938745
648.0   426.4542772731818
649.0   420.0949766164819
650.0   412.9591835168865
651.0   410.1036909672971
652.0   408.03143648120897
653.0   404.1711693910795
654.0   394.63381598808945
655.0   392.33726291035885
656.0   396.8115746236
657.0   392.13427756313854
658.0   384.7390909542074
659.0   389.44368023082154
660.0   389.31505378258476
661.0   387.23288427461773
662.0   391.20274170606723
663.0   387.3939444700844
664.0   389.525440978057
665.0   405.312149677323
666.0   396.1501037663899
667.0   401.78724641111955
668.0   397.1379051754257
669.0   403.3777116662735
670.0   417.258085674429
671.0   426.4339938393217
672.0   435.09785603127636
673.0   423.00207220764224
674.0   426.8151490368
675.0   445.0533921448051
676.0   445.27295031478457
677.0   459.9529465430316
678.0   462.1880777677212
679.0   466.4571883155253
680.0   487.92147395033044
681.0   494.797301241285
682.0   506.38142565348835
683.0   514.8877325399908
684.0   524.0124956167951
685.0   539.5396717026457
686.0   552.397385385152
687.0   553.8538630406126
688.0   567.0316073122054
689.0   579.0857504919924
690.0   598.0570538671647
691.0   600.3869860080702
692.0   615.3143913823401
693.0   627.7037966049459
694.0   628.9089555254467
695.0   646.3036163782207
696.0   643.3871521034149
697.0   633.0832123705876
698.0   657.1369059740349
699.0   661.8114580043664
700.0   660.8095589950786
701.0   656.3259296775373
702.0   666.1262747191861
703.0   652.7325634950245
704.0   658.6038478328305
705.0   659.9119966079166
706.0   652.1038448949009
707.0   648.239768477891
708.0   647.1598086040705
709.0   645.3995260221413
710.0   634.2919168749899
711.0   626.7942304586272
712.0   612.2739980677052
713.0   608.7247988190611
714.0   605.1898714778686
715.0   594.9929806261741
716.0   589.3449102393394
717.0   596.372180304948
718.0   573.9057274005264
719.0   585.4075578569691
720.0   571.2689280561608
721.0   566.3088005034415
722.0   571.8560021963117
723.0   559.7998257534507
724.0   576.600858731662
725.0   549.5154372887297
726.0   553.3110278200011
727.0   549.4021817375881
728.0   543.681573213339
729.0   555.2175890286617
730.0   529.6542594639275
731.0   536.1621831139532
732.0   547.899473336353
733.0   546.8999474993104
734.0   547.1062623816465
735.0   539.4187144473212
736.0   519.7355032933157
737.0   520.2905789539423
738.0   535.0164087702228
739.0   519.259926054361
740.0   548.2293849198413
741.0   535.5466379684136
742.0   543.5526730688835
743.0   539.7933635639375
744.0   544.0191325345847
745.0   541.0063851742314
746.0   544.5341058716324
747.0   562.7641780295725
748.0   568.651418249984
749.0   568.2801702524632
750.0   570.0421155755098
751.0   574.2096343177425
752.0   580.157961967991
753.0   586.6499513887698
754.0   602.03671743474
755.0   593.3859284644085
756.0   607.9785388157474
757.0   615.1169715345145
758.0   630.8316121601698
759.0   624.7274892512282
760.0   632.0716306673432
761.0   635.7638733491328
762.0   644.8140838563294
763.0   658.1413912735119
764.0   658.3339564554091
765.0   658.9416724477586
766.0   677.712230158521
767.0   664.329769029725
768.0   688.377404596077
769.0   667.3926956025538
770.0   671.9329476919229
771.0   671.6259941215941
772.0   671.7866167932049
773.0   647.2653579735321
774.0   657.897318615153
775.0   637.6249537266787
776.0   640.1578424086114
777.0   641.2763640028212
778.0   635.1266635973413
779.0   619.5811003046161
780.0   612.5068920270868
781.0   597.3794266350076
782.0   581.6056438973206
783.0   580.2459864663194
784.0   566.7568565426409
785.0   550.2461178795817
786.0   543.3074405133231
787.0   530.8011027452271
788.0   517.0491066318607
789.0   509.08246584752186
790.0   492.58851960173934
791.0   469.817376685307
792.0   465.1473639639637
793.0   455.82116379148397
794.0   442.03006915406195
795.0   427.5059442692287
796.0   421.981614311228
797.0   421.9272880776475
798.0   396.72675100462743
799.0   385.15049748574825
800.0   370.41981350259584
