500.0   274.6466446108252
501.0   280.66708491144277
502.0   278.4741594741881
503.0   264.87435453124147
504.0   271.97218211446545
505.0   256.2700048571602
506.0   259.20021469971823
507.0   245.84031447859562
508.0   235.91684386600312
509.0   230.21364459434898
510.0   220.31418985001713
511.0   216.86213789466032
512.0   212.14279100745028
513.0   211.53789053871057
514.0   191.75259945883084
515.0   195.31088132218844
516.0   203.37649294149324
517.0   198.21964889266218
518.0   198.27215272951818
519.0   206.23682664489766
520.0   186.5941594450698
521.0   193.99875351423626
522.0   206.43150779254444
523.0   196.56477994614437
524.0   199.27690493695982
525.0   207.62594651942135
526.0   210.54603727854294
527.0   221.09685824822515
528.0   227.4378052525452
529.0   234.16449354578538
530.0   242.4869920936416
531.0   254.76837079614788
532.0   260.84916228047064
533.0   265.49925374960355
534.0   278.9694505949151
535.0   279.10789614505563
536.0   291.55097321395135
537.0   304.9280692603631
538.0   309.1157851813623
539.0   323.7197717692488
540.0   324.30229232848035
541.0   320.2368321558258
542.0   318.14041116514727
543.0   326.37659486896905
544.0   317.7969448179988
545.0   310.98941125538533
546.0   304.602343600274
547.0   293.8213623848955
548.0   285.71497221109377
549.0   275.9534010893958
550.0   264.28836259109164
551.0   257.12499028380637
552.0   264.24207866079234
553.0   252.0752453470571
554.0   246.9021428119952
555.0   238.97382387262985
556.0   235.9136303081386
557.0   229.72017940891644
558.0   235.77001645453512
559.0   224.48329934286394
560.0   221.86903852265257
561.0   221.2130740955023
562.0   213.18136486229804
563.0   212.06271594060215
564.0   224.03549423512075
565.0   223.79578956246047
566.0   236.00229935109348
567.0   234.7495794370991
568.0   229.09292063551666
569.0   251.55437351028024
570.0   250.6537128625217
571.0   252.5458514887345
572.0   250.32248162564585
573.0   259.5766445351338
574.0   274.15235883840523
575.0   282.2636292674654
576.0   284.0593631155023
577.0   297.7523667455217
578.0   300.99133393754977
579.0   311.56092008133544
580.0   319.87334822502754
581.0   331.4040391940351
582.0   335.0792614719486
583.0   344.42062538120945
584.0   349.8949094244982
585.0   362.98283729225307
586.0   364.00715930347246
587.0   360.57058207918686
588.0   361.8894109043466
589.0   372.09197830924654
590.0   372.92094830693804
591.0   363.94415536294787
592.0   362.50981970286534
593.0   360.7011201538027
594.0   349.7817239096835
595.0   344.60073995034685
596.0   336.79579221987393
597.0   339.12381625252635
598.0   333.26609119287593
599.0   320.8291744761975
600.0   313.85243943229113
601.0   309.2540795641067
602.0   301.0280742208919
603.0   305.46896143572667
604.0   299.0676125079962
605.0   295.08176237148973
606.0   300.09035478397516
607.0   298.4529502483788
608.0   301.4629228713827
609.0   279.81203988967275
610.0   291.414137033172
611.0   289.64529996986306
612.0   297.81823868184455
613.0   291.98017314694084
614.0   281.1238722380502
615.0   284.2695053099984
616.0   288.2492772267648
617.0   306.0366801800628
618.0   295.90034439793294
619.0   307.93509916640573
620.0   305.8123357286254
621.0   312.572466266231
622.0   317.4005500882641
623.0   320.3103621890964
624.0   323.73511129196856
625.0   335.06417737321067
626.0   347.5502945033745
627.0   359.1025093741623
628.0   359.9750651768714
629.0   373.82864597503357
630.0   377.1765134776206
631.0   381.3966891077713
632.0   387.22791615410046
633.0   397.5221752012126
634.0   408.11350994321634
635.0   407.6082002029063
636.0   416.3013915655507
637.0   426.7830335258376
638.0   420.16140340145853
639.0   436.7734776018486
640.0   429.5215328419256
641.0   429.94210303343823
642.0   430.91670423459595
643.0   436.15600741276535
644.0   428.887382196424
645.0   432.6668865153364
646.0   437.3685338133045
647.0   428.54955499468593
648.0   422.4686754554366
649.0   412.1243422940375
650.0   408.9431689284473
651.0   406.0866849645745
652.0   404.0690923869996
653.0   403.4324160130243
654.0   391.74631338022317
655.0   394.2712130905095
656.0   393.7735848424935
657.0   387.4865666436044
658.0   384.3917349057442
659.0   383.8690327637112
660.0   385.9354406294034
661.0   387.1884688525647
662.0   388.6831305467717
663.0   383.214048522044
664.0   389.49564290549273
665.0   401.9087533293113
666.0   395.3888716919367
667.0   392.3615519974745
668.0   392.7035769864944
669.0   401.3500889917568
670.0   416.30414612794425
671.0   418.98572083256056
672.0   430.9423342987102
673.0   420.60974404391624
674.0   421.4012247411605
675.0   441.23397048634945
676.0   442.52684514492853
677.0   453.04783572809316
678.0   459.15381082410113
679.0   467.5675593816593
680.0   489.7881365941047
681.0   489.76313630676873
682.0   499.31475475552327
683.0   507.0461542413353
684.0   520.702728672788
685.0   540.1138743394198
686.0   547.8144424782071
687.0   553.2321721365322
688.0   568.1161056463363
689.0   572.4651141727223
690.0   590.5876547501877
691.0   594.6558363139252
692.0   614.9739542988927
693.0   630.0591807617037
694.0   626.3395940842195
695.0   639.4682055181868
696.0   640.5737246422823
697.0   629.5468605598447
698.0   654.9690879438435
699.0   656.1197062694796
700.0   654.4989975956071
701.0   646.5166954757085
702.0   657.7281860478552
703.0   649.2007277572092
704.0   655.5174455892985
705.0   651.3964153075383
706.0   648.4376900318877
707.0   639.9595384422955
708.0   643.8557047377807
709.0   638.572696588583
710.0   633.3975289029894
711.0   617.9363136960861
712.0   607.4686006942004
713.0   606.1166789983072
714.0   604.8737174274838
715.0   591.2790236480806
716.0   585.4930372966445
717.0   594.0497765854677
718.0   572.6868183966338
719.0   581.340739579693
720.0   564.0521448944396
721.0   559.7862016014207
722.0   565.6970501355466
723.0   559.9034723700405
724.0   570.8079769270914
725.0   546.4044652949775
726.0   545.78233637938
727.0   539.0925447693415
728.0   535.5738958694502
729.0   548.664175967047
730.0   520.7410564346302
731.0   526.417608531902
732.0   543.8467978021956
733.0   544.444938901373
734.0   542.1565002690198
735.0   534.7585650401661
736.0   515.4346694538226
737.0   517.6957018824814
738.0   527.9493059493152
739.0   517.3055241536209
740.0   541.7067340552189
741.0   532.8870799142572
742.0   543.0011941586388
743.0   532.6259087815616
744.0   540.5402749335009
745.0   532.2414726363576
746.0   540.9880853359521
747.0   556.9774930380462
748.0   555.4603226168327
749.0   562.8801707294649
750.0   566.0745558639192
751.0   564.9624333588907
752.0   569.5416829049116
753.0   580.2258580593209
754.0   591.2204270100997
755.0   589.0157201069635
756.0   606.6325508982867
757.0   608.6818436857816
758.0   622.8666636970223
759.0   619.1045237862209
760.0   627.3474015011996
761.0   629.0156215609768
762.0   644.1533364546959
763.0   650.9507937283032
764.0   654.3085876348666
765.0   656.325242298661
766.0   672.5617473173351
767.0   662.369649159778
768.0   686.4203289443826
769.0   669.0061546655419
770.0   666.0015365719607
771.0   667.6402883938006
772.0   673.7485178353072
773.0   650.7490858266759
774.0   650.425078141385
775.0   640.0401546709923
776.0   639.3444942521986
777.0   635.6742869921088
778.0   625.6997343475552
779.0   619.0246267933596
780.0   607.3809353469228
781.0   598.9213182893977
782.0   571.4716709578465
783.0   574.9242730503175
784.0   558.8022189881619
785.0   549.3266553987968
786.0   537.5918570482726
787.0   529.6512970975082
788.0   512.1470971656979
789.0   505.59727999678154
790.0   489.4235334227835
791.0   475.43702428565933
792.0   458.89706043479646
793.0   457.46012402709334
794.0   439.43468122918796
795.0   428.13588259526995
796.0   418.21115362657565
797.0   419.16172794247257
798.0   395.8315426821008
799.0   379.37753008036816
800.0   369.5585869886786
