500.0   268.1299065530942
501.0   270.5334455164591
502.0   272.90564359845223
503.0   260.5944079406901
504.0   264.7888177646842
505.0   255.77583417220214
506.0   250.317514551807
507.0   242.5090188181767
508.0   230.01605092810124
509.0   221.89483672320353
510.0   216.42764793723492
511.0   212.42206118208443
512.0   208.17868805835752
513.0   204.272492392102
514.0   189.31490895241444
515.0   190.29773995628875
516.0   200.75188929842327
517.0   196.78449952175225
518.0   195.84092078535227
519.0   201.49779776952957
520.0   186.9555726939672
521.0   189.88986753439556
522.0   200.90249043558975
523.0   192.57055449766477
524.0   197.21693368519422
525.0   206.25840350904411
526.0   206.05524074039772
527.0   215.98544990087987
528.0   224.32815689203719
529.0   229.49856397266996
530.0   239.69612807629048
531.0   247.09805317501335
532.0   257.0799912822338
533.0   260.3292359587977
534.0   272.60669559841847
535.0   275.74728384698085
536.0   288.7120110293097
537.0   299.17587688762205
538.0   309.9804681862024
539.0   317.1498914918952
540.0   318.39770362960036
541.0   314.62975461694873
542.0   312.48192882693746
543.0   322.7255996194542
544.0   312.12127850091593
545.0   303.31493195090434
546.0   297.7805327950858
547.0   290.04737859310984
548.0   281.51936918847343
549.0   272.7107376575834
550.0   260.45044409176205
551.0   254.69979304977534
552.0   263.7705031858196
553.0   248.77357525530653
554.0   240.11052250163794
555.0   233.07832662151225
556.0   232.55222932347235
557.0   228.8567309225339
558.0   229.14358547584814
559.0   218.40526678042525
560.0   220.34394562869008
561.0   214.90785190942836
562.0   206.61986618726218
563.0   208.99973210537823
564.0   221.56262676000247
565.0   219.88809555524546
566.0   230.9151676535929
567.0   231.8886047786712
568.0   227.49200295184406
569.0   245.36622665341798
570.0   243.9066187055955
571.0   251.58317308695848
572.0   246.21512289490957
573.0   252.67328139964255
574.0   266.7013210641977
575.0   276.5778762678751
576.0   276.9091796085973
577.0   294.1063916615637
578.0   295.783008600276
579.0   305.6663963342547
580.0   314.48206280386523
581.0   326.8167764154018
582.0   332.4646581788795
583.0   340.1888568236699
584.0   345.5161845144305
585.0   356.581580967116
586.0   366.7842752692884
587.0   356.1557571554336
588.0   357.6715179379629
589.0   369.29472441235987
590.0   364.6830881977003
591.0   361.0366218677848
592.0   355.7532164937767
593.0   356.8569116290741
594.0   347.23373970754517
595.0   340.4336852387955
596.0   331.25857057245906
597.0   331.0737964881514
598.0   323.9699747791175
599.0   320.4206871169567
600.0   309.9000457368779
601.0   304.0427707330565
602.0   293.42651186204336
603.0   303.6811940200349
604.0   292.4452205495775
605.0   285.3560619085463
606.0   293.53708648333264
607.0   293.50197899642933
608.0   296.1785793790152
609.0   277.952089121521
610.0   281.4455716376549
611.0   282.1691681210483
612.0   289.38120546566046
613.0   284.8847619320109
614.0   275.027841919389
615.0   282.43979869724296
616.0   284.75146321292993
617.0   304.96775634467355
618.0   289.6479251832653
619.0   301.9632869056793
620.0   304.00545758698263
621.0   306.6225902254739
622.0   309.14889930006785
623.0   318.64172928312325
624.0   317.1255099206549
625.0   327.2069231769956
626.0   342.81620048927084
627.0   351.58297743255184
628.0   352.14520028308954
629.0   365.60824573092276
630.0   366.7949881793288
631.0   376.851411428614
632.0   382.69883422745005
633.0   394.4523082402194
634.0   396.33763870209845
635.0   395.7234198811215
636.0   411.37411116715316
637.0   422.62295872958
638.0   416.2766522923291
639.0   428.3196464639173
640.0   424.16713941400417
641.0   422.44740960043646
642.0   424.5981351171713
643.0   426.75317574967505
644.0   422.29630333683076
645.0   425.65498488125445
646.0   429.10039874577393
647.0   417.5735729238856
648.0   416.3427837562315
649.0   407.5399980072829
650.0   406.7702953958736
651.0   401.0846597223076
652.0   397.0535497395607
653.0   396.2752435285747
654.0   385.71646599350896
655.0   386.4638878408191
656.0   384.74315885425847
657.0   386.3548489736462
658.0   375.90018660042995
659.0   381.3914566798321
660.0   378.6265768673618
661.0   379.70652700312735
662.0   383.137591412315
663.0   378.8924262453073
664.0   381.2898717976631
665.0   397.69892292069636
666.0   389.3307132971948
667.0   386.3465810991918
668.0   389.2785447817078
669.0   399.6769706330849
670.0   410.8384814225233
671.0   413.88590191178923
672.0   426.3089656266925
673.0   414.14770981249575
674.0   420.79393254540764
675.0   434.2871811999437
676.0   437.6830908961265
677.0   445.7124910903878
678.0   451.9610132117375
679.0   464.69807730237846
680.0   476.1778816434993
681.0   487.09216357735227
682.0   493.9887091145325
683.0   504.79712090701406
684.0   517.8080891436225
685.0   531.6783870368624
686.0   540.7178662472378
687.0   541.2952298295648
688.0   555.3448309808538
689.0   564.0553783176803
690.0   580.6199559083713
691.0   586.5806750479487
692.0   607.4406185145713
693.0   616.3839787417105
694.0   616.0033256447374
695.0   629.5557528239618
696.0   633.398156501076
697.0   619.2553778791763
698.0   643.2035922499318
699.0   647.3854773732564
700.0   645.7785713520655
701.0   641.4050030964024
702.0   650.5405421938822
703.0   639.1064805763823
704.0   647.0783867217776
705.0   647.9828545892464
706.0   639.0778826635398
707.0   638.3351674901069
708.0   634.9656441494614
709.0   629.597699579254
710.0   626.0602967127729
711.0   611.0200928419689
712.0   604.2605452035823
713.0   595.6955971605767
714.0   592.553554231245
715.0   580.8602628626006
716.0   576.2642718619694
717.0   586.92267246349
718.0   565.5094064183069
719.0   569.898818886251
720.0   558.7471697874087
721.0   548.6433003334117
722.0   558.6409033885985
723.0   551.9326445576881
724.0   560.5434615562542
725.0   542.4465119710386
726.0   535.7851278534163
727.0   537.0022797617867
728.0   533.6091592083071
729.0   540.7039692830933
730.0   512.7057681993706
731.0   519.3046692048201
732.0   535.0882535380963
733.0   536.3333275707222
734.0   530.7929800856436
735.0   527.223832822579
736.0   509.5797732979597
737.0   507.4265905326165
738.0   521.8402874472719
739.0   508.884082301239
740.0   536.8924522496375
741.0   518.6976872887939
742.0   533.1827474149043
743.0   525.7529127086527
744.0   530.4808988366533
745.0   530.622012987418
746.0   532.4155486757866
747.0   549.8002436491992
748.0   552.6204926032989
749.0   557.3017361942027
750.0   560.0236027881394
751.0   558.5681558125168
752.0   565.2371579092035
753.0   567.4554818390825
754.0   579.745955068189
755.0   580.7351056617313
756.0   596.6014649873058
757.0   601.6544368377602
758.0   622.362008564599
759.0   609.6217920211609
760.0   620.3889559792058
761.0   628.5380547707547
762.0   637.0364689273341
763.0   646.1825092045632
764.0   650.7632862319838
765.0   652.222259781621
766.0   663.2494730255136
767.0   660.4146031590917
768.0   684.0442794059004
769.0   658.300740631233
770.0   667.4686324972863
771.0   671.6868011236525
772.0   670.5528190554272
773.0   642.3590264154005
774.0   649.8219498992358
775.0   634.8201101811675
776.0   635.8225375952073
777.0   635.7614505230473
778.0   625.4908275674716
779.0   611.5088382498046
780.0   603.4534306966576
781.0   590.6739923594996
782.0   571.3116234424582
783.0   569.7597921977683
784.0   556.9424434799744
785.0   545.9005619375923
786.0   538.517303019647
787.0   525.6867546438173
788.0   507.5608185707267
789.0   502.1599960972681
790.0   490.78022757293036
791.0   466.33145744205245
792.0   456.5875517648607
793.0   454.33657373429503
794.0   432.7397366132493
795.0   426.2782574312752
796.0   418.9718099462507
797.0   411.6540949316334
798.0   391.0315645773162
799.0   377.7532875846207
800.0   367.62524112971437
