500.0   260.63390617250786
501.0   261.42176857991296
502.0   263.39150022007755
503.0   251.02746883112525
504.0   257.91930437043396
505.0   244.08006721782087
506.0   246.2490605875032
507.0   235.99215118503068
508.0   224.92172794339947
509.0   214.3621996005213
510.0   209.31564797290403
511.0   206.07547039575516
512.0   200.67113228262872
513.0   200.6274807445915
514.0   183.2807720698621
515.0   187.88722213515513
516.0   191.9925609389342
517.0   187.36500266672874
518.0   187.6606014594548
519.0   194.826166697944
520.0   177.98520853737745
521.0   182.99234233407483
522.0   193.373778412234
523.0   186.90041269055433
524.0   189.17068925082705
525.0   200.85642388028083
526.0   198.2548089342066
527.0   210.80279881066747
528.0   217.2678480495929
529.0   224.51404134429526
530.0   229.3215572056305
531.0   241.1747500182175
532.0   243.81607526318936
533.0   247.79899241534127
534.0   265.876146666984
535.0   265.6628011187462
536.0   277.2100619326858
537.0   286.4933728971264
538.0   298.4505569078254
539.0   311.2953073906317
540.0   310.9179585251871
541.0   305.4094658543705
542.0   306.029553080829
543.0   308.6733201793447
544.0   305.09374419959886
545.0   296.5241797163759
546.0   291.88420004829334
547.0   283.86545554351073
548.0   275.37749290694387
549.0   257.7959369717097
550.0   251.88120159407512
551.0   247.03685659136704
552.0   256.5523176182408
553.0   239.54153815667144
554.0   235.48625257676264
555.0   226.36300008543765
556.0   223.48894569814794
557.0   219.8993846479706
558.0   218.9576252682197
559.0   210.939276830287
560.0   206.48338139215454
561.0   210.14519293533982
562.0   200.802169582697
563.0   205.49339270942906
564.0   215.67992255879543
565.0   213.68177089501802
566.0   226.11024702791076
567.0   220.1338614365937
568.0   219.19243363810048
569.0   234.22673170156793
570.0   235.4030429472467
571.0   242.63251895602656
572.0   236.36511734513445
573.0   245.01336189950834
574.0   256.7492477118616
575.0   264.76462007251143
576.0   270.85025690792
577.0   282.7658796321681
578.0   285.1942152315151
579.0   301.76186713069774
580.0   302.8184896701927
581.0   315.10176934098314
582.0   319.9568934254804
583.0   326.99675962078607
584.0   333.524043000363
585.0   344.7141050762243
586.0   348.7037703958674
587.0   342.0906345567275
588.0   346.98060887791576
589.0   354.47916544687075
590.0   355.553851800276
591.0   346.7648560902162
592.0   343.6581630570902
593.0   344.71523554942354
594.0   337.97152150777026
595.0   329.24924719224583
596.0   320.7211656409178
597.0   314.1216133916654
598.0   313.7616159814956
599.0   307.64786769537073
600.0   296.8385690297647
601.0   296.3405907388341
602.0   283.9590188026093
603.0   292.44109820463973
604.0   285.45439139126285
605.0   278.10849449454474
606.0   282.062709442563
607.0   283.16249839110503
608.0   287.96906895444374
609.0   265.0323857136109
610.0   272.7913540791823
611.0   273.4156685833469
612.0   281.4554293643242
613.0   274.8294568317355
614.0   266.6913456782181
615.0   272.9248058208326
616.0   275.70964831191975
617.0   288.7687439601627
618.0   282.57897655508157
619.0   292.4220117613194
620.0   288.68397740723947
621.0   294.98995630531135
622.0   304.0850486633504
623.0   305.24113425201176
624.0   303.4354208717009
625.0   310.3211136092672
626.0   329.9063729891973
627.0   337.95871375290494
628.0   346.5573888136101
629.0   355.66616157245716
630.0   352.9269554997759
631.0   363.9388066520348
632.0   373.5825439870195
633.0   383.8887534671238
634.0   383.5324347107915
635.0   390.6458023604352
636.0   397.9020529693777
637.0   409.41459838147864
638.0   399.84942030550815
639.0   415.3189738307686
640.0   409.925231665752
641.0   409.5929702667087
642.0   415.38395147334586
643.0   417.2185016134242
644.0   406.68527854784463
645.0   413.52801601748274
646.0   420.2116016388272
647.0   406.0799216276968
648.0   405.4034951570046
649.0   393.1406448273638
650.0   390.17084217944904
651.0   391.2595605677309
652.0   386.73238332805386
653.0   385.32575936349497
654.0   376.7144366670605
655.0   372.2208171534089
656.0   375.4098607661376
657.0   372.4783714169213
658.0   360.7069845041733
659.0   368.3913978392577
660.0   370.90982309394803
661.0   368.84040400752815
662.0   369.20404620609764
663.0   365.8250014670939
664.0   370.8894266670424
665.0   385.21456728910454
666.0   374.7896362464525
667.0   378.23729270138983
668.0   374.95778369811063
669.0   382.43626206483884
670.0   397.60000329191166
671.0   402.99213352869447
672.0   412.6397407852139
673.0   400.9543710118215
674.0   407.8065364624357
675.0   426.46381418303713
676.0   422.7956855320409
677.0   432.19947832507484
678.0   435.5242921059163
679.0   445.469732766438
680.0   461.24206344277434
681.0   469.5304101795373
682.0   476.7167581241482
683.0   482.7493988090318
684.0   501.01572537122235
685.0   515.5319583929518
686.0   522.7414081200825
687.0   527.6038072042878
688.0   543.0678624249948
689.0   547.5404694420014
690.0   565.6077163676088
691.0   571.4008703522495
692.0   582.9845304170526
693.0   597.6086419089336
694.0   593.9327078475957
695.0   605.7067269373176
696.0   611.8468390718695
697.0   600.4300943725167
698.0   626.2892415393784
699.0   631.2058512836945
700.0   620.4899842253459
701.0   620.1271554396901
702.0   630.6380602769485
703.0   618.3445229557188
704.0   625.7872727054591
705.0   630.4867504191417
706.0   621.1845478236542
707.0   614.3601696425759
708.0   612.4762328865056
709.0   609.3683814568575
710.0   601.5615540341017
711.0   591.8556605336178
712.0   581.6824245561379
713.0   572.9435705094263
714.0   576.159678614591
715.0   570.5854717950594
716.0   558.5466927449929
717.0   569.0932322118329
718.0   546.9468506394961
719.0   552.8570802792291
720.0   539.7184731186819
721.0   537.2648615558697
722.0   539.8112591634618
723.0   533.1493979415023
724.0   545.5624042234377
725.0   518.7367310984317
726.0   518.8561102576857
727.0   514.1885508449107
728.0   519.4123317153234
729.0   528.1812185880494
730.0   500.08797780749376
731.0   505.8604885675969
732.0   516.22754814832
733.0   518.2879819818344
734.0   515.6637906680155
735.0   513.8043988072227
736.0   491.04122596157094
737.0   494.0200774632772
738.0   506.08354211168546
739.0   487.5887965631056
740.0   520.2627873875622
741.0   505.5684037243867
742.0   515.9072484711471
743.0   507.28073718006954
744.0   515.4409670241827
745.0   509.05172673103755
746.0   513.2263254357656
747.0   525.0374249987543
748.0   530.9391141081628
749.0   536.9377671787079
750.0   535.9422137190882
751.0   541.2931975456576
752.0   547.4673466471711
753.0   546.4269396302539
754.0   564.6426309098761
755.0   562.4038166254581
756.0   577.6623811673602
757.0   577.7187591264994
758.0   597.9480395134983
759.0   594.2296995878828
760.0   602.719870316113
761.0   606.0135483278985
762.0   616.7320853764148
763.0   628.4302293666645
764.0   630.4570335507757
765.0   631.6624343670773
766.0   648.9457879924076
767.0   643.744690759678
768.0   661.3966763693127
769.0   642.1926502654463
770.0   648.3273592637529
771.0   648.7970895493298
772.0   649.6955284568593
773.0   628.1505746247115
774.0   633.5446015302653
775.0   619.0001317099823
776.0   619.7050143107326
777.0   620.6801917012281
778.0   611.02978845231
779.0   599.1313312096182
780.0   585.7133592715893
781.0   574.7376341115843
782.0   555.2767807725543
783.0   558.0748952932589
784.0   544.5568759875503
785.0   526.6918897377196
786.0   522.7749169954035
787.0   513.0770389021999
788.0   495.1331530083843
789.0   491.28782050664137
790.0   472.95929539520114
791.0   454.6184387304059
792.0   451.30244338401076
793.0   439.0176025404363
794.0   421.8555696073696
795.0   414.6797594577069
796.0   408.4944399697697
797.0   404.5602338268644
798.0   380.82386497176697
799.0   369.3474216852709
800.0   356.34960998535905
