500.0   269.4889177621037
501.0   272.2987249427704
502.0   273.84366987132444
503.0   258.80979513242295
504.0   264.38292096798097
505.0   252.14991304572752
506.0   249.16888467537746
507.0   241.81157677855774
508.0   229.60590866809926
509.0   225.16759159107437
510.0   217.7196643557077
511.0   212.9689288234861
512.0   209.1026345690894
513.0   204.67019167595637
514.0   186.1101865330411
515.0   194.35428385482663
516.0   201.49982257863402
517.0   195.33422448942883
518.0   196.53127832662508
519.0   201.670588520586
520.0   186.03243926331902
521.0   188.92078729915468
522.0   200.38445589214945
523.0   194.7274285393109
524.0   195.95819189780124
525.0   207.94203283082055
526.0   206.38775561714453
527.0   217.48423260646194
528.0   218.2237252958677
529.0   231.5759189477119
530.0   237.97562912782914
531.0   249.9527326490622
532.0   255.71255810994467
533.0   260.73119919341497
534.0   271.47303840347547
535.0   278.153852132736
536.0   290.91602115170656
537.0   298.34482837431943
538.0   307.691659889542
539.0   318.62710093120916
540.0   322.31586511973757
541.0   315.15671183118855
542.0   313.8886142109582
543.0   319.90047851487384
544.0   310.0117257226072
545.0   306.83261513181833
546.0   295.4182217322494
547.0   285.0806999411147
548.0   278.33205127267996
549.0   273.4499059282901
550.0   263.465803013214
551.0   252.57250481251873
552.0   261.0815525735798
553.0   246.7898387170369
554.0   241.1077856978411
555.0   236.68727404528147
556.0   232.71529387239892
557.0   230.8925173694535
558.0   228.87516911278826
559.0   217.38220164587293
560.0   217.43151217183728
561.0   216.76685071438493
562.0   204.5254675785004
563.0   209.71311251378305
564.0   223.383713265463
565.0   221.30821527044026
566.0   227.93029836479548
567.0   229.48493118718818
568.0   224.59144682857996
569.0   242.3146664328059
570.0   245.77949862720092
571.0   246.70425158596294
572.0   243.5838169059679
573.0   253.3146047506032
574.0   262.9996383968928
575.0   272.9143847158514
576.0   278.9220850841211
577.0   291.13712467605257
578.0   291.86934221412764
579.0   308.06212954806733
580.0   313.39148637955697
581.0   324.7734977839247
582.0   329.51729695962797
583.0   339.13839054018115
584.0   342.0491740063512
585.0   355.7088811771623
586.0   357.4112231413619
587.0   353.82254930602556
588.0   352.62384061374416
589.0   363.32595686787465
590.0   362.79236573983394
591.0   356.6472862372842
592.0   353.05932501979703
593.0   354.01075967516084
594.0   344.8949059475834
595.0   336.0378378951686
596.0   329.9721377083578
597.0   330.0748266785563
598.0   320.64953774315507
599.0   318.6274263051199
600.0   309.1337052836726
601.0   304.53006545189504
602.0   291.3044679220803
603.0   302.07941384998435
604.0   292.4848660355455
605.0   285.0388242113181
606.0   289.00122892837015
607.0   291.12310910039923
608.0   293.1410375597659
609.0   277.34667601422984
610.0   281.49211708682157
611.0   282.4903177618099
612.0   289.585038109647
613.0   280.73954272425766
614.0   275.16281743805814
615.0   280.1685622676397
616.0   282.0705626306452
617.0   296.53956895920453
618.0   286.9101705255477
619.0   297.46450578971456
620.0   302.8432602783697
621.0   306.4250041955247
622.0   310.25810393435256
623.0   314.56804158080524
624.0   314.0914309621394
625.0   322.50200126363063
626.0   340.9331261547569
627.0   346.9459809207116
628.0   351.0822166192043
629.0   366.529670274643
630.0   363.57228513560847
631.0   376.4896183549688
632.0   384.1563059946496
633.0   395.54703798686876
634.0   395.4134140607285
635.0   398.20328806879144
636.0   410.7360373518901
637.0   424.09729897870784
638.0   415.59349167379446
639.0   427.6265770763867
640.0   427.39661612546035
641.0   423.40460000571113
642.0   428.156635352007
643.0   430.071292854993
644.0   426.09049676178824
645.0   424.3058459836426
646.0   426.0373895774846
647.0   421.222419608404
648.0   415.869620149874
649.0   408.89736194556457
650.0   401.7764977474338
651.0   399.95710879852277
652.0   399.7463957540691
653.0   397.17265001062276
654.0   385.78900400551487
655.0   386.36422616662776
656.0   386.48697596375814
657.0   381.56065823924905
658.0   372.40826029017626
659.0   378.56902737875544
660.0   377.90514088262637
661.0   378.48948281349317
662.0   379.7008547159334
663.0   378.6424164260484
664.0   378.8951286243578
665.0   394.22645003651695
666.0   386.65266913774843
667.0   388.9578548680205
668.0   383.8756136868379
669.0   394.26382395646453
670.0   410.83124743382473
671.0   418.7452925265993
672.0   419.50955821099535
673.0   413.5147715764212
674.0   417.4570980125808
675.0   434.00524403367285
676.0   436.54618814458377
677.0   443.8011197556494
678.0   449.80414792366446
679.0   456.3188793866833
680.0   478.35978072040416
681.0   483.28545576979946
682.0   496.4861863058129
683.0   502.524865560932
684.0   511.9059730609459
685.0   531.8580589421113
686.0   534.0815729284444
687.0   539.6617341279202
688.0   550.0405768421999
689.0   562.3815070433834
690.0   581.3417255766486
691.0   589.5907035613402
692.0   606.0850078187077
693.0   616.7908869789757
694.0   612.664683934487
695.0   629.054988434662
696.0   627.9559997094175
697.0   618.471153461566
698.0   640.4267789931989
699.0   647.3087526877157
700.0   645.0683763509603
701.0   635.8475855470026
702.0   648.1453803687782
703.0   639.1038194159374
704.0   642.7626033379215
705.0   641.8522810851274
706.0   639.0759052108475
707.0   629.5374731621664
708.0   633.668907261869
709.0   625.9867976911733
710.0   621.2114022039582
711.0   606.7683539103407
712.0   600.1474718544564
713.0   595.7914206877097
714.0   592.2053514970413
715.0   582.6481257044583
716.0   574.7271108384044
717.0   580.6267196801098
718.0   562.7463754506211
719.0   570.0662716960418
720.0   558.3432023685441
721.0   548.208859731856
722.0   555.8105384141762
723.0   549.163873232339
724.0   560.0276976345331
725.0   538.7248657637631
726.0   535.7585947625507
727.0   527.4007164181448
728.0   531.2312655742113
729.0   540.3881239081416
730.0   512.6692828825034
731.0   517.6103938730374
732.0   531.9454893707981
733.0   529.3694897338206
734.0   529.9907189284652
735.0   524.0685668620376
736.0   510.4468425880003
737.0   507.64728809763596
738.0   522.8577183472908
739.0   500.01356199181316
740.0   533.7266489324866
741.0   518.054736531943
742.0   530.2868359961053
743.0   524.3425992067346
744.0   532.1231240530313
745.0   524.5263743775788
746.0   528.3179022033594
747.0   544.7651682999247
748.0   543.9122383248765
749.0   550.1119475350208
750.0   555.3918582020949
751.0   560.3889461888194
752.0   563.4035379995337
753.0   568.6444324404108
754.0   578.9622962669171
755.0   577.3072219734919
756.0   592.8020539537837
757.0   595.3483759763446
758.0   615.9534925636416
759.0   611.5208162365927
760.0   620.3294184684612
761.0   622.8613731502664
762.0   637.4394914728085
763.0   651.4216574418879
764.0   655.3194233928506
765.0   658.3149524217915
766.0   672.818666514527
767.0   662.5871888258321
768.0   688.8645919856103
769.0   665.4698728492564
770.0   673.1460139080812
771.0   672.387639908827
772.0   674.8848880876603
773.0   651.0763458578168
774.0   655.6540329439282
775.0   635.8794443228863
776.0   639.2619364494112
777.0   640.8269080821896
778.0   629.9793002409651
779.0   622.1053622066414
780.0   607.8330034114656
781.0   596.2819894612063
782.0   578.3005876118598
783.0   575.5963257346289
784.0   566.3097004863707
785.0   552.1223808230428
786.0   545.092075256891
787.0   532.2272675559487
788.0   515.054098213155
789.0   503.0774395125266
790.0   489.6816679095439
791.0   471.50942137033275
792.0   467.9126994329167
793.0   455.47663046411867
794.0   438.2397255234483
795.0   429.3857061415558
796.0   420.9080951856881
797.0   415.20492858306727
798.0   393.98780136188395
799.0   382.96227804525074
800.0   370.9913245191053
