500.0   270.36714958653033
501.0   273.4240024171072
502.0   273.6589252957408
503.0   261.98959964228925
504.0   263.64293795048985
505.0   252.983954825216
506.0   253.19743267600887
507.0   244.13891890289514
508.0   230.04467493397178
509.0   222.64020969258996
510.0   216.02069373773375
511.0   214.3746528853098
512.0   208.16503558139618
513.0   204.35291257260306
514.0   191.02920767249896
515.0   194.76227433824033
516.0   198.87869816196095
517.0   197.98220789095672
518.0   194.77783951706337
519.0   203.32774310916264
520.0   184.50471252509465
521.0   190.5558675316628
522.0   200.92761307528212
523.0   193.22280331390755
524.0   195.2719448140618
525.0   207.93700652996927
526.0   209.93332297251305
527.0   220.89646806571528
528.0   223.3015174918837
529.0   231.45836328153484
530.0   239.76396903665048
531.0   248.47792918800022
532.0   254.37058858215016
533.0   261.21047483946654
534.0   275.57647481582615
535.0   276.67697661726436
536.0   286.22298541311727
537.0   298.2947973282464
538.0   306.81163142721743
539.0   318.24760022438045
540.0   325.0890186328936
541.0   317.76790642070705
542.0   317.65826486454387
543.0   320.6990356008853
544.0   313.165294761675
545.0   302.2066585751544
546.0   299.7840538954483
547.0   288.2119376417235
548.0   284.33586130586764
549.0   275.01087841499424
550.0   265.45388551537405
551.0   253.89912536775603
552.0   265.15400323561363
553.0   246.61884159919856
554.0   240.6518947583137
555.0   234.91675215019734
556.0   229.85172718543956
557.0   226.50293572095816
558.0   231.20625620537712
559.0   220.15558872548533
560.0   217.16019186378477
561.0   216.96466894016925
562.0   210.3169789076527
563.0   214.0368615523429
564.0   225.38557119711194
565.0   221.16921157920052
566.0   231.46863982054265
567.0   231.05162082713588
568.0   228.49399385224254
569.0   244.1232197405621
570.0   245.4355074070348
571.0   248.26596106995288
572.0   245.22765959670315
573.0   256.8614928478338
574.0   266.8373759045609
575.0   276.3884570057644
576.0   277.8233686893298
577.0   294.398851153249
578.0   299.2372876466498
579.0   310.3509460935297
580.0   310.80483130383203
581.0   330.4361192368172
582.0   328.05857520735026
583.0   342.1993742358352
584.0   348.2720061758639
585.0   355.8469786186107
586.0   362.2487146532319
587.0   357.4013134849975
588.0   360.58056739056076
589.0   368.42626074694635
590.0   364.01461383186916
591.0   359.38433930822293
592.0   358.99535079651787
593.0   358.42146629795224
594.0   348.8838673528554
595.0   337.2179524628975
596.0   328.36255707310335
597.0   331.1048331096106
598.0   327.81458032292755
599.0   317.62365487094837
600.0   310.36606223518004
601.0   308.4044632798251
602.0   292.3114654795191
603.0   304.52427666859194
604.0   292.0128581200966
605.0   287.0453973681406
606.0   292.11634161306216
607.0   292.7071397343924
608.0   297.7129444523929
609.0   275.5614165796377
610.0   282.5275258993906
611.0   283.56572630226015
612.0   290.65325641163986
613.0   284.1595283352322
614.0   275.14273487218236
615.0   284.0960050492338
616.0   285.658442921497
617.0   303.724413163215
618.0   289.8942784300038
619.0   302.49630262946073
620.0   301.85360113989213
621.0   305.9416468566683
622.0   313.581347247152
623.0   315.1421900627098
624.0   318.62109450786204
625.0   321.90335308739566
626.0   341.45391933321037
627.0   347.8009596732711
628.0   355.07634131328126
629.0   368.036984571594
630.0   366.48550230288515
631.0   375.2617863642388
632.0   385.68515753971377
633.0   394.4292495582688
634.0   398.9256736581505
635.0   400.3166947753203
636.0   414.3212819379769
637.0   427.5545679511722
638.0   416.66220930984866
639.0   433.14196546961324
640.0   428.94817548255116
641.0   426.39167035549826
642.0   427.74392533365653
643.0   433.55948910699567
644.0   429.36701058701385
645.0   426.17711673502936
646.0   434.8394252825777
647.0   419.7109640119897
648.0   414.01169933939593
649.0   407.6712962991514
650.0   407.1944831298027
651.0   403.6438660492131
652.0   401.24594059422157
653.0   400.2526863750785
654.0   387.075589713978
655.0   385.97876435086573
656.0   389.19702690602696
657.0   386.6232715456266
658.0   378.205234125428
659.0   385.1928502832701
660.0   380.0325149581362
661.0   380.18945820035094
662.0   384.93270401729404
663.0   379.15304279018653
664.0   384.7026879448387
665.0   397.99149303662085
666.0   388.07888597987136
667.0   387.84855748026894
668.0   388.7802551499971
669.0   400.29637659719947
670.0   409.3913643943225
671.0   421.3220132011884
672.0   426.30541117456426
673.0   415.3307240653083
674.0   420.03612439249775
675.0   436.83988687340445
676.0   444.64131768714776
677.0   447.63708232826747
678.0   454.59256926628086
679.0   462.25899813193655
680.0   480.5393287289893
681.0   494.80466849187064
682.0   497.95519926685597
683.0   506.56180599077
684.0   515.7134053863158
685.0   535.7508285180193
686.0   545.7672380915054
687.0   544.1198028038771
688.0   560.5520614987655
689.0   566.7603939293058
690.0   582.7222384491861
691.0   589.0672391515484
692.0   605.2639445460363
693.0   621.157757979979
694.0   617.662143400776
695.0   632.8616669877994
696.0   635.5213216741623
697.0   623.44154756614
698.0   651.2781298837261
699.0   650.5343192841933
700.0   647.127771644305
701.0   642.7041815007683
702.0   651.6376713466585
703.0   643.1202012414689
704.0   645.5596062520385
705.0   648.8095858483109
706.0   642.9846096439361
707.0   636.5525937153175
708.0   634.7542364511136
709.0   631.9090346987323
710.0   621.8500767772134
711.0   608.4134062975294
712.0   602.5960578278452
713.0   598.5125920594699
714.0   595.4164096822864
715.0   582.7457761844256
716.0   582.7828378160142
717.0   586.3644122378944
718.0   569.436090545438
719.0   574.8058635419872
720.0   559.5604903318817
721.0   554.3245569704404
722.0   558.9805954111104
723.0   551.6133607392942
724.0   565.5226328291718
725.0   538.8468998057209
726.0   538.7572711423927
727.0   536.6103696786106
728.0   536.878629612977
729.0   543.4708001547847
730.0   514.383908623227
731.0   525.0242076976635
732.0   533.583810477725
733.0   529.6120949154799
734.0   532.677999356618
735.0   527.9241402911459
736.0   507.35373964132646
737.0   510.01989485650677
738.0   521.7610344335781
739.0   505.3619767226967
740.0   538.8179333935132
741.0   525.3264371365667
742.0   531.3868359076359
743.0   524.0306619456414
744.0   531.1330949766722
745.0   527.1753582964346
746.0   529.0453215803566
747.0   542.5335503719499
748.0   548.9095853201081
749.0   551.3345487015133
750.0   552.7350979233681
751.0   560.9743233600611
752.0   566.8828975610163
753.0   567.170310564776
754.0   581.7980844016201
755.0   581.1245015634594
756.0   601.7780826317316
757.0   607.501250751056
758.0   619.7296608475835
759.0   621.7101333039066
760.0   624.4030628573175
761.0   634.3880612600939
762.0   643.9887677272817
763.0   658.285377066555
764.0   664.2813998927339
765.0   664.1550328978216
766.0   681.7915879733557
767.0   674.6328230693771
768.0   699.6527376062213
769.0   675.0631783748156
770.0   677.3979421521078
771.0   684.0881900039999
772.0   686.8314384941347
773.0   655.5594761165
774.0   662.3328216552047
775.0   653.6742229485518
776.0   645.1126486550376
777.0   649.8012871599321
778.0   643.3885082736524
779.0   627.8182102857087
780.0   615.8974795977103
781.0   605.6202686437604
782.0   583.9046765616129
783.0   581.2368695747031
784.0   568.4027946055785
785.0   554.1935197500019
786.0   550.7463175623952
787.0   536.4139365005312
788.0   516.9379561677165
789.0   513.0063573290349
790.0   493.694776636656
791.0   470.71934487315326
792.0   470.1838448763648
793.0   462.3536248434955
794.0   443.10516467565515
795.0   433.2173965835114
796.0   427.59681484102214
797.0   423.6127190464141
798.0   398.0317682505589
799.0   389.3869212223502
800.0   376.62631456647284
