500.0   272.89045707188154
501.0   275.6129713814331
502.0   273.6584119134068
503.0   263.69950949155094
504.0   267.52973905772234
505.0   251.57439501086927
506.0   258.0271934092713
507.0   245.10932097223403
508.0   234.35210931718578
509.0   227.1295595608495
510.0   215.73300812484322
511.0   214.073000287577
512.0   210.99236520149162
513.0   212.3489605153849
514.0   190.5843212869146
515.0   191.5826257940002
516.0   200.86119519434877
517.0   198.3900474961086
518.0   198.92796926171198
519.0   205.34164991991523
520.0   186.81813468202262
521.0   191.5740341143892
522.0   202.88686715648464
523.0   195.93145364520063
524.0   196.41149479479586
525.0   209.6302994695501
526.0   206.55017009529604
527.0   218.871874458555
528.0   221.90486603188614
529.0   234.50521222404126
530.0   241.31621425262975
531.0   254.06961444181607
532.0   257.6813197846613
533.0   264.3176708850531
534.0   279.1642466055687
535.0   280.62529603341216
536.0   292.15127634655846
537.0   300.729687792186
538.0   310.552156484137
539.0   321.1199980994151
540.0   323.9373515710634
541.0   319.10592382118705
542.0   318.13708781680333
543.0   327.2679880574743
544.0   315.8855676534367
545.0   310.5579484636963
546.0   301.91028174987963
547.0   292.49650928357664
548.0   284.5243675096217
549.0   272.75242258281173
550.0   264.0830958848642
551.0   257.44684061486845
552.0   263.73007159503226
553.0   250.477057359524
554.0   245.86567259176093
555.0   239.14899609251103
556.0   233.29403015600943
557.0   228.30613411943264
558.0   231.6410604526719
559.0   217.8959961921344
560.0   221.5448482464685
561.0   221.72142744706008
562.0   211.81968949086377
563.0   213.6824677383468
564.0   226.83539649771515
565.0   218.9235098881934
566.0   235.85124225644688
567.0   233.51035967048756
568.0   229.8929419239465
569.0   246.46452156203202
570.0   247.0583344486972
571.0   249.7475966650593
572.0   249.9671482902908
573.0   257.05809721257697
574.0   268.8311012147128
575.0   278.87880952353004
576.0   281.6007163718025
577.0   295.18373334471625
578.0   298.4733066710624
579.0   313.4946590357621
580.0   317.79277242902356
581.0   330.102092877197
582.0   336.6363601372801
583.0   345.2646301238476
584.0   347.4097099307546
585.0   357.14493346675783
586.0   364.30466260292803
587.0   358.78026931133905
588.0   360.8042685730551
589.0   373.52966988264325
590.0   367.7224622245003
591.0   361.32445642241385
592.0   357.06377572735653
593.0   359.3173727102522
594.0   351.6713614832802
595.0   340.74661697604205
596.0   335.4061307646571
597.0   333.35500156770775
598.0   328.1765038091395
599.0   321.35546816373034
600.0   310.49406809092375
601.0   305.39424105651466
602.0   296.59276954935734
603.0   307.1937428429733
604.0   293.4708169888294
605.0   289.68254402870923
606.0   300.56589897505626
607.0   297.1402131524791
608.0   297.8891167656418
609.0   278.81856393214946
610.0   285.59860261936694
611.0   285.11058504689674
612.0   291.72451426412243
613.0   284.911301836968
614.0   275.3760528351419
615.0   284.06069005073914
616.0   286.63015069285166
617.0   305.2857406653994
618.0   293.75781175794816
619.0   304.097768545819
620.0   303.89776927237074
621.0   310.4299811019023
622.0   314.8453931716248
623.0   320.4400715476546
624.0   318.9942366921115
625.0   326.8339386190762
626.0   345.048510225663
627.0   356.7639051933319
628.0   359.76906511255874
629.0   373.9115529221904
630.0   371.4467943413621
631.0   381.6138161096427
632.0   390.30670745782305
633.0   400.42248522537557
634.0   401.29071767079944
635.0   405.85534254675287
636.0   417.65672335368856
637.0   424.09713458575493
638.0   418.08393471300633
639.0   436.93776656343897
640.0   433.61449344062703
641.0   429.91487414389803
642.0   434.5213786790737
643.0   437.9515371772683
644.0   430.6025394158097
645.0   431.8922801909745
646.0   436.0286680410981
647.0   424.61248855439663
648.0   425.5663720280303
649.0   413.8492581059981
650.0   409.812834509423
651.0   410.9431995451764
652.0   407.2119598233618
653.0   403.18880822382835
654.0   391.0121557475804
655.0   393.19172572971206
656.0   394.72054989708465
657.0   394.16746092418646
658.0   387.1733082388922
659.0   388.1196004793561
660.0   387.32665769132336
661.0   383.64261098412715
662.0   385.1558001735396
663.0   384.2948178107806
664.0   394.03334600681825
665.0   405.6510313444299
666.0   392.5002847806473
667.0   395.34551681332516
668.0   397.49195244775336
669.0   400.01095600901033
670.0   414.05024588556284
671.0   423.611564435035
672.0   430.73900241347735
673.0   423.420812277101
674.0   424.5386546606734
675.0   444.2782129984166
676.0   445.6414968328513
677.0   453.49488914818
678.0   457.6785114735808
679.0   470.7865089963392
680.0   485.902853455927
681.0   490.9435177671179
682.0   504.99845334194595
683.0   509.9422950139796
684.0   521.304695832868
685.0   540.3205814328371
686.0   547.6331237157805
687.0   557.3963684416541
688.0   562.0184853659857
689.0   574.1213601341096
690.0   591.9016151778552
691.0   600.5528232797119
692.0   615.6181903247113
693.0   627.0663711553475
694.0   624.0487665045882
695.0   639.8687147674001
696.0   638.4811316864817
697.0   632.9793470163872
698.0   658.1361810270622
699.0   658.5719548019522
700.0   651.6895902154469
701.0   649.3023348999527
702.0   659.3738972316938
703.0   647.803147051311
704.0   654.1997865538373
705.0   657.527166230722
706.0   650.0235105786456
707.0   646.2248729513753
708.0   642.8070198665365
709.0   638.071621785991
710.0   631.0609025612412
711.0   619.1942993916869
712.0   604.6309249468
713.0   606.040069869653
714.0   603.352356386999
715.0   590.2973393368947
716.0   581.955017576583
717.0   592.4308211249463
718.0   570.3438358539692
719.0   580.3333580235281
720.0   567.3981667207224
721.0   560.047811185349
722.0   565.4904074986679
723.0   558.7791288168617
724.0   568.5187710554989
725.0   545.714208103087
726.0   544.7967547001865
727.0   542.6025281704322
728.0   536.3343746994108
729.0   545.6515942630024
730.0   520.2812639829247
731.0   528.6457703333667
732.0   540.5582117650913
733.0   536.2082235698033
734.0   544.1317948847133
735.0   534.2382034541911
736.0   516.0968960761169
737.0   517.509780513164
738.0   524.8483490676952
739.0   512.3211186298503
740.0   542.40752707673
741.0   527.2722659786266
742.0   540.4483153051397
743.0   528.3444807430084
744.0   535.3169632099251
745.0   529.4567520449559
746.0   531.5499076208177
747.0   554.8398824648688
748.0   553.3659407096139
749.0   551.8113521437954
750.0   559.0820351375532
751.0   563.0266736316552
752.0   562.4840110143602
753.0   575.1756657007484
754.0   588.1749594449172
755.0   586.0410713573327
756.0   606.3705250291773
757.0   608.3715779810216
758.0   631.5216221764806
759.0   626.3183759884153
760.0   635.7422465690918
761.0   641.5962795775513
762.0   652.8363543072333
763.0   667.2443472427354
764.0   672.4022510426479
765.0   674.1539086884404
766.0   693.5881569537626
767.0   680.1401160386561
768.0   705.5930538828104
769.0   687.7517451288877
770.0   693.7075527514655
771.0   692.0172596304664
772.0   691.3415369616307
773.0   670.3060698583129
774.0   678.4200285135945
775.0   657.8450319008914
776.0   661.7292897403274
777.0   660.299533982279
778.0   654.4206746693765
779.0   643.7134605619452
780.0   630.544128824844
781.0   617.3907955351086
782.0   595.4568913155167
783.0   589.7094526057787
784.0   576.2971005729187
785.0   569.8759603733712
786.0   556.4268418992945
787.0   546.6144911820628
788.0   526.2020037018509
789.0   518.4599681860916
790.0   504.6341600261102
791.0   484.32255953167834
792.0   476.77329142861674
793.0   472.5026079320477
794.0   452.83617064242844
795.0   441.5354049452821
796.0   430.5325453283135
797.0   430.52412692360633
798.0   403.8013184683708
799.0   387.1824864561588
800.0   379.5726109960301
