500.0   193.71558812798835
501.0   201.7941175034268
502.0   199.710671717214
503.0   188.4017526738062
504.0   192.81130933562912
505.0   184.9371080347955
506.0   189.17320404313932
507.0   178.4732588588458
508.0   170.1170016966487
509.0   164.67846054221542
510.0   158.43315348118605
511.0   157.89789628973423
512.0   155.9800841944293
513.0   154.33698577379155
514.0   145.0321499498554
515.0   144.6588132697732
516.0   151.3900842407289
517.0   147.20392908010894
518.0   148.8582102813958
519.0   153.576825818019
520.0   138.932034389354
521.0   146.0143865037717
522.0   156.69781614364774
523.0   148.27312939739312
524.0   148.8171477674833
525.0   159.69784055421763
526.0   159.67430996408694
527.0   167.16955204257857
528.0   169.84751006831598
529.0   178.4702698325624
530.0   186.35510248086442
531.0   195.13380384398553
532.0   198.0850601014268
533.0   200.95392916549764
534.0   214.83172170716765
535.0   218.96009265618105
536.0   224.36975902677008
537.0   239.39970929674018
538.0   240.07036775520555
539.0   250.79210440679162
540.0   257.38397768261257
541.0   248.85932325707793
542.0   253.83648263375312
543.0   259.54359763457774
544.0   251.57193650677584
545.0   244.12977839861117
546.0   239.8602293249362
547.0   236.0597221983602
548.0   228.72635744845041
549.0   221.02569959271182
550.0   209.25408698090027
551.0   207.59431763658955
552.0   213.49797158327095
553.0   200.48965705858814
554.0   197.60926104941842
555.0   192.77449417382195
556.0   190.73443987491802
557.0   183.53875125781192
558.0   188.0203814592389
559.0   179.87807414196968
560.0   177.96899490613922
561.0   177.06340749074076
562.0   170.7407059460047
563.0   171.16932318153673
564.0   181.69627095514463
565.0   179.46426066505143
566.0   189.64227395650863
567.0   188.77378618805392
568.0   183.89396211218784
569.0   200.21633788229144
570.0   198.70098113624775
571.0   204.5047813156973
572.0   201.94247229422822
573.0   210.91919338167983
574.0   223.26721282865142
575.0   229.23947999785958
576.0   228.27198043920845
577.0   241.86238807094298
578.0   247.76065831388837
579.0   257.7117629659149
580.0   259.69656802757413
581.0   272.8444400227203
582.0   274.99845144582207
583.0   283.306171641055
584.0   285.4942691305744
585.0   296.8385005541611
586.0   303.0822474539549
587.0   298.1666675611401
588.0   300.7921715040443
589.0   308.0264267350942
590.0   308.1039039579176
591.0   304.3214688994784
592.0   302.8825650166797
593.0   305.28876297511295
594.0   293.35397557211525
595.0   289.9609918789344
596.0   280.9657747649949
597.0   280.2057626734535
598.0   275.8669106228069
599.0   273.3947673961797
600.0   261.5394399339003
601.0   262.18869474619197
602.0   252.25750114466052
603.0   257.27406176792056
604.0   252.20123923743836
605.0   248.55035938019589
606.0   249.620844290952
607.0   251.66964023404705
608.0   254.39902092285237
609.0   236.55729758791117
610.0   239.56931424355673
611.0   242.19920093788573
612.0   249.99522878358874
613.0   240.82987509478266
614.0   232.35955837372296
615.0   237.64678827949356
616.0   237.91167879739524
617.0   256.31397932086645
618.0   245.15276584254133
619.0   254.01600776946657
620.0   255.78136077005504
621.0   257.78718182546515
622.0   263.4043856845945
623.0   273.23515462986313
624.0   272.48327483877495
625.0   276.29718662890576
626.0   294.6959907178125
627.0   305.0538606199535
628.0   314.0370361065937
629.0   323.8811165777592
630.0   325.0445869755166
631.0   331.8300659794912
632.0   342.67563333880247
633.0   351.9668786588012
634.0   356.57637257198354
635.0   356.66369528315914
636.0   373.5458098308093
637.0   382.43128769834334
638.0   378.93735633196366
639.0   389.54883315681474
640.0   390.6997083390859
641.0   388.1155168157767
642.0   388.5909677084993
643.0   396.3713158701836
644.0   391.38376121430315
645.0   392.1045672900693
646.0   396.03066847994836
647.0   388.0746304685977
648.0   385.0243583509168
649.0   377.9089770570917
650.0   373.4816348130101
651.0   373.1415178821733
652.0   373.2760615718598
653.0   374.1188775954363
654.0   362.8550946114146
655.0   359.8286227081636
656.0   362.18441911529897
657.0   358.49023434012804
658.0   354.72253858588533
659.0   360.09512144275357
660.0   356.0189780384628
661.0   358.7271410897192
662.0   357.83984733667813
663.0   351.8207011507029
664.0   355.2444718270339
665.0   372.0822819981483
666.0   361.21285491211137
667.0   365.0404097301997
668.0   366.76500699985405
669.0   373.07459210712614
670.0   386.7149410397576
671.0   393.6968955960025
672.0   401.78850113115925
673.0   393.1867262722945
674.0   393.7908366847338
675.0   413.9119586077319
676.0   410.9611599515372
677.0   420.2913110243359
678.0   428.374875385393
679.0   438.03515966461873
680.0   450.4714678222116
681.0   461.7344345832779
682.0   472.8596274673862
683.0   477.7252890771925
684.0   489.0085766186697
685.0   501.35785243271766
686.0   507.61995955258453
687.0   519.3251763969769
688.0   527.0885237827079
689.0   537.0497023197155
690.0   556.8637990133509
691.0   562.986265568517
692.0   571.1296424870645
693.0   591.5722378066223
694.0   586.4732663789708
695.0   600.0661490708648
696.0   602.6497713132413
697.0   593.5475570661968
698.0   619.4427093306023
699.0   627.1261918262896
700.0   618.7455299232538
701.0   610.9955873935833
702.0   623.7046819581391
703.0   618.5151811482622
704.0   622.7617468601364
705.0   623.1523850893433
706.0   615.840848167624
707.0   616.5024696127927
708.0   611.7622529518932
709.0   608.7379117741472
710.0   598.0435922037743
711.0   591.3193420560184
712.0   584.398817024651
713.0   585.0678514246986
714.0   576.779476892292
715.0   560.611828408012
716.0   562.8796899380515
717.0   571.0490978056348
718.0   552.0563085756319
719.0   555.2488396102963
720.0   544.8007619740135
721.0   534.7637126902936
722.0   544.7213629583848
723.0   536.0847934506764
724.0   544.4878261074143
725.0   523.3642940293647
726.0   523.765766154009
727.0   519.8918571248702
728.0   513.9458238994141
729.0   524.238905189171
730.0   501.70462868887194
731.0   507.461427564283
732.0   521.109334638271
733.0   517.7237511309697
734.0   520.7171966766041
735.0   513.4702597962769
736.0   494.2609245319186
737.0   497.070658997554
738.0   506.9459555273586
739.0   490.066133949264
740.0   518.2742033088264
741.0   501.47415473971444
742.0   511.22818185327066
743.0   502.5183253346446
744.0   502.68920153717363
745.0   502.24648054523755
746.0   496.51019927372596
747.0   511.7071485575905
748.0   511.6301371142807
749.0   518.5157405187322
750.0   523.3954490338781
751.0   530.4195290435035
752.0   541.7133596330737
753.0   557.8975668765449
754.0   573.6282662332665
755.0   584.8581048446913
756.0   612.3364608551901
757.0   617.4386401804461
758.0   645.4700080962426
759.0   648.9082435391344
760.0   670.0372770190313
761.0   686.6272716322774
762.0   705.695772170749
763.0   722.2821748283261
764.0   734.5594629385622
765.0   744.7242305243143
766.0   766.7835858574709
767.0   760.7790363532504
768.0   795.0257584056424
769.0   769.7210782913189
770.0   779.2899205672791
771.0   789.9040437966728
772.0   793.0441766303868
773.0   765.2716213802642
774.0   777.9576316572259
775.0   761.9964240430148
776.0   763.7502679091067
777.0   759.6012101437891
778.0   759.5444431632022
779.0   744.3363636560299
780.0   736.0351342476629
781.0   722.1339805984925
782.0   701.822646731964
783.0   697.8724087504457
784.0   681.840767189746
785.0   673.8935045449962
786.0   662.2919352581375
787.0   651.6896828639191
788.0   626.8076028860266
789.0   624.8938947874406
790.0   603.0340714424452
791.0   589.2780311801707
792.0   582.3898929205204
793.0   572.0426141724469
794.0   547.9555189694603
795.0   542.4269844693417
796.0   530.8961739602059
797.0   536.475948553512
798.0   499.91111024225665
799.0   486.9637336822973
800.0   473.0061330786698
