500.0   260.1434959416539
501.0   259.8948595982906
502.0   264.2944547611945
503.0   248.6111671602921
504.0   252.56573615185664
505.0   241.00340383815453
506.0   244.88613270689
507.0   232.6783525085538
508.0   221.70269614855826
509.0   212.40991692040365
510.0   209.13933863238307
511.0   204.31463504097562
512.0   199.24201602241203
513.0   194.3207503898864
514.0   179.21231748621312
515.0   186.29098005158852
516.0   193.1623121948734
517.0   188.54875111169008
518.0   187.04015065548683
519.0   195.55779131475313
520.0   178.32287199934768
521.0   182.27265528773304
522.0   195.60868160554264
523.0   186.28139017519868
524.0   186.59709069416422
525.0   200.61997800058504
526.0   196.3192699392144
527.0   210.57957358468622
528.0   213.56206783077252
529.0   220.94221291082056
530.0   229.54482737111502
531.0   239.86541978043007
532.0   249.2803554459893
533.0   254.0381307802876
534.0   262.06206297139613
535.0   270.9308167998381
536.0   276.03744368663695
537.0   288.9338191576345
538.0   299.10714421567616
539.0   308.44223240048086
540.0   307.459113997836
541.0   304.9041713274289
542.0   303.87314538081927
543.0   312.0286191901198
544.0   300.8722122133931
545.0   291.68432732569306
546.0   286.69105895798623
547.0   280.5831705259542
548.0   269.85283651613673
549.0   265.26243517549665
550.0   254.4627195680093
551.0   246.6789106188407
552.0   252.29272529791638
553.0   239.96009145341492
554.0   234.17077823548294
555.0   227.04541483586013
556.0   224.415829099339
557.0   217.7880916097408
558.0   221.53453840956573
559.0   211.4808438350128
560.0   212.68469824983393
561.0   209.25894683707827
562.0   201.56458338767777
563.0   203.2193989376497
564.0   216.03483724988612
565.0   212.86782770853665
566.0   223.21597660234312
567.0   219.0251006054824
568.0   218.59119856758704
569.0   234.7522481907812
570.0   240.7462140500488
571.0   242.30942074590791
572.0   236.798628968298
573.0   243.80740641185488
574.0   255.29479012876615
575.0   268.38738614447084
576.0   269.23740296142137
577.0   279.3199987935271
578.0   287.65060501765805
579.0   298.67036612635866
580.0   308.23374657927
581.0   313.59184247061273
582.0   321.48434534834064
583.0   332.7163665878754
584.0   335.11142295918114
585.0   344.95026724198533
586.0   351.39649713506276
587.0   344.9836165829352
588.0   344.75940734808853
589.0   354.5575119449436
590.0   349.77971914537284
591.0   347.60699625119685
592.0   346.21437577334723
593.0   350.6815081466829
594.0   333.8978489521319
595.0   327.8055303407363
596.0   321.5326462303778
597.0   320.11154164982304
598.0   315.92858410175137
599.0   306.83099370629975
600.0   300.0685238285189
601.0   294.44293788962324
602.0   281.507429215633
603.0   293.3496224639298
604.0   285.3278152012894
605.0   279.171238824885
606.0   284.04517743556715
607.0   283.5334684113721
608.0   286.2717547841405
609.0   269.7976616651282
610.0   275.410498264007
611.0   269.73864434249896
612.0   283.6476174036419
613.0   271.350997686642
614.0   266.55870441428607
615.0   270.3277019146569
616.0   275.5965371586793
617.0   293.03406273082044
618.0   278.15984725448686
619.0   291.8298379451957
620.0   293.48314932768517
621.0   295.6419405009441
622.0   301.5596086159476
623.0   307.8525724837201
624.0   305.10854609230165
625.0   311.5100624737119
626.0   329.5674540715163
627.0   340.4319154952825
628.0   343.3361833076513
629.0   355.9006677338753
630.0   356.4315568715857
631.0   365.6701578246748
632.0   372.03470300333726
633.0   382.2933590103788
634.0   386.9526407887242
635.0   388.1485972786091
636.0   401.2795559442719
637.0   412.8059750349681
638.0   406.58915710798624
639.0   419.86302561808367
640.0   416.2008671669146
641.0   413.1757006407148
642.0   418.13714285490767
643.0   422.04093190002413
644.0   417.0399635749483
645.0   416.2919178387266
646.0   419.2613296679237
647.0   409.54293750055893
648.0   406.94211250615786
649.0   401.4419898711106
650.0   397.4115626938363
651.0   396.4748870347322
652.0   392.75032111612336
653.0   387.74933627974315
654.0   378.0905225350252
655.0   380.8050266914462
656.0   378.3452843741725
657.0   375.023430351975
658.0   369.3005857646599
659.0   372.835339119801
660.0   373.0583428287704
661.0   370.10309580490286
662.0   369.74701991171463
663.0   372.40187636787516
664.0   378.0427476882381
665.0   391.0411686891129
666.0   381.58793474279145
667.0   383.8552384299229
668.0   381.3071082099288
669.0   384.6122893476828
670.0   399.9731934647974
671.0   407.2171833989478
672.0   416.7842613867292
673.0   405.163999017447
674.0   408.63850324757425
675.0   428.18291827704934
676.0   426.72951402953674
677.0   437.661360921401
678.0   440.99269749783366
679.0   452.69304870490066
680.0   465.46667683080943
681.0   479.6234716209357
682.0   484.5410996753807
683.0   493.6639251410233
684.0   500.3062922907124
685.0   525.1186996402464
686.0   526.9201194659953
687.0   537.5290443536915
688.0   543.7716301434978
689.0   552.5848931435527
690.0   572.7045906795626
691.0   576.3919293941678
692.0   591.016607117467
693.0   603.3821879117455
694.0   602.6497973979928
695.0   618.7369844782111
696.0   617.2144039310075
697.0   607.9709755549394
698.0   633.6671119043575
699.0   633.6756662468404
700.0   632.6145962135137
701.0   628.7197666808943
702.0   636.4974177747214
703.0   623.9907595627677
704.0   632.5685864274697
705.0   636.7167780224648
706.0   628.6763050423482
707.0   622.1308322708924
708.0   621.1145490229962
709.0   617.7795901235031
710.0   611.2357190176303
711.0   596.8407406872602
712.0   590.9674112871626
713.0   579.029773734766
714.0   582.5352348717835
715.0   565.9027254839474
716.0   564.2616242875541
717.0   573.5045249915311
718.0   556.224620940454
719.0   556.9443995976777
720.0   540.523420246851
721.0   543.4776420500563
722.0   547.1426885176378
723.0   538.6129164545499
724.0   550.8898568383082
725.0   530.9071183022934
726.0   529.6880033754937
727.0   528.3956542290267
728.0   521.6439183063936
729.0   526.595460218105
730.0   504.2926452033273
731.0   511.5572850005809
732.0   524.6821073166877
733.0   519.827036561845
734.0   522.4369786926626
735.0   514.6253824155997
736.0   500.01077391446756
737.0   501.19535998667277
738.0   505.24522790294395
739.0   492.4568585671609
740.0   521.8779351141436
741.0   512.0564411216599
742.0   519.5021009882428
743.0   512.2853388385379
744.0   518.650583463104
745.0   514.1087878853491
746.0   515.6753826158208
747.0   530.5518867183451
748.0   533.4478835481725
749.0   537.4258479655016
750.0   534.126058291507
751.0   541.1890791659105
752.0   547.0602477157488
753.0   553.1187186964819
754.0   569.224324051846
755.0   570.6378457223041
756.0   584.8795157926141
757.0   590.3278627989678
758.0   606.3582691042761
759.0   603.6984326554591
760.0   619.8482698265557
761.0   619.9639159663539
762.0   638.5128198390995
763.0   650.9724547815366
764.0   653.6055566114545
765.0   659.2239178815746
766.0   674.8398514657252
767.0   663.1576584178283
768.0   689.7217503492348
769.0   668.9885583342675
770.0   677.451842940095
771.0   676.3843886770771
772.0   673.8644863319671
773.0   651.8722079042476
774.0   662.0382813867392
775.0   649.7185604708143
776.0   645.3974328731074
777.0   644.2296806282408
778.0   634.6697319429845
779.0   622.7611423883467
780.0   612.8085488791227
781.0   597.5006524809222
782.0   584.633539212301
783.0   577.9914501934504
784.0   568.2725212025805
785.0   554.508691386484
786.0   548.4296286733695
787.0   532.0156279467786
788.0   516.3700417967018
789.0   510.0243433472377
790.0   491.760202924175
791.0   473.5247218739731
792.0   466.47509287696664
793.0   457.90346606174
794.0   439.11143099724916
795.0   432.89356879719816
796.0   421.7846874822326
797.0   419.2494816313771
798.0   394.7812435018126
799.0   381.8948924041347
800.0   369.3915778485274
