500.0   273.29758834577
501.0   276.3012070833007
502.0   275.97788476680205
503.0   261.6568578137191
504.0   269.3476206481377
505.0   256.7121411665952
506.0   257.4346139577266
507.0   245.78482421333857
508.0   230.80025447951348
509.0   222.98277955981246
510.0   217.7262417793817
511.0   214.9733432274398
512.0   209.2897719726917
513.0   209.53839179948508
514.0   191.40822440248633
515.0   197.62373580732992
516.0   203.47047686932646
517.0   197.36244861961745
518.0   197.30333506071614
519.0   205.7660063110218
520.0   189.50472207147118
521.0   193.6788869884882
522.0   200.33149950070452
523.0   195.69550104149926
524.0   196.54842749804558
525.0   211.62455727686455
526.0   208.8708247987675
527.0   221.02596160565258
528.0   223.60867447603388
529.0   236.29156131136438
530.0   244.4686976781068
531.0   252.8700540110722
532.0   260.323095360015
533.0   265.4081924176297
534.0   277.263581402392
535.0   286.15042180067906
536.0   294.15341589835646
537.0   304.47191483476274
538.0   312.2970644660794
539.0   320.8511116993431
540.0   323.92229161250657
541.0   320.7215970200739
542.0   320.36733070526276
543.0   324.3394824618324
544.0   316.2246341762296
545.0   307.8343612632586
546.0   302.7213255295473
547.0   290.9175227252165
548.0   282.3838124380751
549.0   279.0333839352021
550.0   264.8388764175063
551.0   260.12819041886235
552.0   265.98963372799886
553.0   248.63605840685835
554.0   245.9559860032507
555.0   238.1009440869089
556.0   236.3462447609974
557.0   233.21500626571267
558.0   232.54815235108228
559.0   219.5468228323438
560.0   223.36895323649904
561.0   223.19135268641588
562.0   212.09329503061235
563.0   215.50611052187148
564.0   226.38988198106225
565.0   221.31102704636857
566.0   236.96507238044012
567.0   235.35298280691023
568.0   230.69154046786153
569.0   246.623363915207
570.0   251.1087917350865
571.0   255.42189906015852
572.0   248.41609519844368
573.0   260.6872774663883
574.0   269.3872506730247
575.0   282.79902538073765
576.0   282.78890488237613
577.0   302.6154572484955
578.0   302.9074325065789
579.0   315.2412729923401
580.0   319.6518320220551
581.0   335.95182944050833
582.0   337.0734190365612
583.0   348.24099881291374
584.0   352.34437733166146
585.0   359.2729873080692
586.0   369.9009929928293
587.0   361.01288877991425
588.0   362.520291421823
589.0   366.42068768118884
590.0   368.2164140556562
591.0   363.6548353821602
592.0   360.17245653877205
593.0   362.3312329096415
594.0   350.758794526002
595.0   344.07845739244925
596.0   336.17279221819246
597.0   336.03970601390665
598.0   329.9527385098553
599.0   323.439451373272
600.0   312.4463730217941
601.0   308.50402750195457
602.0   298.9492667505982
603.0   309.36590812808356
604.0   300.15514214344097
605.0   286.85824932939397
606.0   299.3541406086544
607.0   295.9897369086616
608.0   296.27477813838937
609.0   276.347785796519
610.0   288.79223855716805
611.0   288.886074799266
612.0   296.3015066009591
613.0   288.4369753111002
614.0   280.6532272088287
615.0   287.96446819556047
616.0   291.46914982779094
617.0   303.7406046736576
618.0   292.40882212902295
619.0   306.06267841668483
620.0   304.17281458584944
621.0   309.8523030182563
622.0   315.7217658333701
623.0   321.6818121222037
624.0   320.64501716156644
625.0   333.95922189648763
626.0   349.0412781308363
627.0   353.53846582576307
628.0   357.12778432877434
629.0   377.298430141389
630.0   374.8758407005679
631.0   383.7557151712231
632.0   391.89312240134865
633.0   399.4548483250676
634.0   406.92347993956713
635.0   409.6669366261404
636.0   422.7127799556158
637.0   434.2048805634066
638.0   422.5061940585864
639.0   441.6500204798422
640.0   436.6902431500887
641.0   437.47311502270213
642.0   437.08281000755323
643.0   439.59861815479815
644.0   434.5918622950386
645.0   437.7773179830964
646.0   440.64221433705853
647.0   432.56765283691
648.0   427.2893873886296
649.0   418.2251774209082
650.0   415.5593949939486
651.0   412.75635510789243
652.0   409.56338977045186
653.0   405.4067462650627
654.0   396.4488873378328
655.0   397.16390696591225
656.0   397.8428231946241
657.0   392.909929201556
658.0   387.78727683698105
659.0   391.3421963620649
660.0   390.8491614924509
661.0   388.6001612936194
662.0   391.0062533248868
663.0   390.16279537625394
664.0   393.613449083115
665.0   410.23865927470825
666.0   399.16625514580636
667.0   401.5908645516065
668.0   396.40670913943626
669.0   405.76810997926145
670.0   420.77017822890787
671.0   427.3474628838844
672.0   432.28327154444423
673.0   425.37656147466026
674.0   427.5474582581294
675.0   449.0275448783999
676.0   443.4186169667079
677.0   454.12807691349946
678.0   466.8037268669905
679.0   475.19018108583793
680.0   488.63587355957316
681.0   497.75215865666075
682.0   502.45519289738127
683.0   516.6640643839146
684.0   527.002341772197
685.0   545.0141309923779
686.0   554.5179783028395
687.0   559.8571496823677
688.0   567.6550000334261
689.0   578.8936922008342
690.0   597.3528372190596
691.0   602.0600763713705
692.0   616.920884284674
693.0   638.8841903568656
694.0   628.895058856815
695.0   649.3453041744476
696.0   642.6303238956698
697.0   633.9363348142939
698.0   666.2487943349173
699.0   666.4052830472033
700.0   662.985967746206
701.0   648.6237781003908
702.0   668.903443987617
703.0   656.797106997697
704.0   659.7916452234883
705.0   659.525921429525
706.0   656.1348258133592
707.0   649.0230718796274
708.0   647.8207049572528
709.0   640.9938066191883
710.0   634.2323441240113
711.0   628.4306008900968
712.0   609.6867197442048
713.0   604.2052788599215
714.0   605.5603864258036
715.0   595.1490902172189
716.0   590.5505621758159
717.0   596.4456217072704
718.0   574.3170618358283
719.0   586.896158639401
720.0   572.1416627104238
721.0   566.2716699714518
722.0   565.5012578043239
723.0   563.9330074261409
724.0   572.0795952424704
725.0   550.012571179267
726.0   548.3186612815387
727.0   549.3182716586183
728.0   543.1721522311287
729.0   551.8060594584731
730.0   520.1400962652172
731.0   533.7611868574008
732.0   550.7327558120394
733.0   543.6010327373818
734.0   541.4394683225264
735.0   540.041926179249
736.0   520.7372078357691
737.0   524.2717468968677
738.0   534.7160820448343
739.0   520.04868495628
740.0   551.5835017093295
741.0   530.2310752653509
742.0   543.4722181228931
743.0   533.7155540235004
744.0   540.109408188071
745.0   539.6144570789578
746.0   537.789991722465
747.0   550.1692142598048
748.0   552.4567895249977
749.0   556.7490996959086
750.0   561.9278051786462
751.0   568.6454786105364
752.0   570.326646965628
753.0   579.2995174109444
754.0   595.5672551282782
755.0   594.5264544861889
756.0   611.4985539010577
757.0   615.7849312129649
758.0   633.4132375259669
759.0   633.0901222640662
760.0   642.222352208682
761.0   648.8856128115896
762.0   668.2050419783028
763.0   682.0369244100442
764.0   688.3997365549134
765.0   688.4589309844671
766.0   708.4663966757546
767.0   695.802629955263
768.0   725.399921928067
769.0   705.5932164799079
770.0   714.3370832625039
771.0   713.4013303219915
772.0   707.696476184886
773.0   686.0959883026145
774.0   692.8103808421992
775.0   672.4503505168851
776.0   677.8092648172542
777.0   673.7723791441506
778.0   665.9234584392937
779.0   651.088848892249
780.0   642.3059903352998
781.0   629.6728503922975
782.0   606.3424450077773
783.0   604.4184666989521
784.0   593.7615679054538
785.0   580.0809128676523
786.0   574.4542513738829
787.0   555.3088547431275
788.0   539.8183304079611
789.0   531.5293153061909
790.0   517.2772245836203
791.0   492.2335196413306
792.0   489.50257088150533
793.0   481.07357092036193
794.0   463.3080300404192
795.0   451.2914461939286
796.0   443.60499543620983
797.0   439.882341417314
798.0   415.40345726178236
799.0   401.9320021716662
800.0   389.9042908822196
