500.0   275.74493853788306
501.0   280.3322087700916
502.0   276.58520188460545
503.0   269.5909738446583
504.0   270.89388034826635
505.0   259.7488446791465
506.0   260.79934368873626
507.0   249.33997516977203
508.0   237.54522869205667
509.0   228.58411789132987
510.0   218.9188545952538
511.0   215.31574180390444
512.0   210.95977888202816
513.0   211.0294392613632
514.0   193.81573944994568
515.0   198.45628020489522
516.0   202.35412294912393
517.0   203.1505772683065
518.0   200.79334022060803
519.0   206.5551585560609
520.0   188.6040460814532
521.0   194.15963445179088
522.0   204.64825368872704
523.0   199.0162104354642
524.0   198.2018077868111
525.0   213.09867707649965
526.0   212.13813847977195
527.0   222.87893884492075
528.0   225.3182664334963
529.0   235.38853712993625
530.0   247.49237023185546
531.0   258.3846424341865
532.0   262.4925201333412
533.0   269.07973111814175
534.0   282.28386007868005
535.0   284.81747551174703
536.0   299.0629211547225
537.0   307.8604473251143
538.0   317.75263803258593
539.0   328.64203836181343
540.0   327.72233542515505
541.0   326.9764060055736
542.0   325.6384277338575
543.0   329.08703597310955
544.0   320.68030410825696
545.0   318.20484912185987
546.0   307.70885009643763
547.0   299.2687408265376
548.0   291.0747873653376
549.0   282.0226230279392
550.0   268.97852974657405
551.0   263.12753942372177
552.0   271.32492693731996
553.0   253.25565075854468
554.0   250.90994441823
555.0   245.26069717251437
556.0   237.73162663965408
557.0   232.5110259787276
558.0   236.33014642773267
559.0   221.6173827207273
560.0   225.62164844364716
561.0   225.5809297947959
562.0   214.51954414461187
563.0   220.13861878567812
564.0   228.01197986922435
565.0   226.60440706152735
566.0   236.3681415120942
567.0   235.6817409310171
568.0   232.8925204363235
569.0   251.77363444383434
570.0   252.42950896948182
571.0   255.33349429194556
572.0   254.19760508715873
573.0   261.38022112931776
574.0   276.9342918325983
575.0   285.5205279379909
576.0   283.414991526764
577.0   300.5933121876421
578.0   302.5273088915085
579.0   318.4646128743375
580.0   319.30290884505996
581.0   336.20184098001454
582.0   343.46906672111413
583.0   348.89357955322896
584.0   355.01830539782964
585.0   362.9603645627619
586.0   368.3571076753699
587.0   364.53050250373946
588.0   368.99817228133577
589.0   377.166247211832
590.0   373.9998328360713
591.0   366.5766693489444
592.0   366.5765617919185
593.0   368.51524155459043
594.0   353.9650487735653
595.0   348.10038060098503
596.0   341.83062086782735
597.0   337.81592877537
598.0   331.29055651006445
599.0   324.08265842691185
600.0   318.72735451576693
601.0   311.30426172660015
602.0   299.98802406522043
603.0   314.30642816936574
604.0   300.6753296209529
605.0   295.6878044507889
606.0   304.0841672912921
607.0   298.72727725721177
608.0   304.2313233750343
609.0   286.33268236011816
610.0   293.05417862953675
611.0   289.5065469590407
612.0   298.29786785012107
613.0   292.9394454936636
614.0   282.02527271546717
615.0   287.6455110473935
616.0   289.7963725980302
617.0   307.9106622774979
618.0   295.62410735806804
619.0   303.1284466854117
620.0   309.04633981778716
621.0   315.19818510816197
622.0   319.38512699237026
623.0   320.4952971011344
624.0   325.7602761930252
625.0   338.32068447817005
626.0   349.42078369760566
627.0   357.3925982132288
628.0   367.6240133670246
629.0   381.4027371993174
630.0   381.6248152170323
631.0   390.84039396720686
632.0   398.9665255810772
633.0   406.0736675119374
634.0   411.3263080376974
635.0   412.93311605331604
636.0   427.2074485531574
637.0   441.16024482734156
638.0   433.73794518001637
639.0   448.427933801916
640.0   446.3338305585985
641.0   441.00443779634236
642.0   442.45609258771117
643.0   445.7302067031766
644.0   441.4502066646452
645.0   442.54002233927986
646.0   446.86346549012177
647.0   437.56494009994077
648.0   434.78276603492145
649.0   424.99026419154933
650.0   423.9551336167986
651.0   417.26598976786727
652.0   416.3886527834119
653.0   414.65169578479856
654.0   405.340932502836
655.0   400.9111702319915
656.0   403.86421437517197
657.0   399.60836967939997
658.0   392.44349585797545
659.0   396.3321190727544
660.0   396.4930026591668
661.0   396.8346710039099
662.0   396.2838704118728
663.0   393.00686477454826
664.0   398.9807472167773
665.0   413.64773160509395
666.0   402.6210199186582
667.0   400.48284678568496
668.0   403.67389971071265
669.0   409.24770293159986
670.0   424.4134437586465
671.0   432.9363134862216
672.0   440.28878455984443
673.0   430.8249634290633
674.0   434.26100192462695
675.0   451.7255911554694
676.0   455.6595969213869
677.0   466.3502145782307
678.0   469.7937448584631
679.0   480.2380716027078
680.0   495.7396349227298
681.0   502.07757948112464
682.0   516.7644275368842
683.0   526.7897252470189
684.0   535.8095420058803
685.0   556.1331015762667
686.0   563.6720038408613
687.0   569.0188908394085
688.0   580.8860596642627
689.0   591.0014509271051
690.0   606.0219367069311
691.0   615.4303745032864
692.0   629.1858304799828
693.0   645.7506858432907
694.0   637.8873592439094
695.0   654.8006358306282
696.0   654.6647850931105
697.0   643.1300155529851
698.0   674.7474831181132
699.0   676.296986976972
700.0   670.4214850009682
701.0   663.1197424912423
702.0   671.4218434927279
703.0   664.9713143958903
704.0   670.2093679072715
705.0   676.1947226899175
706.0   668.0170923825053
707.0   657.1101839855651
708.0   661.1898302169143
709.0   650.0898688274627
710.0   642.2918022548864
711.0   632.9086937956299
712.0   622.4260305311343
713.0   621.3652796777412
714.0   616.982411871873
715.0   604.8153945403166
716.0   599.435063957576
717.0   609.159002211871
718.0   586.4515425336014
719.0   591.7947255971866
720.0   582.0891320948353
721.0   572.6896093647908
722.0   583.397533750085
723.0   573.0174818931783
724.0   583.3271604919903
725.0   557.6269192665596
726.0   562.1954331417446
727.0   554.2973732011883
728.0   552.9579228662044
729.0   562.1821139220815
730.0   531.4186618173391
731.0   543.1012974035756
732.0   553.521596892468
733.0   551.832695880891
734.0   555.1742300098017
735.0   548.145505861525
736.0   528.4454545576897
737.0   530.9144299631876
738.0   540.3854545232425
739.0   527.8713908235312
740.0   555.6836846641183
741.0   541.1397902701536
742.0   552.2819100719789
743.0   538.6443723686922
744.0   546.6445238231024
745.0   542.7168761140008
746.0   542.4941756454089
747.0   558.4492345312659
748.0   563.0810200637819
749.0   567.9994779877609
750.0   566.8130305884574
751.0   572.8997794271027
752.0   581.0894830499842
753.0   586.2230633423408
754.0   599.5017918579119
755.0   599.0195184559645
756.0   623.10809082153
757.0   627.7827437851511
758.0   647.21235366582
759.0   647.2032326572644
760.0   656.4897380543237
761.0   666.7972569281828
762.0   675.8411483613071
763.0   690.3678102255811
764.0   699.7787234631937
765.0   700.6889647848137
766.0   724.8753733362587
767.0   709.2074709829608
768.0   737.0810571329571
769.0   715.9695611400886
770.0   723.9053170456607
771.0   726.2862341825797
772.0   725.3250475886116
773.0   702.3389519156741
774.0   706.9694013379775
775.0   692.9545227246972
776.0   690.2254274429675
777.0   688.526775114143
778.0   682.1115738795318
779.0   667.3708518855062
780.0   652.1760233725904
781.0   642.6636391920862
782.0   620.6207282351726
783.0   623.3317351750347
784.0   604.7898897123314
785.0   591.5422541916282
786.0   580.4875389458844
787.0   571.1857444666881
788.0   550.6023158481689
789.0   543.5604355797984
790.0   525.8954065276923
791.0   509.7121172486117
792.0   499.1902770136131
793.0   492.7949049604117
794.0   473.4458818815564
795.0   461.04135563579126
796.0   454.14424109182096
797.0   452.5066754347158
798.0   427.02399903304286
799.0   406.28432609364484
800.0   396.8415671269689
