500.0   278.9527033008087
501.0   281.3334124768861
502.0   278.5798786432424
503.0   265.88216185467553
504.0   269.86655920976057
505.0   257.4727418425829
506.0   259.7077295112159
507.0   249.87220951762575
508.0   236.29820474207563
509.0   228.99476246483277
510.0   218.7029805562277
511.0   219.73903844729446
512.0   213.45643412796005
513.0   214.14695078415613
514.0   193.00412274664143
515.0   199.58946877743682
516.0   203.91159843001057
517.0   202.33449651038143
518.0   200.17808466739288
519.0   209.81375618459768
520.0   193.3564827355474
521.0   195.47705462770435
522.0   207.89457292630368
523.0   200.0869893808711
524.0   201.0233137372231
525.0   212.48121288411625
526.0   210.38510268877246
527.0   226.61658471522964
528.0   229.37496180428437
529.0   240.88747192687873
530.0   247.15280766889563
531.0   259.27446426413985
532.0   263.1018487328677
533.0   270.7588324631933
534.0   280.9319814416631
535.0   288.03248987411087
536.0   298.7576062705318
537.0   311.8360731142329
538.0   317.8527043518993
539.0   331.06682954684004
540.0   325.2514993702216
541.0   327.35495298650596
542.0   327.53514164166904
543.0   333.6617926751403
544.0   322.0081352198363
545.0   312.52582775673926
546.0   311.2276248191527
547.0   298.21575430945154
548.0   288.7000256824884
549.0   282.11839446932777
550.0   272.7615787017156
551.0   262.6755559645536
552.0   272.10534374851443
553.0   255.9125368018964
554.0   249.48739790995847
555.0   242.0369996541654
556.0   236.13083352958753
557.0   233.70314503310928
558.0   237.86820183339998
559.0   224.06305561429443
560.0   222.6530277430845
561.0   224.08739557244866
562.0   214.79193564872116
563.0   216.64094786264323
564.0   232.16952495290778
565.0   227.65164733790857
566.0   241.20754479026982
567.0   234.93640865635246
568.0   230.19312656688194
569.0   252.94393790557
570.0   254.81183864991576
571.0   257.13223361843615
572.0   254.54412552325383
573.0   264.77936950757464
574.0   277.09316777734955
575.0   286.6928202809221
576.0   288.32146388264704
577.0   302.78356848971623
578.0   306.16369166050185
579.0   315.46939622644436
580.0   322.6630352376176
581.0   336.3510273380031
582.0   341.28892787529276
583.0   352.5083153242347
584.0   358.6884656386708
585.0   367.15634480301185
586.0   371.5720658752141
587.0   363.81949360826655
588.0   369.78912345691685
589.0   378.81224889984685
590.0   376.10058395014914
591.0   371.6083484246184
592.0   367.37478941170764
593.0   368.7477158349038
594.0   360.4709952310359
595.0   352.54304425624827
596.0   343.7466567089056
597.0   341.6633675181954
598.0   338.19945878770216
599.0   326.79992735941045
600.0   318.711106157706
601.0   314.2416426294118
602.0   302.0776197806004
603.0   315.8235706936259
604.0   300.8485727689092
605.0   294.00088848502025
606.0   304.4108991371956
607.0   300.6822053976413
608.0   305.9002296664919
609.0   283.8826826286829
610.0   289.81604393445656
611.0   293.07371024987947
612.0   298.22833308112536
613.0   292.9096215000666
614.0   280.98934724036707
615.0   286.2461193962772
616.0   293.4028910923479
617.0   308.833037434369
618.0   296.31360851786206
619.0   309.6139671773395
620.0   309.26701484027046
621.0   316.5064894516212
622.0   319.30369514132633
623.0   325.947228046428
624.0   326.45888812878627
625.0   333.1313875820806
626.0   353.0403666495462
627.0   362.8216917714932
628.0   366.87334276225516
629.0   381.9398725003596
630.0   380.6638992299554
631.0   389.3577673431007
632.0   404.74388039999116
633.0   412.51450063749144
634.0   414.2440035330871
635.0   418.5203545534337
636.0   429.0468544622637
637.0   439.7234174732895
638.0   434.12252617699437
639.0   447.23922646420584
640.0   449.4576739063689
641.0   443.6051555785381
642.0   447.0833882342222
643.0   448.6434936595907
644.0   443.2883926012197
645.0   447.05558007130674
646.0   447.9889334290236
647.0   436.59067998469624
648.0   437.2929792358251
649.0   427.8670968513115
650.0   425.8585302394641
651.0   417.75052810099123
652.0   418.91548614165265
653.0   416.5321035549649
654.0   404.4285882385116
655.0   407.09275524394116
656.0   405.85817510805555
657.0   402.3203465363897
658.0   392.04488627608157
659.0   400.03756037199764
660.0   399.9082457446119
661.0   397.3688455306285
662.0   398.47460766378816
663.0   396.5616692400031
664.0   401.78242259753307
665.0   417.6241912130268
666.0   405.6679836270268
667.0   408.8851693443088
668.0   404.36847804102723
669.0   412.57433983027374
670.0   429.5108982401582
671.0   435.1506569708291
672.0   445.48563705167214
673.0   433.21249571508775
674.0   439.05612264707906
675.0   454.97346773728793
676.0   463.29226392474493
677.0   470.07500345631826
678.0   473.63065505584075
679.0   484.46374730861226
680.0   501.45255014330746
681.0   504.6409848492052
682.0   520.8702229762062
683.0   527.8296298798305
684.0   539.0061626464158
685.0   557.5072753092418
686.0   565.8111792223684
687.0   571.3408050476719
688.0   585.1880234339928
689.0   594.0221457075531
690.0   608.6782950186629
691.0   616.7549366914734
692.0   631.9711298314521
693.0   652.5346910484914
694.0   643.8691596952461
695.0   665.2112549581718
696.0   656.9181352154102
697.0   648.826072035246
698.0   675.802195496006
699.0   681.7206792112206
700.0   673.4351965984184
701.0   667.7314043496931
702.0   678.7897064388059
703.0   668.8189116696171
704.0   675.1599287536602
705.0   677.0153348726648
706.0   668.3049838782215
707.0   661.4995762503455
708.0   662.7544565382207
709.0   659.5615446678626
710.0   651.6054692809192
711.0   639.3353342892485
712.0   627.0674674871323
713.0   620.7201942529266
714.0   620.7003603829795
715.0   609.7072528706123
716.0   607.6682317800274
717.0   610.0419109756954
718.0   594.1631470547005
719.0   598.7698569016598
720.0   586.6075111708708
721.0   579.0424361407308
722.0   582.5267624757557
723.0   572.4929990157033
724.0   588.0215891874992
725.0   560.3002700253061
726.0   565.4915364855794
727.0   556.6074997085973
728.0   553.8929455196067
729.0   565.4323970549592
730.0   534.2406033283559
731.0   546.3811563370402
732.0   559.0462475470827
733.0   561.6518820250711
734.0   554.6750687502353
735.0   550.1014019332817
736.0   535.1759771544275
737.0   530.5916570322047
738.0   543.154877461951
739.0   523.8222577011599
740.0   557.6535576902315
741.0   542.4201727665886
742.0   554.847886690309
743.0   544.8453444460847
744.0   550.8326807067285
745.0   545.9012827401614
746.0   543.9225000567114
747.0   566.0807938496857
748.0   564.7944940813308
749.0   568.2870933078955
750.0   572.2777988018138
751.0   579.0246474192876
752.0   578.070644192416
753.0   589.9921480150149
754.0   602.8631142317836
755.0   605.5356560915399
756.0   626.6380360577175
757.0   629.6433588527759
758.0   650.4702728843195
759.0   644.710612303332
760.0   661.7744722652253
761.0   666.1495353676684
762.0   684.3037959011667
763.0   701.0312374884478
764.0   704.4855651239417
765.0   710.7388073281202
766.0   731.5299156992935
767.0   719.5765782241203
768.0   748.5123292662117
769.0   731.1871352145482
770.0   732.1658496571806
771.0   739.5380504765081
772.0   737.5143464143092
773.0   712.071877421108
774.0   722.7510002189815
775.0   704.2505173983292
776.0   705.0831681308637
777.0   696.3485181231239
778.0   692.0325582172322
779.0   679.0579673414817
780.0   668.8269822707254
781.0   651.4092575165295
782.0   634.984022641775
783.0   627.8907680982637
784.0   616.9134345473772
785.0   601.4197142487836
786.0   595.974044258825
787.0   575.0761905589952
788.0   560.7188273903668
789.0   552.7275313265211
790.0   534.0719200351675
791.0   515.5414332319071
792.0   505.5876303251058
793.0   493.77336749044355
794.0   479.2802712188063
795.0   466.9319087567346
796.0   458.28108498894744
797.0   454.71752819470987
798.0   428.11454358949993
799.0   412.21240497995757
800.0   402.6524505499251
