500.0   281.63201335959275
501.0   290.3531813767115
502.0   285.0378373171061
503.0   270.560372613214
504.0   278.5495030717499
505.0   264.7223892833342
506.0   269.35580747672964
507.0   254.5838858717241
508.0   244.1131641465283
509.0   234.58522314420986
510.0   226.0531208854729
511.0   223.5789503364181
512.0   217.629224044971
513.0   217.26364245658337
514.0   198.04112169759605
515.0   203.53416661070702
516.0   211.93002722867132
517.0   208.04494301646605
518.0   207.03530587689087
519.0   215.7586261563986
520.0   194.82314569617245
521.0   199.18822221090605
522.0   214.4772749928528
523.0   205.5302810602479
524.0   205.60954560745418
525.0   220.49935692334725
526.0   216.93296572109568
527.0   232.36851915920846
528.0   232.81525749329924
529.0   246.4609246866945
530.0   252.75420807176582
531.0   264.2564897968407
532.0   273.3357620338667
533.0   274.98568597880944
534.0   291.7695859131171
535.0   292.08558369094976
536.0   308.99878828584633
537.0   321.11664360420264
538.0   325.59447692531427
539.0   337.0606334018678
540.0   341.42165695628626
541.0   338.5146016301785
542.0   332.9748829158908
543.0   341.196199653784
544.0   330.574396886255
545.0   321.57670648883084
546.0   317.1448741986684
547.0   304.6608304583905
548.0   299.3818517635463
549.0   293.7575577185124
550.0   280.37806167678343
551.0   268.2855680552321
552.0   278.02802455006537
553.0   266.3971132520058
554.0   257.5689490740261
555.0   250.15874241822053
556.0   243.98280940365444
557.0   241.41019377416657
558.0   242.54263467369557
559.0   233.6223847292027
560.0   230.41755472724762
561.0   230.32962445531388
562.0   222.09184607034257
563.0   223.6441672054781
564.0   235.1989990471579
565.0   236.12523492197016
566.0   247.3946061864184
567.0   243.25585109100194
568.0   240.19521024864164
569.0   260.15329923875373
570.0   260.20952110373594
571.0   265.4724592865048
572.0   261.47875540554605
573.0   272.9679904502318
574.0   282.33928898060014
575.0   293.6103127656898
576.0   297.0000850389922
577.0   312.3746612265656
578.0   315.29751120987027
579.0   330.44100813814237
580.0   336.24892028650817
581.0   344.69409510964425
582.0   351.57516976127715
583.0   361.6827149593704
584.0   362.5987991741051
585.0   377.5266877241911
586.0   384.29849869535224
587.0   375.2793870958911
588.0   379.28484459908645
589.0   386.8194292571967
590.0   385.50484003210113
591.0   379.44088950148546
592.0   377.2674382909697
593.0   377.0648507677908
594.0   368.00448449684984
595.0   361.666211818534
596.0   352.9036291334656
597.0   348.89078040644335
598.0   345.38537892281124
599.0   339.0089036860789
600.0   324.25596742649145
601.0   321.7828767884593
602.0   312.8807390748465
603.0   325.68438208542136
604.0   312.596635889448
605.0   304.26309402960965
606.0   311.71470267464275
607.0   311.3226082157971
608.0   313.7173031274049
609.0   289.9064115253708
610.0   302.14541323093323
611.0   302.0533189232804
612.0   309.3598129787767
613.0   300.67189393158367
614.0   289.5350072628193
615.0   295.0140100020559
616.0   301.4100088999495
617.0   318.6875266715241
618.0   303.8074266004953
619.0   318.64553453071335
620.0   317.3812544533489
621.0   324.75390886218827
622.0   330.78283027272056
623.0   335.0869916128181
624.0   336.68013782400044
625.0   344.23383408310247
626.0   358.806083525114
627.0   373.1798084125676
628.0   379.5402891195876
629.0   394.9314133126034
630.0   393.6504068649268
631.0   401.2900219773908
632.0   412.6885380934477
633.0   418.32102461099737
634.0   431.01976506825184
635.0   428.0746847630592
636.0   444.0058379237024
637.0   455.1779123471589
638.0   446.14404898900034
639.0   462.7022002168938
640.0   458.1152404393723
641.0   455.121345007492
642.0   461.6140482239498
643.0   463.57250812837253
644.0   456.8119944248655
645.0   458.8971032839663
646.0   464.64235004265043
647.0   451.33834970396236
648.0   449.738746283591
649.0   441.69046989362374
650.0   436.60262115849997
651.0   433.4753395202197
652.0   432.81013746236795
653.0   427.51852049225124
654.0   419.80695188676003
655.0   417.97426623890726
656.0   418.2717442480648
657.0   415.32412345086516
658.0   406.5658526210849
659.0   413.00720630860303
660.0   412.18424627336196
661.0   412.112406166593
662.0   410.31465935899513
663.0   407.96370965061817
664.0   414.0968556351415
665.0   430.5103793272328
666.0   421.6199634646371
667.0   421.09691651589264
668.0   419.0374506912635
669.0   426.33614376737637
670.0   445.32558813782384
671.0   448.45623538760003
672.0   454.2563026841773
673.0   450.00324169877393
674.0   454.70090344760615
675.0   473.3440904857853
676.0   471.43510925710973
677.0   483.26229914367804
678.0   487.7480661457439
679.0   498.83618680195684
680.0   514.8254029829044
681.0   523.7213075937244
682.0   533.6405987694596
683.0   546.4290712922809
684.0   558.0082677607131
685.0   578.290171217845
686.0   587.3937441834604
687.0   588.485028938523
688.0   601.5006464810261
689.0   612.0330402165125
690.0   626.1749349850096
691.0   634.4963517098743
692.0   652.9077588020148
693.0   669.3061290042692
694.0   668.6360431770927
695.0   680.7390085721526
696.0   676.3612845197631
697.0   668.3832492748742
698.0   695.9286611109932
699.0   697.382111260428
700.0   698.5424604922607
701.0   689.7760051704811
702.0   698.7315723239253
703.0   688.6178777261176
704.0   692.8748200649992
705.0   696.4928192455556
706.0   696.5517322170169
707.0   684.1429588647072
708.0   683.0351998008307
709.0   679.9011459916546
710.0   672.1659557067582
711.0   659.4749364220088
712.0   646.0936650250464
713.0   642.6039194936213
714.0   636.3709646901964
715.0   634.3066426237873
716.0   623.7298598707897
717.0   627.7733668813569
718.0   611.5515408652601
719.0   611.989019078761
720.0   599.9329641295783
721.0   592.7626994237887
722.0   602.0423242239468
723.0   599.0214812544494
724.0   599.1885665334999
725.0   581.1779189295154
726.0   579.3974598394261
727.0   580.104284982069
728.0   570.3721124524169
729.0   584.4838139384449
730.0   553.1311940857596
731.0   562.1506146937971
732.0   576.7664700202245
733.0   573.7366584653327
734.0   572.6380151414718
735.0   562.3459862683826
736.0   544.8268932855447
737.0   550.608163129224
738.0   557.6810797780277
739.0   543.6641015738608
740.0   572.7522166961435
741.0   561.2034443488706
742.0   568.8810221980173
743.0   555.7658261096553
744.0   572.0854254734746
745.0   560.6004424702223
746.0   564.4968232174358
747.0   578.535161846486
748.0   581.4846005843904
749.0   581.1013878919255
750.0   581.3245489502251
751.0   589.8087353714941
752.0   596.5472465462155
753.0   606.3571288648216
754.0   623.2657687609026
755.0   624.3516874960029
756.0   645.0372752557956
757.0   644.159488640131
758.0   668.8628808953283
759.0   666.881475584057
760.0   681.7896884205104
761.0   690.5349979775516
762.0   709.8019108742908
763.0   720.224457169292
764.0   731.0731191604774
765.0   730.7825699512669
766.0   752.494975326835
767.0   740.9587234521598
768.0   774.9950889994675
769.0   755.5626650645255
770.0   758.3043281523524
771.0   768.6859534532081
772.0   766.2449747106388
773.0   735.2167291050556
774.0   740.3453236908844
775.0   726.3935342478475
776.0   729.7614836986498
777.0   724.8353427321563
778.0   711.9730876271192
779.0   703.06636890727
780.0   690.8305473059895
781.0   678.6559920254391
782.0   654.6154331855479
783.0   650.5864801570378
784.0   635.0288733687476
785.0   617.2557209006599
786.0   613.1554476415826
787.0   597.514765741314
788.0   581.9675066128237
789.0   571.489593419941
790.0   552.7911735269878
791.0   532.0354898077082
792.0   524.0612613524198
793.0   514.1276757043986
794.0   493.0906581970394
795.0   479.64075338105926
796.0   472.25565572281187
797.0   470.4590741410203
798.0   441.81966527951715
799.0   431.1612953131096
800.0   412.5713556008118
