500.0   287.6837758988147
501.0   291.61825401491467
502.0   289.30760673757175
503.0   274.31300187825093
504.0   282.22959220799396
505.0   270.32610138294706
506.0   271.22501326082676
507.0   258.56587487034335
508.0   246.6709206819004
509.0   236.03570115244264
510.0   231.5267335118589
511.0   225.30886673387332
512.0   222.76552098548808
513.0   222.04317273548568
514.0   202.4150577213108
515.0   205.95777346386768
516.0   215.3099152663564
517.0   209.47948302583023
518.0   207.54893418467597
519.0   216.39990191643213
520.0   199.51693284077112
521.0   204.76022443779587
522.0   214.52676006024717
523.0   211.37346228975446
524.0   210.03578276609832
525.0   220.7130775936651
526.0   222.62011723270967
527.0   230.49168266995224
528.0   236.87061976185564
529.0   250.80805411672333
530.0   257.42223954172755
531.0   270.4586363840026
532.0   275.4638136617498
533.0   279.117065896753
534.0   295.1199051361117
535.0   297.1372064793983
536.0   312.35236490947057
537.0   325.93943019619104
538.0   329.2918145584703
539.0   341.6849952125441
540.0   345.07328749639123
541.0   338.57395886602444
542.0   340.98708519969625
543.0   347.7737149779971
544.0   337.5447709308118
545.0   330.64160414161756
546.0   323.52428723286675
547.0   310.386394913296
548.0   304.0563563461164
549.0   294.11982650172587
550.0   282.44867041242446
551.0   275.2382513853053
552.0   284.16457369459664
553.0   263.847880082857
554.0   261.2677311373011
555.0   252.94596376495667
556.0   243.84268429820517
557.0   244.74541309899158
558.0   248.47176009848025
559.0   235.98240080454158
560.0   236.56730296763132
561.0   235.26433340437666
562.0   225.4812745430554
563.0   226.86835983818415
564.0   238.4220209210097
565.0   240.00531955685096
566.0   251.36345131474417
567.0   249.29276309386506
568.0   244.29302286349386
569.0   263.2372881300719
570.0   265.19287630632925
571.0   269.4402435142933
572.0   265.52588057029664
573.0   279.4540247365659
574.0   290.2297506639643
575.0   302.39441868126596
576.0   303.37116679061324
577.0   315.20675691833515
578.0   319.0758540212421
579.0   328.410580204564
580.0   337.9103215564041
581.0   354.669281835885
582.0   357.33637464667675
583.0   367.8578365232702
584.0   371.23590519515824
585.0   387.3248705766806
586.0   390.44907066268274
587.0   383.7145716319707
588.0   385.20865794666304
589.0   395.8873500376518
590.0   397.000982310125
591.0   386.4509212900107
592.0   385.0293545396527
593.0   384.25764147726005
594.0   373.2297775957502
595.0   362.6090742085185
596.0   355.4907289613804
597.0   352.51506828705453
598.0   348.6784078732345
599.0   343.3421877473898
600.0   332.94046508474
601.0   328.2531462965995
602.0   314.5390937589522
603.0   328.15420139120044
604.0   316.0299604006089
605.0   309.6549341674752
606.0   317.27235679514393
607.0   316.15852917630355
608.0   317.0493791691731
609.0   295.94700598226643
610.0   302.82091736957585
611.0   301.8915663408405
612.0   311.66108867960946
613.0   305.24744488471805
614.0   296.91461680009246
615.0   303.4150832031502
616.0   306.66336126364774
617.0   319.43798358838507
618.0   311.886833931559
619.0   322.7846703959032
620.0   323.8783619791808
621.0   327.1790863912569
622.0   332.64694209639885
623.0   337.8513762558422
624.0   341.60717303561694
625.0   349.7853136422991
626.0   366.5265520728143
627.0   377.71927050846546
628.0   380.6250607334503
629.0   396.9364361309244
630.0   401.6820937638703
631.0   410.8168610790841
632.0   419.71350796202483
633.0   427.7262480875344
634.0   433.2124846756697
635.0   437.98902220803853
636.0   449.886261101683
637.0   462.56893824075826
638.0   452.5570160644263
639.0   470.81312036983576
640.0   471.7200270765154
641.0   467.02766292771196
642.0   469.11521084813864
643.0   471.52867943671345
644.0   466.4380003286757
645.0   466.6431849301714
646.0   471.87200587469084
647.0   460.6263956612002
648.0   456.8752329770564
649.0   447.40024587702413
650.0   443.0477952031395
651.0   441.99932323201165
652.0   439.7287546294433
653.0   436.50909795941004
654.0   428.55861630119927
655.0   424.41883958937274
656.0   428.15169442563354
657.0   423.06532550693214
658.0   415.3237893143944
659.0   417.24330785429925
660.0   419.4212137500298
661.0   417.1400400702089
662.0   420.153330845816
663.0   416.5242051780476
664.0   420.8770022436186
665.0   435.50904221888965
666.0   427.27181552874544
667.0   425.6143918284355
668.0   426.9379255068173
669.0   432.58311610810586
670.0   449.1160400897577
671.0   458.97525185568304
672.0   462.79069536156703
673.0   454.5116661294218
674.0   461.02752911260336
675.0   478.71481319553993
676.0   480.29789504967573
677.0   491.67341288678625
678.0   495.8263913753626
679.0   511.31862324647466
680.0   527.1772825814367
681.0   535.1433930452204
682.0   542.2794897297239
683.0   549.9835477340705
684.0   561.701133132691
685.0   581.4526191251281
686.0   596.0091973924699
687.0   603.6745751411353
688.0   610.8232487775799
689.0   624.9931329008921
690.0   637.163605018122
691.0   642.9627945924854
692.0   661.0380825885907
693.0   684.0144101699046
694.0   677.3629282192202
695.0   695.4356089934042
696.0   691.2807972753402
697.0   679.2024387552293
698.0   712.2442447115028
699.0   716.4501184781964
700.0   705.8732766292358
701.0   703.5724510106909
702.0   713.4988735816067
703.0   704.502431467474
704.0   705.5849016376116
705.0   708.7767814284498
706.0   701.0623032367093
707.0   701.3024774309156
708.0   701.2835060289058
709.0   686.9337122696702
710.0   683.4578257191037
711.0   668.4894968734645
712.0   654.5442496641258
713.0   652.2359967864386
714.0   655.0558523466741
715.0   641.3099546625609
716.0   634.8660964807542
717.0   647.6437597700613
718.0   621.8908884977174
719.0   624.8010591347999
720.0   614.9654281914909
721.0   608.3281296188596
722.0   612.4237851026352
723.0   603.9964537597921
724.0   612.5886389931851
725.0   590.3869555749551
726.0   587.5298064027388
727.0   586.9015567878571
728.0   581.6408748706444
729.0   593.7444684679083
730.0   563.9851300285915
731.0   571.3670042118326
732.0   585.3019425755384
733.0   582.9253712881485
734.0   580.677816082589
735.0   578.4360708096801
736.0   558.8091739653612
737.0   562.6955212729513
738.0   568.9983546742058
739.0   558.1649945790456
740.0   585.5255926473897
741.0   573.6466826862818
742.0   579.3861005375188
743.0   567.4073285222962
744.0   578.8064411029806
745.0   566.170415815129
746.0   576.4941654163738
747.0   591.5655165396214
748.0   589.663790018958
749.0   594.4631410759337
750.0   594.1402578953237
751.0   601.5145954600974
752.0   607.5301990133437
753.0   611.5515524556965
754.0   632.7478130521047
755.0   635.84072431962
756.0   655.8297754915658
757.0   662.5837819668977
758.0   683.4406003032211
759.0   686.4311824950796
760.0   692.4259833457186
761.0   705.8303251237606
762.0   724.0854160815535
763.0   743.0181524838878
764.0   748.9421574475062
765.0   752.873236138085
766.0   771.5550949480613
767.0   758.2732126652018
768.0   793.7855358736899
769.0   766.5639495728916
770.0   774.2543622238052
771.0   784.661750239509
772.0   776.6786862271811
773.0   749.4607305936952
774.0   760.03201418783
775.0   739.6368358397134
776.0   741.539505162806
777.0   742.6016230773727
778.0   735.435178902266
779.0   716.551394995683
780.0   706.8243693684503
781.0   689.8938685839214
782.0   671.1062285066778
783.0   668.4159745457852
784.0   653.9510066186253
785.0   630.8537853769442
786.0   624.528598380899
787.0   614.9045354231338
788.0   591.8539945950743
789.0   584.1791954812495
790.0   562.2530325757742
791.0   542.6663079124723
792.0   533.8044285314752
793.0   524.0389527891942
794.0   502.7761297533581
795.0   493.6647042551047
796.0   485.09075093637966
797.0   479.5110787279133
798.0   455.1815275081416
799.0   439.78092162764347
800.0   424.63151648193116
