500.0   288.8446180840747
501.0   293.5871503774206
502.0   292.89136120492174
503.0   278.69121854828694
504.0   283.8047230964342
505.0   270.51651944544324
506.0   271.8920591798994
507.0   260.85161688592734
508.0   248.94964075840525
509.0   238.90307750477695
510.0   228.99582718369967
511.0   226.42771812004676
512.0   222.64020421004489
513.0   221.46726075151227
514.0   202.69541408520075
515.0   206.16836943149178
516.0   214.52386543602202
517.0   213.69359283423796
518.0   210.42476064514736
519.0   221.3913558057561
520.0   203.66058100755964
521.0   207.9355952183474
522.0   217.75554464708932
523.0   208.62272299411183
524.0   214.8794383136013
525.0   225.48984227987506
526.0   224.51912452178374
527.0   234.7109199891193
528.0   238.1711360612076
529.0   250.80423592490098
530.0   261.5217009805624
531.0   274.21891793400164
532.0   278.4143764110748
533.0   284.8653171019591
534.0   297.21904499385926
535.0   302.26001907181626
536.0   315.266258292221
537.0   326.85354747615753
538.0   332.35958131256024
539.0   348.455387169897
540.0   347.95493873316593
541.0   342.026528876362
542.0   345.4448772408432
543.0   350.39265023551104
544.0   338.0072342114941
545.0   330.32362363563436
546.0   323.80673355298086
547.0   316.1177231123069
548.0   305.3168202006163
549.0   298.1539137196872
550.0   283.66915216386246
551.0   278.331680785871
552.0   286.4185453459384
553.0   264.20450503955766
554.0   261.9435065818014
555.0   256.8219535921427
556.0   249.0870647099105
557.0   247.34891661997662
558.0   249.11309994688835
559.0   236.45912841115606
560.0   237.0404058586
561.0   238.02523977567995
562.0   229.94596218473697
563.0   229.25496013316663
564.0   242.61314607763714
565.0   239.1137759851735
566.0   252.30641070994977
567.0   250.9917800078083
568.0   244.79036602641295
569.0   266.0898732169645
570.0   269.18609095457214
571.0   272.5396695362105
572.0   269.387475945701
573.0   282.9770764495652
574.0   292.18293997375577
575.0   302.8478361601788
576.0   303.3353325730096
577.0   317.3229288386616
578.0   322.19262653846386
579.0   337.39065955654905
580.0   342.16273062097565
581.0   356.27871976625767
582.0   360.99786100399774
583.0   369.8347779364783
584.0   372.33885216730584
585.0   388.5997901420682
586.0   392.587346743288
587.0   387.3322924898235
588.0   387.86607018472307
589.0   400.0447803277116
590.0   391.97799847563954
591.0   392.1944146043676
592.0   386.861170418205
593.0   391.4437136916467
594.0   375.8538174272634
595.0   369.1856525137984
596.0   361.20111245475624
597.0   356.2718734660765
598.0   355.5289702820884
599.0   346.9323262654023
600.0   338.8419348992908
601.0   331.94052692779263
602.0   318.75355107808304
603.0   332.46214018718365
604.0   318.1122244133928
605.0   311.8669115408966
606.0   318.31013520192107
607.0   317.1276239453118
608.0   320.47098717631866
609.0   302.1076964415254
610.0   308.47130245933727
611.0   308.60962055041995
612.0   315.4495001511194
613.0   306.031653746583
614.0   296.86106528828714
615.0   303.9196049192826
616.0   307.0952368549091
617.0   322.5934929720465
618.0   311.0142648545304
619.0   328.81147870319757
620.0   321.1022559544575
621.0   330.1174362730454
622.0   337.05965591330965
623.0   345.193035210273
624.0   345.82099932496465
625.0   353.62416653761045
626.0   371.35343055088833
627.0   380.2283567267083
628.0   390.3814989162225
629.0   401.2851897233555
630.0   407.12986310391716
631.0   411.83464223640453
632.0   423.52174463138243
633.0   436.84210529010113
634.0   440.27840828208315
635.0   442.41992405892466
636.0   455.60532696252153
637.0   469.4811693689551
638.0   456.2083586999736
639.0   476.5621320863626
640.0   475.19803482115674
641.0   471.63712787234056
642.0   476.00712468301754
643.0   477.485710335734
644.0   476.16410425958236
645.0   473.5443463158938
646.0   475.6861509463276
647.0   468.50305022812273
648.0   466.72923710249165
649.0   453.23165374629804
650.0   447.54460218475486
651.0   444.65650084438573
652.0   444.27587958482707
653.0   440.36334292186734
654.0   430.25288443596577
655.0   427.759140222372
656.0   429.54358949221364
657.0   425.5178024175592
658.0   417.65793509412026
659.0   425.3449081732982
660.0   422.81094590912244
661.0   423.2103228547728
662.0   426.4212704628175
663.0   424.64346234343554
664.0   426.59661619142406
665.0   445.5059724783916
666.0   430.604079434609
667.0   432.94674089624164
668.0   435.619354517168
669.0   441.06414042524295
670.0   459.29696951373285
671.0   465.2122885647095
672.0   471.51431782553846
673.0   462.4460846867997
674.0   468.124145842365
675.0   482.5260589001275
676.0   491.5163624264603
677.0   496.28129104045007
678.0   504.91730688508596
679.0   513.6626082019731
680.0   535.3205565223883
681.0   541.5232916496761
682.0   549.3352159984449
683.0   563.9767234148574
684.0   569.9059039286551
685.0   594.8632003107973
686.0   601.2889241304115
687.0   606.1403169910863
688.0   623.3598917669256
689.0   629.8357236034714
690.0   650.0625966655232
691.0   655.8563319814552
692.0   673.4584716078327
693.0   688.373900343659
694.0   683.931355193575
695.0   701.1291877546847
696.0   701.9806941278002
697.0   691.4294366460092
698.0   720.8482496541553
699.0   723.0424642113785
700.0   718.1862064652576
701.0   711.2249220728179
702.0   721.1655518789543
703.0   708.9858881165111
704.0   720.3773498525029
705.0   719.874830938863
706.0   717.9951910210809
707.0   704.3899001379532
708.0   703.852948503313
709.0   696.2279268245774
710.0   692.0855052322399
711.0   677.1921073451662
712.0   664.4297680037532
713.0   663.7080053815168
714.0   660.842207885107
715.0   645.7698301934505
716.0   642.6402838525725
717.0   648.1762314637683
718.0   630.731693697599
719.0   633.2023739279634
720.0   619.685728196481
721.0   612.2339203184849
722.0   618.5926099317935
723.0   613.5547519145638
724.0   621.1350238688957
725.0   594.8410489666828
726.0   599.115928671077
727.0   591.5882535778313
728.0   590.2788493299342
729.0   600.1955720453677
730.0   571.5979022586037
731.0   576.4770462335209
732.0   592.2803941500766
733.0   591.5634397825341
734.0   589.873907567776
735.0   580.738468959627
736.0   566.8004131829103
737.0   563.9790959015451
738.0   573.6437743427607
739.0   562.3826867042598
740.0   590.9910369914696
741.0   575.1751273552082
742.0   588.8689349135734
743.0   574.1901022084281
744.0   581.2485509096936
745.0   576.5396304996398
746.0   581.2696002859086
747.0   599.4817691834713
748.0   596.2656425115875
749.0   602.7429888203369
750.0   607.6440681562538
751.0   607.2331492703499
752.0   616.5180455922175
753.0   620.6369127669816
754.0   636.1486325856933
755.0   644.1400119437883
756.0   664.4641736919062
757.0   670.7401342453975
758.0   691.9701111932309
759.0   693.0591243323383
760.0   705.0395025515515
761.0   714.3206949740173
762.0   735.5990649714145
763.0   749.8644447603591
764.0   753.7524186434865
765.0   758.1311439107436
766.0   778.8026777720239
767.0   771.0566089044273
768.0   804.4992675019887
769.0   782.5871025435672
770.0   796.071912165083
771.0   792.6277028605219
772.0   791.1271278167648
773.0   761.835469963321
774.0   770.6019657100647
775.0   749.8118574969658
776.0   751.8102650472202
777.0   750.8567202522679
778.0   747.1220380904556
779.0   730.6979564411644
780.0   720.4800123451286
781.0   706.1883807572888
782.0   679.5879701656349
783.0   677.2747109154592
784.0   658.5725644334591
785.0   643.0465826058793
786.0   634.7713904605511
787.0   620.2770136367715
788.0   601.469520566456
789.0   594.7610984030928
790.0   573.0840333165625
791.0   547.169889092633
792.0   544.5175120222154
793.0   536.197503790602
794.0   514.5495939774502
795.0   503.2471386024144
796.0   490.6680286292709
797.0   487.2062962066419
798.0   458.682752267351
799.0   445.6928502496869
800.0   433.3484047930135
