500.0   289.9830918394225
501.0   294.43856602169296
502.0   292.7939235699282
503.0   279.8817212027488
504.0   282.92971007558356
505.0   274.60654928578083
506.0   269.62127787350556
507.0   262.2416705778704
508.0   247.02647173448307
509.0   239.0745834345508
510.0   230.63751539803937
511.0   229.91120236859908
512.0   226.1888751514535
513.0   221.34284293764873
514.0   204.049822798764
515.0   209.48988222124564
516.0   210.75781971103814
517.0   212.29166235503402
518.0   210.6285257768271
519.0   222.1389821373496
520.0   198.90260518211596
521.0   204.47909498464415
522.0   220.5900198247059
523.0   210.22871397218825
524.0   211.38491376946163
525.0   222.51560169853053
526.0   228.01431066807925
527.0   236.7160328127606
528.0   239.96927237339136
529.0   252.16603718402672
530.0   260.65545113211397
531.0   272.48150569377617
532.0   279.48387592943624
533.0   281.8668744063112
534.0   300.0135478776639
535.0   299.9402297676954
536.0   313.4195739783653
537.0   326.1694629075636
538.0   337.77792532905454
539.0   345.7355219388468
540.0   351.03950164925163
541.0   342.9021485247624
542.0   344.0277463387016
543.0   348.12744991489774
544.0   339.66263473499833
545.0   327.89822496136026
546.0   326.4691790083564
547.0   313.59601333407187
548.0   305.17391692230814
549.0   294.707205010119
550.0   285.85841884114063
551.0   275.0432136912083
552.0   287.76440418354025
553.0   269.136509228272
554.0   263.8234336622408
555.0   257.5898730121617
556.0   249.71616481313217
557.0   247.80751373374486
558.0   249.60301021172293
559.0   239.29733046077834
560.0   236.93148552825275
561.0   236.1757161568783
562.0   227.48183610206434
563.0   229.35786814226017
564.0   240.47240986427138
565.0   243.04716303795186
566.0   253.99341362120333
567.0   250.57449380438442
568.0   247.79074364125884
569.0   267.4920521082577
570.0   267.5551359361385
571.0   271.40530881760156
572.0   272.3651088044901
573.0   281.4933834377367
574.0   290.5359743136398
575.0   300.50836583807404
576.0   302.02407887050896
577.0   316.65949852515735
578.0   326.0172659198828
579.0   337.5635263954723
580.0   344.3518272388491
581.0   357.57179269628085
582.0   361.08939230288547
583.0   373.8063319237368
584.0   377.9380356827635
585.0   385.8920495734143
586.0   395.0047532327983
587.0   389.56791744459105
588.0   391.076681645814
589.0   400.1193145096214
590.0   395.5688347036819
591.0   398.24767778913406
592.0   391.0841547272008
593.0   388.81701989085144
594.0   377.6715649005897
595.0   367.8212017616651
596.0   360.686458247149
597.0   360.14039781523786
598.0   353.51278813489535
599.0   348.6473606632789
600.0   336.0617184603203
601.0   333.0422285796349
602.0   319.46887539836297
603.0   332.22360816600883
604.0   316.0127660431465
605.0   313.9801352736587
606.0   321.6332488210128
607.0   315.2668554060316
608.0   319.5353180834858
609.0   301.3903931611011
610.0   308.25637874199725
611.0   307.00516297764483
612.0   316.3616610199329
613.0   308.83229123282007
614.0   301.6324771743857
615.0   304.60299107251035
616.0   306.87857291244086
617.0   322.2084436019168
618.0   313.6612388777332
619.0   329.05277883461525
620.0   326.3465668856926
621.0   334.2280641283305
622.0   338.6916145351084
623.0   341.10998827788774
624.0   346.88808758067523
625.0   353.58273667306173
626.0   372.6429004462001
627.0   381.5169320758489
628.0   388.1355569798681
629.0   405.5900289236634
630.0   406.94309134178434
631.0   414.8838188397307
632.0   428.64530801654956
633.0   438.0520776031524
634.0   440.34044944480644
635.0   443.51368884852826
636.0   458.82942563627705
637.0   472.26015336200624
638.0   464.7660656012466
639.0   477.90179061380746
640.0   478.21573358470573
641.0   473.366805227691
642.0   477.0548561059667
643.0   484.36350253375076
644.0   473.0243936429862
645.0   472.9403245285847
646.0   476.09212085327687
647.0   461.9353392948721
648.0   462.1588298564959
649.0   455.9419543148969
650.0   447.12236178837003
651.0   447.3567235221126
652.0   445.91007608605605
653.0   440.05288083874393
654.0   430.74506937915197
655.0   433.72510730621946
656.0   431.35942841381757
657.0   428.0770039617156
658.0   419.7190853831215
659.0   424.98447838655045
660.0   422.63976160155516
661.0   428.3388312512502
662.0   421.2785089305161
663.0   423.34364335261057
664.0   428.51634141588653
665.0   444.6824228629311
666.0   436.7272492583158
667.0   437.47600930984925
668.0   435.12445267271954
669.0   440.6732728188912
670.0   458.51980441145133
671.0   467.11138236740726
672.0   473.7444343160756
673.0   464.65012830441987
674.0   472.9117659985503
675.0   490.52607687420607
676.0   490.0571345532346
677.0   498.2787997417599
678.0   507.15756151456753
679.0   514.4163241815386
680.0   534.4541083989315
681.0   544.8987704085031
682.0   555.1027673068385
683.0   563.9282772952415
684.0   577.4103958612889
685.0   597.717816489289
686.0   608.2097941164162
687.0   611.0832132039444
688.0   618.8476579099766
689.0   630.1225335871038
690.0   652.3512563359569
691.0   658.494635122695
692.0   673.3534170455109
693.0   692.2171662226623
694.0   687.8728619042158
695.0   706.3439634598479
696.0   704.0999768090279
697.0   691.3087575469798
698.0   724.280411994676
699.0   726.1532717073337
700.0   720.8693213058962
701.0   713.6232815257799
702.0   722.3575476222139
703.0   713.6042019002058
704.0   718.9332290132186
705.0   721.4472352352108
706.0   715.7531081775785
707.0   711.7145197020378
708.0   704.4707519847204
709.0   700.8970346117621
710.0   690.2682587806638
711.0   679.4759572378993
712.0   670.7761798934298
713.0   664.0938189607116
714.0   659.4624251371001
715.0   656.7622537902456
716.0   643.024360460771
717.0   652.7711022062472
718.0   626.5701284425588
719.0   639.1555553268769
720.0   623.8881357186788
721.0   613.2438585224036
722.0   621.0596464448463
723.0   613.0708804117365
724.0   630.1455530908357
725.0   600.3858564132164
726.0   598.9009135027266
727.0   596.6985921427206
728.0   596.1480572393178
729.0   603.4748243673278
730.0   571.3725939520441
731.0   582.044453202183
732.0   598.6153150823826
733.0   592.2812753033526
734.0   595.2126067065838
735.0   588.164655598699
736.0   566.2380889770342
737.0   568.1538696636383
738.0   577.7030849999416
739.0   564.8901376485677
740.0   593.2943587169275
741.0   577.5174665290361
742.0   589.903861138386
743.0   578.7140350578094
744.0   589.2923424047058
745.0   580.9451351761177
746.0   581.0512520559619
747.0   597.9153964785261
748.0   603.3160964996085
749.0   603.9526810381219
750.0   605.0551223948353
751.0   607.3220289414533
752.0   615.8995053066035
753.0   624.7584040895272
754.0   640.7804724482069
755.0   650.7150659628962
756.0   665.8442314650836
757.0   676.3871070304863
758.0   698.7593385999088
759.0   696.6320695678551
760.0   713.9116842331239
761.0   725.1644465365922
762.0   740.7512765453862
763.0   757.529422256454
764.0   768.6364627842178
765.0   770.6940077291555
766.0   794.4143679767805
767.0   782.1276979810002
768.0   818.8011030638136
769.0   791.295799293791
770.0   802.2591471624335
771.0   800.9000806223249
772.0   800.4622936720156
773.0   775.0061259377162
774.0   780.6214659672934
775.0   766.7087938543727
776.0   767.4487722385063
777.0   766.8391776887272
778.0   750.0826165297487
779.0   739.057780695927
780.0   726.2013077945405
781.0   712.7696437584381
782.0   688.3604324150281
783.0   682.2789966404638
784.0   668.0804744544098
785.0   650.2233851552477
786.0   646.6940123070897
787.0   630.2107974468361
788.0   609.4456357633031
789.0   599.0120210076734
790.0   582.8481989724735
791.0   554.5247219468786
792.0   552.0935769103944
793.0   540.2452830714625
794.0   517.1678165649505
795.0   505.9784951309269
796.0   494.90320432980525
797.0   492.1483560921324
798.0   468.86113137254335
799.0   451.0362058631697
800.0   438.841834788886
