500.0   280.50159907157797
501.0   286.6580271501185
502.0   286.39406389604994
503.0   270.1791915863658
504.0   274.1907244858842
505.0   262.89217130715974
506.0   263.0690143039404
507.0   254.00181401064216
508.0   237.7963062130094
509.0   229.5351194804004
510.0   226.19136017783185
511.0   220.90987427300482
512.0   219.35588824452788
513.0   211.47881482457532
514.0   198.65457295569655
515.0   201.22787384417182
516.0   208.25294847912178
517.0   206.46689859701803
518.0   205.90268150839037
519.0   215.29004668273276
520.0   194.52027204433733
521.0   202.7780829497203
522.0   211.9229968453903
523.0   205.7808255492227
524.0   203.74263346868437
525.0   219.8018014192399
526.0   219.6499651866406
527.0   229.2293702243229
528.0   234.87046405252292
529.0   245.01966468575597
530.0   253.16173311842843
531.0   263.22225934424716
532.0   270.45316151640014
533.0   277.61246503010904
534.0   287.5391555434587
535.0   293.17485795604864
536.0   305.9086294439352
537.0   317.57986292393315
538.0   326.3189227352614
539.0   337.49134707311885
540.0   341.130284362647
541.0   334.74559988884107
542.0   335.1397130494448
543.0   337.5265651584115
544.0   329.33833020390983
545.0   323.72067162144475
546.0   316.4505951551917
547.0   305.4056269261459
548.0   298.75036665094734
549.0   290.20033714034156
550.0   275.65811305297643
551.0   268.7867260510315
552.0   280.950511539895
553.0   260.1518919002181
554.0   258.79248523590053
555.0   248.3825908750075
556.0   245.23707539176334
557.0   240.09777938488068
558.0   241.64584441262068
559.0   233.54307331842145
560.0   228.87898673258096
561.0   230.67378019806432
562.0   224.84550753011388
563.0   225.93687489093455
564.0   235.28004751310962
565.0   233.71145507125777
566.0   246.88530145309198
567.0   244.32152294730707
568.0   243.991654839471
569.0   263.40768824540726
570.0   260.85377730205187
571.0   264.867343507604
572.0   265.7811329246691
573.0   272.8297723196732
574.0   283.3586568443628
575.0   297.3704926476291
576.0   297.75557821127006
577.0   310.8048329683026
578.0   317.46531198840256
579.0   327.31297928557024
580.0   336.258763419588
581.0   349.6249224523155
582.0   352.189594598242
583.0   364.931036050756
584.0   368.09872311121785
585.0   379.93499363663614
586.0   384.80506758457693
587.0   379.59734766025616
588.0   383.9210986265633
589.0   392.2485845216488
590.0   391.6001590787246
591.0   383.7671718114699
592.0   381.376229612241
593.0   379.43752385490933
594.0   371.06826641604255
595.0   363.6754471118357
596.0   354.53772433359524
597.0   351.9743102960492
598.0   346.23008369925446
599.0   335.735668174361
600.0   330.7478861040181
601.0   324.8120205232247
602.0   312.7160200700389
603.0   324.606243860821
604.0   313.30732436690164
605.0   307.65631597461027
606.0   316.5747221276271
607.0   310.83697935040374
608.0   315.2203399888008
609.0   292.21796182022615
610.0   300.4619336038323
611.0   298.6493245463946
612.0   308.3719734383707
613.0   300.0906010404409
614.0   292.32421007215265
615.0   298.37801779084987
616.0   300.40015095914043
617.0   317.4783606077278
618.0   306.1433100905437
619.0   317.8526527538342
620.0   314.0331425680963
621.0   326.0752245358011
622.0   332.4585821283791
623.0   336.48039184719926
624.0   340.2549810175261
625.0   343.93573285704497
626.0   366.09546977306536
627.0   372.7837406523953
628.0   382.97292731237343
629.0   399.21055067302285
630.0   401.2400318698884
631.0   410.19849566779374
632.0   418.0809601138331
633.0   424.9489430081878
634.0   434.90661510724004
635.0   439.68801464820086
636.0   450.68270410770435
637.0   460.4497917449868
638.0   453.0536285699752
639.0   467.4842642853401
640.0   466.12095817415343
641.0   463.5120677646262
642.0   467.098142169477
643.0   470.6177381111477
644.0   464.30138132022614
645.0   465.3696503647959
646.0   469.4962861248154
647.0   459.6479585426653
648.0   457.6393306641527
649.0   446.87314396266135
650.0   441.42516052747175
651.0   441.40069990626455
652.0   439.56766146792665
653.0   438.4591870754376
654.0   426.44056903393806
655.0   424.2673940300814
656.0   425.47024644248665
657.0   420.689585215536
658.0   410.5747989235324
659.0   418.0956132966527
660.0   416.5391534090337
661.0   420.8888447063707
662.0   418.52357067714746
663.0   416.2194240503122
664.0   423.99991555282276
665.0   439.0827682627758
666.0   431.5731962539323
667.0   431.60903632067266
668.0   425.67724345964274
669.0   434.78526565829384
670.0   452.8267170561992
671.0   456.8146875533589
672.0   465.41890443754755
673.0   455.9971403418353
674.0   462.6019490587272
675.0   477.10485669696857
676.0   478.3498907345054
677.0   492.11671963758243
678.0   495.31313788008833
679.0   508.4330472691819
680.0   523.1194067659234
681.0   538.109306305616
682.0   546.1830763352831
683.0   557.1907040198819
684.0   572.8066722567808
685.0   589.454800062655
686.0   597.6791428874293
687.0   601.7066459280378
688.0   614.4676665777328
689.0   627.609394923536
690.0   637.1407485947364
691.0   648.1431559009843
692.0   663.9991808223717
693.0   682.2296002155224
694.0   676.3658161225661
695.0   693.4571390802862
696.0   697.1611239480123
697.0   682.1738171226431
698.0   710.7129291512705
699.0   715.9022937852649
700.0   709.9056601059137
701.0   703.7539899119529
702.0   711.2432260460764
703.0   700.7195428107972
704.0   710.9614051852444
705.0   714.5082152477835
706.0   703.4034546421553
707.0   697.8648908819259
708.0   698.4794101981454
709.0   693.9269128453885
710.0   682.7746972545572
711.0   669.7049414984755
712.0   659.9196639342617
713.0   655.3308932533682
714.0   651.3428556627528
715.0   642.447198660307
716.0   640.4772854987193
717.0   646.7381542350151
718.0   625.3124824545127
719.0   630.9412306198534
720.0   618.6322627017432
721.0   606.3218348853527
722.0   610.113918839694
723.0   606.526194949045
724.0   619.5846964720168
725.0   594.8735359732391
726.0   594.7404326823596
727.0   588.4117957814079
728.0   584.8417775812594
729.0   593.4783684277816
730.0   563.2498471925343
731.0   574.2502882648826
732.0   588.2484209829846
733.0   583.8738159838113
734.0   589.4266806638541
735.0   584.5345747979002
736.0   559.2533224969397
737.0   559.8850919461847
738.0   569.7573809950608
739.0   550.723144884692
740.0   586.6670070556397
741.0   570.7740885937784
742.0   582.6230122394732
743.0   571.6220313037778
744.0   581.725211569317
745.0   571.7392159343378
746.0   569.8014119422005
747.0   587.6750493765827
748.0   587.7906864299805
749.0   592.473584637075
750.0   595.8964120181251
751.0   602.0313659255871
752.0   608.0557769219381
753.0   618.3965997786768
754.0   630.9043026718434
755.0   637.9685262865834
756.0   655.0491088872817
757.0   665.8521118322208
758.0   691.8795122499802
759.0   686.4678761560831
760.0   701.7365641250619
761.0   714.6136175498692
762.0   731.5073958922404
763.0   750.5630040103463
764.0   759.4956585758445
765.0   765.3823127714471
766.0   784.321394886365
767.0   773.6131608696908
768.0   802.1494092104488
769.0   780.146441219557
770.0   792.1282887456882
771.0   797.277877508683
772.0   796.2916115553907
773.0   769.1431756899666
774.0   775.4491893622237
775.0   761.5250504235532
776.0   758.3497892918549
777.0   754.876905681087
778.0   747.4368919838973
779.0   733.8781275542689
780.0   717.5018160535021
781.0   708.9024862832483
782.0   680.6787593638868
783.0   673.7146347315968
784.0   663.824129715957
785.0   645.2631029319894
786.0   635.1512252783259
787.0   624.1023780179961
788.0   599.4565512294122
789.0   592.9975202569419
790.0   573.3515262784607
791.0   549.5466669553102
792.0   542.8083466545871
793.0   533.3171000358726
794.0   512.1189641640541
795.0   501.974140323756
796.0   490.1349686094128
797.0   494.92109371068443
798.0   459.2458059385758
799.0   444.3894601871117
800.0   433.6284839381941
