500.0   291.84414783064585
501.0   294.1705396348565
502.0   295.1952431787
503.0   283.231776567413
504.0   290.0838215005729
505.0   277.0127012481307
506.0   279.6486333934439
507.0   263.8375416693316
508.0   251.46672510158035
509.0   245.36557402036146
510.0   233.3306603526133
511.0   229.75812402471595
512.0   227.24781125210757
513.0   225.8200159577652
514.0   207.02262277774668
515.0   209.5238513213896
516.0   219.64113623844955
517.0   214.0125135872616
518.0   213.4228739729098
519.0   223.75225957067337
520.0   205.00320694707125
521.0   209.6139905682426
522.0   220.16371757191502
523.0   215.8037066018896
524.0   214.09283054744824
525.0   229.87507232215
526.0   231.19473293552642
527.0   242.09822202316622
528.0   247.25954433397132
529.0   257.282279613261
530.0   266.34887520291625
531.0   279.524470642064
532.0   281.6732710910947
533.0   288.589142665219
534.0   305.5207426143063
535.0   307.7819068325945
536.0   320.81806808707984
537.0   334.1581615048522
538.0   345.76206729602626
539.0   350.8813360609264
540.0   353.6155881219123
541.0   353.0012682884127
542.0   350.41798096124046
543.0   360.0069342613509
544.0   350.359518407821
545.0   338.9085247547988
546.0   333.1499317178748
547.0   317.6114195776931
548.0   310.95870755180687
549.0   299.88340827459353
550.0   290.5479585388873
551.0   283.72910262251395
552.0   292.7468275047025
553.0   275.60786330748743
554.0   270.99265265950675
555.0   260.4302277972292
556.0   255.60588307765906
557.0   253.95264246196402
558.0   256.36136945324984
559.0   244.65874584617964
560.0   241.251582692632
561.0   243.1176557241762
562.0   232.78406284277457
563.0   237.01844878052563
564.0   247.40014863855893
565.0   245.52175022984505
566.0   258.7878259818863
567.0   252.72811281356576
568.0   258.69034931794044
569.0   271.0166711272035
570.0   273.2367209586214
571.0   279.295579721108
572.0   275.69588937753804
573.0   288.42398407349503
574.0   298.6732065832763
575.0   310.70351543406355
576.0   311.7339347339916
577.0   326.8387182696838
578.0   331.4223546032286
579.0   341.7771939780371
580.0   347.51652370681774
581.0   362.6806858719322
582.0   374.8825941757143
583.0   378.5423719607495
584.0   386.30232746163335
585.0   395.1987277286147
586.0   402.4577855085471
587.0   393.63965550726897
588.0   402.11649816115846
589.0   407.7034225415824
590.0   406.42417848571654
591.0   400.45818516991596
592.0   396.92179248207026
593.0   401.49849369770476
594.0   384.8320929827919
595.0   376.456013086164
596.0   368.3002300378476
597.0   365.20822028134035
598.0   362.2603430469935
599.0   355.81242753205225
600.0   339.465796686608
601.0   343.63606171973134
602.0   327.4004795780182
603.0   336.45789828939473
604.0   328.01053345864483
605.0   318.17200244230287
606.0   323.1607236760169
607.0   324.8012716010559
608.0   328.0173322955769
609.0   305.5044934828877
610.0   313.8578360221216
611.0   315.13183603021156
612.0   323.5635848465458
613.0   317.5672042956317
614.0   305.678965850481
615.0   311.26492190475096
616.0   312.6263185070794
617.0   329.1502240188813
618.0   316.3218912644463
619.0   333.0572444064067
620.0   331.81598753907235
621.0   338.61197547404606
622.0   348.2786395991839
623.0   352.89021144887863
624.0   352.4440672866315
625.0   359.96209874953763
626.0   384.46905970121475
627.0   390.52585164766367
628.0   400.4453574169043
629.0   416.00055179036104
630.0   417.40454677380797
631.0   425.2917616701893
632.0   439.4089781876066
633.0   449.22163572060686
634.0   457.16866727814244
635.0   455.7203676224569
636.0   469.6541374111529
637.0   488.76497790421206
638.0   473.6979023234006
639.0   491.39948505398655
640.0   485.23050309440987
641.0   487.5222382341889
642.0   488.7817691092438
643.0   490.9780334355994
644.0   488.15271311942524
645.0   489.31813612876067
646.0   495.08949196307543
647.0   481.49220173653003
648.0   476.9918079606755
649.0   466.6155522160429
650.0   466.74877884332346
651.0   461.67563809381943
652.0   460.27354319787617
653.0   457.52061614703086
654.0   445.26066243506483
655.0   443.0772940211948
656.0   446.0499140085368
657.0   441.10287644049595
658.0   428.86155467730725
659.0   436.89889655864226
660.0   438.9166929215943
661.0   435.97803594394577
662.0   438.2366889178854
663.0   432.5718918369506
664.0   440.27458908130046
665.0   455.22083780543636
666.0   443.74517096652386
667.0   445.74101207216995
668.0   440.28052272480085
669.0   453.68360163676505
670.0   468.2136990713632
671.0   477.89069408546595
672.0   487.2979205422557
673.0   481.20282580354586
674.0   482.10089844615413
675.0   500.65463994859635
676.0   503.7887014053124
677.0   515.4228872345591
678.0   518.8778360028939
679.0   528.9686960134208
680.0   551.3139945154257
681.0   556.3446683155618
682.0   572.2194328246543
683.0   574.574573415819
684.0   593.8091836159008
685.0   613.9744137994323
686.0   619.1976922474444
687.0   623.4847608085657
688.0   640.6624799632417
689.0   649.4467357930681
690.0   670.5851921508123
691.0   675.6253753282056
692.0   695.1200263693199
693.0   714.2619348865259
694.0   709.6006220495032
695.0   726.9014942299884
696.0   727.6357040731069
697.0   708.4988692786214
698.0   742.8687465483237
699.0   744.4055956672203
700.0   741.2343755906095
701.0   734.8948047320564
702.0   743.9698291070521
703.0   733.7884590118106
704.0   742.7134366650836
705.0   742.1164192057041
706.0   729.1489456431883
707.0   727.8836683385593
708.0   729.8249446603002
709.0   721.8933214652727
710.0   712.1000408764304
711.0   701.3644027011931
712.0   686.9607223050543
713.0   684.073312210159
714.0   680.9891604293617
715.0   669.1168735484799
716.0   666.1584662600991
717.0   671.9770912779163
718.0   654.5935753501217
719.0   655.2759260888062
720.0   641.6311947165257
721.0   630.2539037696167
722.0   641.2493875175887
723.0   637.4152169398275
724.0   645.7409923707473
725.0   618.658774867719
726.0   616.1357279388594
727.0   612.2975209507343
728.0   611.4808942000446
729.0   613.8266383844157
730.0   589.2510705018468
731.0   593.4323890161372
732.0   610.4650099525187
733.0   607.9164585522595
734.0   609.4089420554332
735.0   606.0382280164101
736.0   581.6536946714117
737.0   581.4936038826528
738.0   591.5858623546637
739.0   577.3813071269249
740.0   608.4820385014259
741.0   592.7124665008764
742.0   604.9942346434466
743.0   592.0990665956275
744.0   600.2651006808425
745.0   597.5580918431248
746.0   600.7014504051349
747.0   616.999560757395
748.0   612.2331920990512
749.0   619.9601190387891
750.0   623.0549193562949
751.0   622.0402769456058
752.0   629.6130014864802
753.0   642.8057447544613
754.0   658.1984151897032
755.0   662.9352031015832
756.0   684.0704318158433
757.0   695.6284078890453
758.0   716.4085765346322
759.0   714.0624063294333
760.0   723.4383874405783
761.0   747.2864839410989
762.0   764.0571743976169
763.0   782.9416034160322
764.0   795.3523712850123
765.0   798.6084753580031
766.0   822.5417396617094
767.0   810.6945594877866
768.0   845.891538170891
769.0   821.2912733009736
770.0   826.4566156194028
771.0   828.0433392519858
772.0   833.6048815901952
773.0   803.1049837422355
774.0   811.5876836956664
775.0   796.4892220212794
776.0   791.8488580118235
777.0   793.3494333185552
778.0   783.9837820145251
779.0   763.8478282244465
780.0   752.2436500772627
781.0   739.4005828026052
782.0   711.8035644808874
783.0   709.943016621225
784.0   687.2727302304515
785.0   680.3133444734333
786.0   668.4637108640106
787.0   646.2351440166235
788.0   629.745417103829
789.0   622.7287842860414
790.0   603.3070538116857
791.0   578.6427220079997
792.0   568.6862489048157
793.0   562.0332578327235
794.0   536.5558650782967
795.0   520.1486863997909
796.0   513.1083029359492
797.0   513.3822332695705
798.0   482.74171302401464
799.0   462.10773327126446
800.0   452.03680212026495
