500.0   298.5039331692078
501.0   302.53407126687466
502.0   299.4476671330308
503.0   285.64557017800126
504.0   295.75224976254106
505.0   278.07615812302174
506.0   279.43625904792935
507.0   266.43201794352444
508.0   254.9203564075394
509.0   244.73590070221286
510.0   238.2055717307541
511.0   235.87329874589616
512.0   230.08770832512647
513.0   229.1982126995779
514.0   211.0252075603887
515.0   216.61493897509342
516.0   222.6034619222299
517.0   221.59301362903375
518.0   218.6221701741142
519.0   227.17281391256833
520.0   206.95193488149022
521.0   213.77703059526576
522.0   224.1972177876931
523.0   219.68409418991183
524.0   221.6100495668687
525.0   234.1963436963822
526.0   233.29167255633524
527.0   244.31593897459675
528.0   251.95794308813404
529.0   263.33125445005766
530.0   272.48911402655824
531.0   282.6998277263341
532.0   287.98581896400185
533.0   293.7883801375298
534.0   312.300896119826
535.0   315.16650475455185
536.0   326.01588845260846
537.0   341.4864067402802
538.0   347.90434918400246
539.0   358.65102225158796
540.0   364.3613569084489
541.0   356.03791618603566
542.0   358.35985116272
543.0   364.5153767888704
544.0   353.19684138892495
545.0   346.8050377712776
546.0   337.2544147313488
547.0   327.46693927924235
548.0   315.7881675991267
549.0   306.5887010737183
550.0   295.46871134620824
551.0   285.8886132058516
552.0   296.2098635221747
553.0   279.37938777577443
554.0   273.56819504035576
555.0   266.1272937357004
556.0   263.272408806311
557.0   259.50688985809245
558.0   258.09706709911916
559.0   244.486808355676
560.0   246.60795745717476
561.0   250.09805746465912
562.0   238.11352572450176
563.0   238.7172678784365
564.0   253.7349888118948
565.0   250.9322241971641
566.0   262.0018415641122
567.0   259.51700814124797
568.0   255.19186016774015
569.0   276.16265567813946
570.0   277.14831506897644
571.0   282.46595544395564
572.0   279.2155887810874
573.0   289.256659629214
574.0   300.09509157591356
575.0   314.5621246661745
576.0   314.4071687198378
577.0   327.51149630729805
578.0   335.6428314992398
579.0   351.32648961762277
580.0   358.4399794643047
581.0   373.77403420357854
582.0   375.99786800242464
583.0   384.9833534530319
584.0   387.566042545164
585.0   402.74102866584064
586.0   408.3944409146193
587.0   403.8606300951621
588.0   405.9712140120787
589.0   420.4813166724016
590.0   413.9604260109927
591.0   405.29870104520296
592.0   406.0032171011504
593.0   401.83091726260756
594.0   393.23147654406125
595.0   383.12851590362226
596.0   373.88266085948345
597.0   369.582647634605
598.0   367.83796828011145
599.0   358.31363705459495
600.0   345.6300826907975
601.0   344.73846110323717
602.0   331.4284130849931
603.0   343.1486580557157
604.0   332.4662583461789
605.0   323.4486401869209
606.0   333.439565316809
607.0   333.1254582161597
608.0   331.9795961981283
609.0   309.48292311872433
610.0   316.6518570796991
611.0   320.04753938999187
612.0   327.0271160392036
613.0   318.0110727105195
614.0   310.38025927483943
615.0   313.91484542702415
616.0   321.68937651020724
617.0   334.98161447625563
618.0   323.7069660112929
619.0   337.15394482283597
620.0   336.1253759999162
621.0   346.58321981417726
622.0   351.0338949179117
623.0   359.22692844762184
624.0   359.5512037881822
625.0   367.8579291412407
626.0   383.9060416259308
627.0   399.5387006280638
628.0   407.12647194293316
629.0   421.18379278211904
630.0   423.4759912419032
631.0   429.6544389239955
632.0   445.1714334490677
633.0   456.48884076692354
634.0   461.48557348534024
635.0   465.714735120012
636.0   477.4360581509885
637.0   488.961648167248
638.0   479.8693732411033
639.0   496.2758079637625
640.0   498.82340135388995
641.0   495.3009854738625
642.0   494.67201197594954
643.0   497.24430160549093
644.0   488.79489723703455
645.0   494.8739678539015
646.0   500.4885516093065
647.0   486.5369554235064
648.0   484.6223525323886
649.0   477.934969770583
650.0   468.45883691293994
651.0   465.2204131098215
652.0   464.40846054304393
653.0   462.70759202760564
654.0   454.3958338027283
655.0   454.66577393761247
656.0   453.6178814750007
657.0   447.38315827998485
658.0   438.9614096825277
659.0   445.1043292586728
660.0   441.6632507120695
661.0   440.02150430946836
662.0   441.873930236802
663.0   440.8661446459354
664.0   449.26188507325065
665.0   465.06947821125283
666.0   457.3510378705117
667.0   458.935195115429
668.0   456.31460537032825
669.0   460.9624413879866
670.0   478.44243560898883
671.0   484.66786028282604
672.0   496.74602504333484
673.0   484.02419585016463
674.0   486.25916680922046
675.0   510.48114660320255
676.0   510.7335575834926
677.0   522.5024948500024
678.0   528.8086490723545
679.0   542.377179763031
680.0   553.497459889624
681.0   568.9247466386473
682.0   580.5918977842792
683.0   591.4869492428061
684.0   601.3020769953812
685.0   619.272918830728
686.0   629.4466501164346
687.0   638.319869564244
688.0   648.9664272746066
689.0   663.4100758190438
690.0   681.8800166012197
691.0   690.9064091718176
692.0   705.201582755458
693.0   723.5894639855239
694.0   718.6262668381041
695.0   739.0711824217844
696.0   739.5331613227905
697.0   723.9872241417794
698.0   756.4743859776453
699.0   761.8017156967533
700.0   751.4515884478236
701.0   744.6636298786409
702.0   756.9854442389709
703.0   747.410055134185
704.0   753.6661840196907
705.0   757.6067359558007
706.0   746.9493916041903
707.0   745.0369706090365
708.0   737.6480481768683
709.0   733.1553640686434
710.0   726.9742300168685
711.0   709.7019672676837
712.0   700.239929779566
713.0   694.3652147330793
714.0   688.0231091353284
715.0   680.3007949454405
716.0   673.633129786406
717.0   686.6029239337872
718.0   658.9534952170146
719.0   668.3544374763061
720.0   651.903392812623
721.0   642.4019112790866
722.0   647.8695231666184
723.0   646.2891933914227
724.0   649.0652051984262
725.0   629.7833649040878
726.0   627.0951764835752
727.0   625.7118091780445
728.0   619.0643877441373
729.0   631.8892356713172
730.0   593.9967615083406
731.0   604.9796758605763
732.0   621.5851887930049
733.0   615.0962429367917
734.0   620.1264542586747
735.0   615.9351334397645
736.0   596.4007730958642
737.0   589.7065323641
738.0   604.7078228185882
739.0   587.3071348147116
740.0   620.4366606896797
741.0   602.6597511606099
742.0   619.6071736928943
743.0   606.4578199882241
744.0   614.4230356483372
745.0   603.2596650881716
746.0   605.5503804764269
747.0   622.0077352730663
748.0   622.2934482785049
749.0   626.8300285444825
750.0   628.5863120541212
751.0   633.5129611008497
752.0   638.9525179970426
753.0   650.8875525361495
754.0   664.6280254033725
755.0   678.3462632789037
756.0   694.1010766272799
757.0   707.0629294187481
758.0   731.0545818761243
759.0   730.2677557145321
760.0   742.4726348027907
761.0   753.6732150690126
762.0   774.3040571198782
763.0   796.8030171285169
764.0   807.2277016983488
765.0   809.6099626941262
766.0   833.5612992952097
767.0   825.2369052049128
768.0   860.3985377914994
769.0   836.7890727855373
770.0   844.5550381242153
771.0   847.4696832164165
772.0   844.5484328116689
773.0   815.3316995382784
774.0   825.2645122168561
775.0   811.6830199426254
776.0   806.5399875858512
777.0   804.1858992138993
778.0   796.2016610321964
779.0   778.8328930668565
780.0   768.44605704297
781.0   751.6828697883249
782.0   730.4216735162081
783.0   715.5872910218637
784.0   707.0813876943332
785.0   690.1158178283255
786.0   676.9477162230828
787.0   660.2035914386747
788.0   643.5671180845416
789.0   635.5267206585274
790.0   614.5713449272577
791.0   587.9480070158475
792.0   580.6102106422948
793.0   570.1889012762432
794.0   545.0243469020089
795.0   538.135461958793
796.0   525.0686957229127
797.0   525.9727202058127
798.0   490.48968988247736
799.0   470.1426187233071
800.0   460.82949133052205
