500.0   224.2325167013307
501.0   229.32173257412805
502.0   229.17654701159327
503.0   215.19167754182462
504.0   222.27599503569394
505.0   211.42143122213983
506.0   213.13044054482026
507.0   202.47404583396215
508.0   194.95847444503673
509.0   187.69290934241064
510.0   183.8636511178776
511.0   177.16028301414812
512.0   175.5567488927823
513.0   176.61304076559506
514.0   161.83171877993334
515.0   167.87217313169327
516.0   171.00487029250567
517.0   168.36795025461396
518.0   166.29426403371835
519.0   175.50557426788563
520.0   162.12012544252036
521.0   163.38806122436725
522.0   176.24544888513617
523.0   170.9890166133494
524.0   170.90884206520363
525.0   181.6753671971873
526.0   181.25670164356694
527.0   192.3768374346967
528.0   193.53718892913562
529.0   204.94782420549313
530.0   210.1008816466966
531.0   222.1505538436165
532.0   227.47287012855378
533.0   227.22302871034503
534.0   240.91007694720477
535.0   246.06632777170304
536.0   256.70650590045875
537.0   266.1288866981411
538.0   278.01289267198325
539.0   281.4584303817472
540.0   287.8400997472193
541.0   285.1117845230932
542.0   285.4853285528318
543.0   292.7236725860296
544.0   287.7229308706464
545.0   279.82992543843454
546.0   270.93898513015847
547.0   264.45766874806037
548.0   257.1519472018433
549.0   249.7533911708648
550.0   245.16941337304561
551.0   233.5220656311592
552.0   242.73020595818144
553.0   226.66644995097397
554.0   223.07571158540128
555.0   218.17365195698648
556.0   215.74425522909925
557.0   211.14529863354315
558.0   210.6500968600469
559.0   203.19072006522973
560.0   201.78211398749542
561.0   202.64843640923823
562.0   194.7138842594818
563.0   197.11908024043302
564.0   208.68240285459441
565.0   204.04597383575862
566.0   216.8170440224102
567.0   212.04574175025476
568.0   210.29508191939996
569.0   229.22932698150964
570.0   226.63235485088993
571.0   234.62063048401637
572.0   230.12957371624432
573.0   237.61537289092743
574.0   248.5286410920926
575.0   258.1960921826335
576.0   260.361121438117
577.0   273.83400604999514
578.0   278.1127199800146
579.0   292.8894351107065
580.0   298.04990422207624
581.0   304.7944884604326
582.0   308.9748882419481
583.0   323.68328521814203
584.0   324.5580550609784
585.0   339.67669259181775
586.0   342.1206552214892
587.0   339.5469491221725
588.0   339.41604544274094
589.0   348.5357669801308
590.0   347.92856008328704
591.0   342.49740943128654
592.0   343.5710055974571
593.0   343.3643577232887
594.0   333.34337826719604
595.0   328.87353494335485
596.0   316.95253620463336
597.0   316.4670873522215
598.0   313.22163666776663
599.0   306.59036725084223
600.0   298.53427900476197
601.0   293.57958421012404
602.0   279.90113854828513
603.0   289.0315964843305
604.0   280.0966726956112
605.0   277.55949609034485
606.0   284.31538310740723
607.0   285.017793143909
608.0   288.0567590427926
609.0   266.38603554125234
610.0   273.4283344062775
611.0   275.44675157803846
612.0   283.8787145165749
613.0   274.98751466919435
614.0   267.9448044501684
615.0   273.82450352295587
616.0   271.81445447356714
617.0   288.96303014455304
618.0   276.66869576161275
619.0   286.7877847240163
620.0   290.9005111458873
621.0   297.17274800054577
622.0   303.42936558209067
623.0   305.08086599908836
624.0   305.4823544777887
625.0   318.4022384930306
626.0   332.06900166088144
627.0   342.7288178348682
628.0   354.53467033537896
629.0   365.30385775348265
630.0   367.85959452174984
631.0   376.3518906090176
632.0   386.6021390746751
633.0   397.45679038354535
634.0   403.648652945895
635.0   403.6369607792022
636.0   417.00853975185953
637.0   431.6607012996757
638.0   422.7674269398792
639.0   438.8599337143584
640.0   438.24780021757397
641.0   438.0955816089813
642.0   441.73063961005016
643.0   444.6181723689706
644.0   439.5182482977749
645.0   442.45565690683134
646.0   447.5293773745611
647.0   435.9167725951092
648.0   436.51536261083027
649.0   427.5491951534113
650.0   420.62043839717495
651.0   423.6646733729616
652.0   421.54959585868005
653.0   419.7004686544602
654.0   408.29736154277924
655.0   406.01845197997534
656.0   405.6912036661047
657.0   406.45174165932576
658.0   396.16722402134303
659.0   403.66501322685474
660.0   404.5334968520432
661.0   403.83379568665055
662.0   405.78196981945376
663.0   402.51247847469006
664.0   404.5992687790268
665.0   419.0366896002195
666.0   414.1737546102965
667.0   415.43437650462056
668.0   409.94029360059363
669.0   417.272960958937
670.0   433.6309052666636
671.0   445.9409588069051
672.0   453.42058382396954
673.0   439.85040159589363
674.0   447.05480909097923
675.0   466.8053464253186
676.0   463.4228538652153
677.0   478.39130627908247
678.0   483.04453592910943
679.0   496.45159857888245
680.0   508.82885255372946
681.0   519.0608752089053
682.0   526.8559233338375
683.0   538.7480727890638
684.0   552.2053382145903
685.0   567.7815931369574
686.0   579.8707922311371
687.0   585.9934290240584
688.0   600.9836813025278
689.0   609.4232731664727
690.0   628.0713376629674
691.0   631.059043527727
692.0   650.2694730047892
693.0   667.5060211999138
694.0   663.749575397667
695.0   684.0919230869565
696.0   681.4090704287707
697.0   670.9268400090574
698.0   698.8486721388242
699.0   705.7457157533761
700.0   700.2850698644872
701.0   695.2479481635514
702.0   708.4049266506523
703.0   696.7034453855205
704.0   705.5795751542959
705.0   704.9086147097823
706.0   694.7137276350965
707.0   692.1760813630541
708.0   690.4290467345207
709.0   687.9810437656283
710.0   678.7209837315116
711.0   668.0784898936442
712.0   660.3298897258087
713.0   657.0565403159962
714.0   654.3490675846513
715.0   634.3842076591052
716.0   635.3477791852845
717.0   642.5267838830327
718.0   622.9793374280322
719.0   626.209492726937
720.0   614.6287439844134
721.0   609.8031231580019
722.0   612.5139630215936
723.0   604.006906934792
724.0   616.6036197074109
725.0   589.5020080211128
726.0   589.2574048862916
727.0   585.3914298913958
728.0   583.6684265348499
729.0   595.1083964118714
730.0   568.9985514123651
731.0   575.5687704754515
732.0   590.1977625980803
733.0   586.0702619261162
734.0   589.5596158454159
735.0   582.645070041317
736.0   559.396390580768
737.0   562.3631042252364
738.0   571.1329868765537
739.0   555.6334940004632
740.0   590.2850069205242
741.0   570.1966976859258
742.0   580.4770600451939
743.0   575.1286690646118
744.0   577.373456914928
745.0   565.080870246181
746.0   570.2395329853709
747.0   582.7728667882819
748.0   579.9892271897419
749.0   588.7160919454263
750.0   597.1354843759348
751.0   606.5348464607614
752.0   617.0617731489765
753.0   627.6389915593131
754.0   651.3777319741159
755.0   659.3549996060697
756.0   692.5425158196458
757.0   697.380562448986
758.0   728.7597477002688
759.0   731.5278315992693
760.0   754.9385432438153
761.0   767.6117934064887
762.0   790.3614380696106
763.0   807.0353078392624
764.0   824.9792838142977
765.0   836.335448979226
766.0   851.8888646224995
767.0   844.3874762842174
768.0   881.8684584895761
769.0   861.8594000887875
770.0   872.1737116355716
771.0   887.2212528216338
772.0   880.1813864587622
773.0   857.1403013235121
774.0   872.9032374830625
775.0   850.603575028656
776.0   848.4619492842695
777.0   855.115237194053
778.0   845.2421849669513
779.0   827.5248799159268
780.0   825.1244292715784
781.0   805.6660233000711
782.0   786.7978109264639
783.0   777.7273140391941
784.0   764.6913072059247
785.0   748.7471039326629
786.0   741.1589340279947
787.0   728.0119904062038
788.0   706.1304182480989
789.0   694.359831786815
790.0   678.8769125061227
791.0   659.2259479968282
792.0   644.6848106395686
793.0   636.9376800355852
794.0   612.6137768844736
795.0   605.0771982298429
796.0   592.8983182519751
797.0   597.7477946568193
798.0   564.1283113003618
799.0   543.4459103779972
800.0   529.4084908452952
