500.0   246.32874510644595
501.0   252.17536162614962
502.0   250.0483955162202
503.0   240.342224429821
504.0   248.17264893612696
505.0   236.3437171481505
506.0   239.36483938728287
507.0   225.915577739768
508.0   218.2921948997322
509.0   209.64884752642956
510.0   202.2883421786337
511.0   200.30248733714288
512.0   196.68949992271428
513.0   194.56469503310788
514.0   178.97068077547453
515.0   181.24751725005342
516.0   192.1918018043265
517.0   186.13136741466496
518.0   185.7402602489465
519.0   193.63573481378407
520.0   178.41372083436022
521.0   182.9882073755626
522.0   194.08294025411192
523.0   187.8068488453921
524.0   186.9320337601297
525.0   202.5097394209493
526.0   200.87584617927325
527.0   212.67032368910725
528.0   214.11655143045218
529.0   222.31095876323127
530.0   233.10078651062761
531.0   245.02303678623142
532.0   250.30868244042642
533.0   254.26157944531423
534.0   267.63388458377244
535.0   272.7168987049416
536.0   283.6740372399287
537.0   294.6359576701032
538.0   301.2707094455467
539.0   314.2084078036459
540.0   315.01941681169694
541.0   313.48595106152493
542.0   312.0025237730653
543.0   319.4674727877575
544.0   312.548211890972
545.0   305.8189178515102
546.0   300.69665836311236
547.0   289.77373296979073
548.0   281.91218332109594
549.0   274.17098242085916
550.0   264.878078926978
551.0   257.03668005176036
552.0   266.2954749786266
553.0   248.3862109650073
554.0   245.1571627150007
555.0   237.79140908977848
556.0   235.3817791198659
557.0   232.16516686360498
558.0   235.1289214861474
559.0   224.69060831617932
560.0   223.06123670388124
561.0   221.54653912450289
562.0   212.77011677828386
563.0   214.23898420019108
564.0   230.99711361172464
565.0   226.21848083697245
566.0   238.22045920574385
567.0   231.1861701588603
568.0   230.5938989077542
569.0   249.2373818787633
570.0   251.80478581166264
571.0   254.42784060933758
572.0   253.67969263443095
573.0   262.17490588593284
574.0   272.4687496903575
575.0   283.28871741264106
576.0   284.78863224442654
577.0   300.96968618056707
578.0   308.0208746913659
579.0   318.21434854476
580.0   325.80886244860193
581.0   336.2590456385896
582.0   346.9180954286394
583.0   354.2518412876966
584.0   355.5101997931539
585.0   368.5134170268957
586.0   376.290966264591
587.0   369.2593552628177
588.0   371.5360624982212
589.0   385.6836418917602
590.0   382.8034843911846
591.0   376.3369275586789
592.0   376.9438431534485
593.0   376.0669175542991
594.0   363.42121501628117
595.0   355.2815143833173
596.0   349.6959136141127
597.0   348.54860756184075
598.0   342.33622576128414
599.0   338.3867792248124
600.0   327.76438626628317
601.0   326.0651009199718
602.0   315.4720245047352
603.0   323.66317607780445
604.0   307.63160033099194
605.0   302.889507786315
606.0   313.43696176565123
607.0   314.1108342322674
608.0   315.4348974934263
609.0   292.555206030602
610.0   299.6359025234105
611.0   301.91350665983066
612.0   309.9561735360347
613.0   301.08322318325366
614.0   290.9997891904769
615.0   296.84206260596693
616.0   301.7054171230801
617.0   318.2939684344456
618.0   305.34517862256496
619.0   313.2729340551861
620.0   318.9434201248148
621.0   325.66989579014694
622.0   327.8951913641475
623.0   334.00307919696013
624.0   336.91775920608006
625.0   347.6084209653851
626.0   370.0375268080486
627.0   378.28108425125845
628.0   384.2983603187569
629.0   398.2471892485
630.0   402.5704058008357
631.0   413.28660433565506
632.0   420.1282860757951
633.0   433.42457646036473
634.0   439.94073546133296
635.0   440.21315150329787
636.0   455.61412699699474
637.0   469.8366147984751
638.0   461.8712040232865
639.0   477.4815816309105
640.0   474.887613030043
641.0   477.58219636628473
642.0   476.92829333258715
643.0   481.0719005314428
644.0   481.15217046912744
645.0   482.6815304891446
646.0   483.4395051045677
647.0   478.1561426439684
648.0   473.46066985467405
649.0   460.61446312226445
650.0   458.64849327026246
651.0   461.0907902320955
652.0   455.5110827296844
653.0   455.4379260286298
654.0   443.1077219977373
655.0   441.2139409946318
656.0   442.00547354831895
657.0   437.2233483931843
658.0   434.1376442118956
659.0   435.0447567270861
660.0   436.84317087709746
661.0   436.0288729152768
662.0   439.4051297194582
663.0   430.6054528875728
664.0   438.55479398082406
665.0   456.95439382651494
666.0   445.04126538784107
667.0   447.4823694597112
668.0   445.2638515325643
669.0   453.3828391784832
670.0   469.690884632628
671.0   477.17308646377114
672.0   490.895363949615
673.0   482.31467960402205
674.0   483.05284845567974
675.0   505.5871413549081
676.0   505.78088657682906
677.0   515.8451434122669
678.0   525.2405011492597
679.0   540.356786533094
680.0   553.2472263896127
681.0   566.9887651876195
682.0   576.1472254348181
683.0   584.2669623996962
684.0   600.4987760834588
685.0   619.452713186055
686.0   629.228300522536
687.0   635.2343917012723
688.0   640.605848133566
689.0   655.1274202600371
690.0   681.8398425914912
691.0   687.4900139903659
692.0   706.4716977642768
693.0   729.9538412497587
694.0   720.2766108759121
695.0   738.9544524401383
696.0   741.1027174636571
697.0   723.8836722148768
698.0   760.6171262899755
699.0   772.206077750549
700.0   762.753542633521
701.0   754.8935698056334
702.0   767.6655542977832
703.0   751.0980987521176
704.0   763.0144270553102
705.0   764.5004689720888
706.0   758.097336654351
707.0   755.864054031466
708.0   751.0421151880281
709.0   746.4294069205085
710.0   736.3735526999442
711.0   727.2168959229696
712.0   718.3141243998912
713.0   715.8191754809952
714.0   709.5447244182674
715.0   694.4190552290455
716.0   679.4961179456477
717.0   694.6999025147527
718.0   673.3380976992499
719.0   679.2112154484507
720.0   667.4854790204356
721.0   660.0072932750204
722.0   664.4079585386559
723.0   656.2510818010823
724.0   666.7521685189095
725.0   643.2803776368354
726.0   639.306663692925
727.0   640.89560600248
728.0   633.5758516190132
729.0   648.4136070211619
730.0   612.8163202035719
731.0   625.2178479094953
732.0   641.8493363680635
733.0   638.2719962694017
734.0   636.5634607141466
735.0   629.151186793847
736.0   603.9856313470376
737.0   612.2212293772163
738.0   625.4646944867163
739.0   607.0642533184299
740.0   641.6508802854928
741.0   624.8064453563034
742.0   640.9074998221784
743.0   628.2885182349956
744.0   631.0162028781707
745.0   616.5576361778334
746.0   619.8168762943767
747.0   640.0285232075523
748.0   639.3678004165931
749.0   645.3791538338066
750.0   648.3634332149984
751.0   657.2338469841558
752.0   662.1825295607177
753.0   680.6780285828111
754.0   701.4164984035226
755.0   717.2157618072267
756.0   742.9524679117055
757.0   753.904678277793
758.0   780.9166448229679
759.0   787.4528377929967
760.0   807.9984765058932
761.0   820.2179429322105
762.0   840.6730776824903
763.0   872.9036293264247
764.0   881.8664775361127
765.0   896.9505285158422
766.0   915.7197399847706
767.0   906.8155601785522
768.0   948.8786365294695
769.0   917.9561066077882
770.0   937.0321938552343
771.0   937.355690649422
772.0   948.5756774248513
773.0   909.7875187733761
774.0   930.5808531340773
775.0   907.8444019597857
776.0   913.408987598416
777.0   903.622791490553
778.0   901.5331288621348
779.0   891.871281478179
780.0   877.124929187747
781.0   861.9217278741604
782.0   836.3241884990523
783.0   836.616464584715
784.0   814.9118660799838
785.0   803.4318774853527
786.0   793.5144444635314
787.0   773.7826734785621
788.0   750.9372326037129
789.0   743.0934447533016
790.0   723.3728376200709
791.0   700.0614876222803
792.0   687.4481789706981
793.0   677.768582634977
794.0   651.725934610757
795.0   644.6798398332157
796.0   632.862313557463
797.0   636.5224434128579
798.0   597.9902516991308
799.0   577.654010659101
800.0   565.011424401272
