500.0   255.35786541930028
501.0   258.9971011460556
502.0   259.36775992632255
503.0   247.1792856194091
504.0   251.77793157905876
505.0   239.73918930123432
506.0   241.772944280381
507.0   231.4052931260017
508.0   219.6270109816528
509.0   211.57834647486607
510.0   205.07123177279323
511.0   201.21988114081609
512.0   197.74890686288728
513.0   195.7068153700102
514.0   178.00725117556277
515.0   182.3913658554755
516.0   188.3398181732976
517.0   184.98078003128234
518.0   183.46192192733355
519.0   191.5281263328461
520.0   174.09815780041197
521.0   178.43246775244126
522.0   188.5385051062023
523.0   181.76231360111777
524.0   182.30877507516215
525.0   194.27507152840036
526.0   193.42150046425314
527.0   204.18320840323852
528.0   207.85466987687417
529.0   216.82674608521285
530.0   223.6722648677852
531.0   233.68874633982688
532.0   239.22453140152268
533.0   244.07615977542548
534.0   256.0749166812129
535.0   258.86101270320677
536.0   269.36859434827215
537.0   279.65618523529406
538.0   287.7806567092915
539.0   297.6672859260568
540.0   299.58328288510995
541.0   296.1042615667284
542.0   295.6524273186644
543.0   301.0721787221071
544.0   291.7497830702399
545.0   284.96325741143744
546.0   279.5981261131391
547.0   270.65682960256106
548.0   263.3824635976347
549.0   255.00467774606034
550.0   244.79703056706222
551.0   238.31384271190564
552.0   245.7737883799248
553.0   231.02494851836872
554.0   226.36464030777043
555.0   220.18384597565506
556.0   215.196210921696
557.0   212.51828017832403
558.0   214.2647578957202
559.0   204.241480354043
560.0   203.52851184102488
561.0   202.65908492323024
562.0   194.26765686011527
563.0   196.26451004776732
564.0   207.59452636639918
565.0   205.38429082751384
566.0   215.99373056602244
567.0   214.43698031456643
568.0   211.06303666677704
569.0   228.45404945482434
570.0   228.9476745867313
571.0   232.02606518058406
572.0   228.46118658694942
573.0   238.2595909052981
574.0   248.91608425953297
575.0   257.909574049709
576.0   259.79758370646095
577.0   272.1341197414022
578.0   276.32979422477194
579.0   287.86563432253234
580.0   293.0691622682938
581.0   305.2344366753448
582.0   309.10125140435923
583.0   319.23118269417296
584.0   322.04713423870953
585.0   332.2987339560599
586.0   337.21070568268703
587.0   330.9301849748882
588.0   333.7435435853527
589.0   342.2183509722405
590.0   339.66014242239316
591.0   333.8692255345754
592.0   333.48549742569855
593.0   333.1153118261883
594.0   323.4550143883682
595.0   317.35362557894643
596.0   309.2184020408164
597.0   309.1344392175937
598.0   304.0562534440695
599.0   297.1676565550323
600.0   288.46739323250733
601.0   285.1256350449855
602.0   274.2806827080642
603.0   283.71040950666213
604.0   273.64848722612544
605.0   268.2558286515794
606.0   275.6176394063089
607.0   273.46208870030694
608.0   276.6823015870565
609.0   257.99303223718755
610.0   265.2170849867989
611.0   265.09737803762255
612.0   273.91385145226945
613.0   267.5602807329077
614.0   259.07711533985184
615.0   265.07740683900784
616.0   268.16337340373366
617.0   284.0315341632695
618.0   272.23014097369344
619.0   284.5176089788459
620.0   284.10493834642193
621.0   288.3826276045339
622.0   293.8705350654981
623.0   295.87905088217605
624.0   295.704564070463
625.0   302.6264351395433
626.0   318.2758308548688
627.0   325.3491980649221
628.0   329.7428928260878
629.0   341.61059103517994
630.0   340.957254328538
631.0   347.8506208589367
632.0   356.43576868246913
633.0   364.8389906898481
634.0   367.99699425936774
635.0   369.03443186556933
636.0   379.97946287013076
637.0   390.43397783563734
638.0   382.7396889522169
639.0   396.83998539184984
640.0   393.23485946976683
641.0   390.6362494041072
642.0   393.2061501019089
643.0   397.32077479831395
644.0   390.79248886861103
645.0   392.74009782065644
646.0   396.3434939656741
647.0   386.00003773429205
648.0   384.4036183504146
649.0   375.70597375981976
650.0   372.62771413100575
651.0   369.6827218083037
652.0   367.68260683479224
653.0   366.2459806642203
654.0   355.4159775267432
655.0   355.7929395445674
656.0   356.3934069873683
657.0   352.7117460945147
658.0   346.60505384929564
659.0   350.652277719193
660.0   349.9819001888862
661.0   349.4942337816412
662.0   350.63957207820545
663.0   348.52845368190566
664.0   352.15930252825336
665.0   365.8414590405238
666.0   357.15033021082854
667.0   358.18020887910683
668.0   357.5180234113947
669.0   363.5162108234278
670.0   376.8005149805743
671.0   383.368841184443
672.0   389.8349946643217
673.0   380.7425086880298
674.0   384.7431901458271
675.0   400.9729476288901
676.0   402.3928081968068
677.0   410.5531509375312
678.0   414.5738484574244
679.0   423.24925433482343
680.0   439.9213601052418
681.0   446.83240426124587
682.0   455.05370087515297
683.0   462.4390583401938
684.0   473.2225926926014
685.0   489.81721052206865
686.0   496.39100027040496
687.0   500.5301551814762
688.0   512.0188626376571
689.0   520.0603592170313
690.0   536.0714734628496
691.0   541.1735558599813
692.0   555.454231211994
693.0   569.598089418197
694.0   566.3755265328466
695.0   579.9909425457404
696.0   580.6759651230656
697.0   570.2648638205316
698.0   595.3997013112863
699.0   596.3900540026904
700.0   593.1849963161136
701.0   588.1978953852866
702.0   596.4135052752063
703.0   587.8328291810892
704.0   593.3711415629346
705.0   595.0055016835006
706.0   588.6975536908515
707.0   582.9221917067293
708.0   583.5235893674834
709.0   578.2391238428277
710.0   572.2024579113529
711.0   561.4060097695386
712.0   550.9123666529567
713.0   547.7928840919832
714.0   546.3417034576676
715.0   535.736121935642
716.0   530.0267441687413
717.0   537.2081243148766
718.0   518.9389229864237
719.0   524.7496778017212
720.0   512.7262935062054
721.0   506.2162414090337
722.0   512.063228737062
723.0   505.78608987958626
724.0   516.5621378737131
725.0   494.14966760877076
726.0   494.37815153499514
727.0   490.31623487511706
728.0   488.9823464293105
729.0   497.4231298263435
730.0   471.91548872436454
731.0   479.3683397777576
732.0   491.8876440237185
733.0   490.0777910956732
734.0   489.575604548255
735.0   485.2221230960148
736.0   468.30590963768833
737.0   468.39172011018655
738.0   478.9277511861813
739.0   465.1702282390523
740.0   494.01407794175907
741.0   480.82995001651994
742.0   490.86972297823837
743.0   483.4410835878196
744.0   492.09827366841586
745.0   487.39166816670473
746.0   490.83631851995307
747.0   507.522972313801
748.0   510.3212608192543
749.0   515.0410219144821
750.0   515.2581863557568
751.0   518.4183523104587
752.0   520.5523822747217
753.0   524.7745420966961
754.0   534.8642989536398
755.0   531.2220831703657
756.0   544.5578182499337
757.0   545.9024717323148
758.0   558.6757960288888
759.0   551.8547026717691
760.0   556.8224988044941
761.0   558.0481232433934
762.0   567.5381662949322
763.0   575.2990445126261
764.0   578.1549691944072
765.0   575.98363879175
766.0   592.2266513894365
767.0   578.8932974540669
768.0   600.3112783193158
769.0   580.1350428888538
770.0   582.9032202153103
771.0   583.8014398754392
772.0   583.9072349482974
773.0   561.3243234787458
774.0   567.3422557290331
775.0   553.4133845036231
776.0   553.6095730558293
777.0   552.4542629480334
778.0   543.695791599572
779.0   535.0733564419023
780.0   524.0774736882083
781.0   513.6998990221919
782.0   494.89217356125994
783.0   494.9399517163499
784.0   483.6168445577292
785.0   473.08308439981056
786.0   467.1321755539535
787.0   455.8992460291662
788.0   440.14852841430445
789.0   433.74054289865114
790.0   420.29515348496227
791.0   401.96753494989935
792.0   396.5015537018544
793.0   390.84889230734245
794.0   375.1234710912456
795.0   366.9090401488246
796.0   359.6041341041805
797.0   356.67903667175926
798.0   336.7049561602412
799.0   325.40164853884596
800.0   314.4806537896924
