500.0   559.6166240902226
501.0   563.8569781573458
502.0   559.4743372484758
503.0   551.1448764533123
504.0   553.6800119555052
505.0   533.3995947090341
506.0   529.2969988038706
507.0   516.8054906606219
508.0   498.5100884927698
509.0   487.4906589605192
510.0   472.0341689791071
511.0   466.5127456878068
512.0   464.8693593763438
513.0   457.3407071820519
514.0   430.43088064891515
515.0   431.7487425887975
516.0   444.20253521442135
517.0   448.7951866713081
518.0   434.58267985332293
519.0   449.8530502222342
520.0   425.0627794394613
521.0   441.41327293478963
522.0   457.1485397848522
523.0   450.18834013330684
524.0   451.97035962853465
525.0   472.7044642133282
526.0   482.99782616219414
527.0   510.0681151083919
528.0   523.9928244777026
529.0   535.7967291735843
530.0   566.9718715449173
531.0   584.6771213164144
532.0   601.5991603655548
533.0   623.269162935454
534.0   643.0881530965114
535.0   669.2904308499476
536.0   699.3606229513819
537.0   715.6808941917138
538.0   738.4375459413308
539.0   761.9224885531746
540.0   766.0162483317271
541.0   760.7664189580606
542.0   763.0730310033473
543.0   775.5221945599759
544.0   761.8927037968022
545.0   751.4889918348887
546.0   729.7694682749548
547.0   715.291871654844
548.0   690.2702794125779
549.0   671.1722204568873
550.0   654.2444519346262
551.0   633.7022133210005
552.0   636.4529814294515
553.0   601.4031930800072
554.0   597.8320664074743
555.0   581.3660420297031
556.0   574.1916394031405
557.0   558.5418427755726
558.0   562.355897913181
559.0   538.3852565943548
560.0   548.2911089463536
561.0   546.6235803909999
562.0   524.5960809348148
563.0   530.2784032386044
564.0   553.0071709449265
565.0   539.7995591796928
566.0   580.6314673273854
567.0   571.5367795745117
568.0   565.8901297453488
569.0   597.6979732771658
570.0   616.9009899098892
571.0   622.9545286626799
572.0   614.7821481061615
573.0   634.9845838977051
574.0   650.9702802181191
575.0   684.9466977674061
576.0   694.292343776583
577.0   716.2513055166098
578.0   735.9170176911986
579.0   757.9853937686494
580.0   780.0173200616366
581.0   804.910024444411
582.0   821.3615535146527
583.0   845.7501488269156
584.0   853.724688851655
585.0   881.1577325579765
586.0   902.2783846124863
587.0   895.928564275606
588.0   907.2017227605857
589.0   924.0724208289779
590.0   907.6808686206041
591.0   918.4631132413743
592.0   891.5401479974435
593.0   892.2876924657293
594.0   883.3923395923351
595.0   862.8078119238971
596.0   851.3936496708575
597.0   826.3495061525341
598.0   825.135512781022
599.0   805.8261504118489
600.0   780.2329201924633
601.0   774.7011568774706
602.0   745.8175218413453
603.0   766.3462636970314
604.0   736.5725706175158
605.0   736.064927389938
606.0   744.7545733661206
607.0   744.9287758392761
608.0   738.4537081280267
609.0   694.2934093337371
610.0   711.9151361917118
611.0   706.8793252283265
612.0   731.8180947777928
613.0   697.5548902924136
614.0   672.771783149294
615.0   681.6664858198214
616.0   695.6840611880228
617.0   710.3337884190852
618.0   687.1045262504932
619.0   702.4647794941762
620.0   703.8424863574286
621.0   742.858345304955
622.0   735.4817000074789
623.0   766.9412579486026
624.0   787.5251162083961
625.0   806.2169737736588
626.0   846.5440804180756
627.0   875.8578772785795
628.0   898.6231617928458
629.0   929.7255221737624
630.0   952.4918190948335
631.0   983.7806579895932
632.0   1011.739430143013
633.0   1038.1718753806815
634.0   1055.507780569409
635.0   1081.873751859486
636.0   1110.8119974844205
637.0   1127.806655034295
638.0   1122.640471654727
639.0   1161.1444289681133
640.0   1172.5564478168665
641.0   1181.5146977550576
642.0   1181.613346830624
643.0   1173.5789241711311
644.0   1176.0479217440359
645.0   1170.5359728157455
646.0   1185.2019631389817
647.0   1172.0298720644312
648.0   1156.324757219359
649.0   1141.3935585152487
650.0   1137.1348945716954
651.0   1125.6556490462945
652.0   1115.1312174934992
653.0   1101.228498319348
654.0   1096.4415784150758
655.0   1082.725639068972
656.0   1079.7651811008907
657.0   1080.4400368748102
658.0   1059.9589038262725
659.0   1066.990423677108
660.0   1064.8699893813296
661.0   1056.1117860634768
662.0   1056.0959085030581
663.0   1058.319522860972
664.0   1075.0152881811266
665.0   1104.9394184866649
666.0   1076.7421224262125
667.0   1078.054725343533
668.0   1073.3986494338462
669.0   1087.2796684049715
670.0   1131.3597571063465
671.0   1150.0414768682376
672.0   1164.6238567885603
673.0   1153.861776879585
674.0   1159.4412018126868
675.0   1201.4613143009587
676.0   1194.7414794511285
677.0   1229.6873430062096
678.0   1249.5682849386703
679.0   1279.7866725833549
680.0   1309.5333134791215
681.0   1337.7432551551137
682.0   1359.6499988699134
683.0   1392.7491451682006
684.0   1417.6605576284085
685.0   1450.8670300896931
686.0   1477.9506804178268
687.0   1507.913403547393
688.0   1521.8544516833638
689.0   1565.2829081883278
690.0   1592.3356161072443
691.0   1613.0301368576752
692.0   1666.4049467352233
693.0   1695.876770598202
694.0   1697.946831315525
695.0   1734.2954785349968
696.0   1726.8039311445905
697.0   1710.2163773501657
698.0   1787.7833846861686
699.0   1793.385817764093
700.0   1780.9254499863312
701.0   1744.494851018336
702.0   1792.0205412483035
703.0   1763.5139075663944
704.0   1782.2534205584466
705.0   1785.8172633854617
706.0   1775.3792144511556
707.0   1778.6213432309048
708.0   1745.8349079848444
709.0   1735.5887805202917
710.0   1714.8688633279933
711.0   1692.808339923823
712.0   1673.2029577173132
713.0   1657.383501053353
714.0   1640.864413738241
715.0   1618.5475402246898
716.0   1607.235870555696
717.0   1616.1238397777654
718.0   1565.4256247609742
719.0   1586.1065559034573
720.0   1540.5764407952422
721.0   1532.7313815452278
722.0   1536.2587106053688
723.0   1520.4529996307028
724.0   1525.0342522888454
725.0   1480.288770767508
726.0   1475.3220256643808
727.0   1480.1090025723815
728.0   1458.3508772628184
729.0   1472.4149285120839
730.0   1392.0943086605062
731.0   1424.999477264896
732.0   1463.002374008544
733.0   1453.5260531222461
734.0   1446.463479650927
735.0   1428.2795526942148
736.0   1368.1040406334769
737.0   1372.9605960456893
738.0   1396.620956973086
739.0   1364.209331966824
740.0   1430.709916930351
741.0   1391.352170040734
742.0   1411.0623283836933
743.0   1369.2421289075073
744.0   1357.1566966465036
745.0   1315.917902099326
746.0   1313.519642715632
747.0   1337.1155512182581
748.0   1348.0672933976375
749.0   1375.3828762548465
750.0   1416.1311743478675
751.0   1448.0437217702438
752.0   1501.0623813324364
753.0   1563.3350150185659
754.0   1630.52755591662
755.0   1698.7267667671047
756.0   1770.5904234515901
757.0   1833.9064776554621
758.0   1926.0787019474722
759.0   1959.5789091057218
760.0   2027.8686648456667
761.0   2101.5357133122093
762.0   2165.1977069986187
763.0   2238.766290066656
764.0   2273.7214219991292
765.0   2323.8837440667444
766.0   2369.174567373664
767.0   2371.6345936800053
768.0   2464.6967833234175
769.0   2424.5625925742784
770.0   2468.7689868568527
771.0   2467.177240846725
772.0   2469.4786226111214
773.0   2408.5698924639764
774.0   2447.049818779957
775.0   2392.4694787818426
776.0   2395.0457596601477
777.0   2410.186976692285
778.0   2398.9083971622795
779.0   2325.8361664267427
780.0   2323.019673079735
781.0   2278.308981888898
782.0   2232.958184990235
783.0   2191.125624390339
784.0   2152.176403047174
785.0   2104.8531871458326
786.0   2072.3494345696176
787.0   2022.6724837274874
788.0   1988.8906537508537
789.0   1956.2679748428445
790.0   1913.1993148421923
791.0   1856.9278165362896
792.0   1829.3102539341749
793.0   1775.9273887094282
794.0   1728.472321376812
795.0   1690.638502327788
796.0   1662.781236892756
797.0   1670.0051127171275
798.0   1583.134168569422
799.0   1511.6498072903287
800.0   1493.0131489318337
