500.0   527.5864373681657
501.0   528.1401580139766
502.0   527.014531990506
503.0   516.3024317879499
504.0   519.6717629646313
505.0   500.30143677772185
506.0   496.8421813812571
507.0   486.46359531503646
508.0   469.06411217252275
509.0   455.1242197444561
510.0   441.54427303447426
511.0   434.41616780418866
512.0   434.6592224981006
513.0   422.95734129646655
514.0   406.3887847783185
515.0   408.0868543053844
516.0   416.84510835017113
517.0   420.2891423379855
518.0   408.14851932583076
519.0   419.627038934417
520.0   399.04394104258444
521.0   411.8743526229957
522.0   428.17419138574354
523.0   422.10759487315795
524.0   423.0174628300439
525.0   445.4039979951611
526.0   453.5269571028172
527.0   474.70023034787823
528.0   491.1170944799877
529.0   502.72988532593314
530.0   529.0430986127417
531.0   550.9310364606872
532.0   562.0027524239051
533.0   582.4186902232241
534.0   602.4415375813539
535.0   625.3700720532474
536.0   654.0768748841797
537.0   673.3314575961456
538.0   692.4212312719577
539.0   712.063346868857
540.0   715.7274036476222
541.0   710.74529298525
542.0   717.0638680509148
543.0   724.1981904454369
544.0   714.3736807019379
545.0   704.6357138069566
546.0   685.4296982806795
547.0   663.7718784307732
548.0   647.8456717826663
549.0   628.49781694024
550.0   615.2915365543191
551.0   589.0826720003638
552.0   599.8553572154968
553.0   564.8637652292473
554.0   558.1483936530942
555.0   544.2398406030827
556.0   539.4577344491559
557.0   521.684060416879
558.0   530.2648259330911
559.0   505.186879877011
560.0   513.4183581499645
561.0   513.7871516814803
562.0   487.86406350853053
563.0   493.99039067373155
564.0   518.6006933808103
565.0   507.1370649865084
566.0   542.0659099937084
567.0   533.4684810727272
568.0   530.8428499661522
569.0   562.7001020828253
570.0   581.4325513355823
571.0   588.1812761858093
572.0   577.5830951511846
573.0   598.2288006880179
574.0   612.5277697458328
575.0   643.3781287115934
576.0   650.8010387074298
577.0   674.1339213072022
578.0   693.6818350034839
579.0   711.168041189849
580.0   736.6503438453033
581.0   754.5285719998233
582.0   778.382979484032
583.0   796.7311432749375
584.0   806.9515275701656
585.0   831.9954296887042
586.0   850.535418609379
587.0   844.0047547798383
588.0   854.5065942297401
589.0   868.0084542956373
590.0   854.5616556437426
591.0   865.5070134548906
592.0   844.0082036067654
593.0   845.9649897734145
594.0   832.9861586355217
595.0   818.2516930689114
596.0   803.0976055748527
597.0   781.552098633938
598.0   775.2600511808726
599.0   758.6569392536601
600.0   737.565887763636
601.0   730.2284431997366
602.0   700.9114811771315
603.0   720.1908404286455
604.0   695.4348486796159
605.0   694.1603468909573
606.0   704.8028211588783
607.0   698.480824187086
608.0   697.1312960680712
609.0   655.7071007714525
610.0   672.9149997138887
611.0   665.7734802231355
612.0   689.5546185872308
613.0   661.4646812323276
614.0   635.7720126985284
615.0   639.2117706579335
616.0   661.7862340025894
617.0   671.7801747180055
618.0   654.2235050949996
619.0   667.6478326513752
620.0   668.0494066234618
621.0   706.9387321388527
622.0   694.05059685726
623.0   732.412891207259
624.0   744.7123891349538
625.0   767.7257223101036
626.0   810.7935340200908
627.0   832.0223542510128
628.0   856.0203093503765
629.0   889.968859323608
630.0   910.5618465631555
631.0   934.2231505582474
632.0   958.6401576032082
633.0   982.3660094327188
634.0   1006.8219606472064
635.0   1031.600699716536
636.0   1057.3619285670554
637.0   1075.7877174919593
638.0   1064.688108369319
639.0   1105.0675138463755
640.0   1113.8850897126708
641.0   1118.302520158925
642.0   1123.610850044596
643.0   1117.5184485317332
644.0   1113.196310270668
645.0   1110.3559786734868
646.0   1126.7320262432345
647.0   1109.5781301834522
648.0   1099.0826483909923
649.0   1084.6341559074233
650.0   1083.4344337749474
651.0   1072.118527014208
652.0   1062.8564418018266
653.0   1051.0502540743587
654.0   1045.1051114044276
655.0   1031.5058544668184
656.0   1030.8111758356415
657.0   1028.8354970349915
658.0   1006.5974140545294
659.0   1016.2915214020559
660.0   1020.7655259753044
661.0   1011.0573872031557
662.0   1013.9104629944477
663.0   1011.87055522748
664.0   1024.9020361897778
665.0   1054.435550979097
666.0   1028.4082009888896
667.0   1033.6355008638952
668.0   1024.8207121525495
669.0   1039.8125763166488
670.0   1087.132665228341
671.0   1100.6534407431657
672.0   1118.614004257198
673.0   1106.1039403545685
674.0   1108.2162791849566
675.0   1154.6144611593093
676.0   1148.8555647391731
677.0   1177.604222991606
678.0   1201.7738892316506
679.0   1228.6794270329815
680.0   1262.8189202620156
681.0   1283.4117630561855
682.0   1310.7284961189096
683.0   1336.5192806429498
684.0   1361.2711850794578
685.0   1398.4649558840117
686.0   1420.8780448658827
687.0   1447.908785959352
688.0   1465.6750503134351
689.0   1504.3931368903548
690.0   1538.7832028110852
691.0   1548.8515697328564
692.0   1606.2087571176312
693.0   1634.1985159695016
694.0   1631.2953914683337
695.0   1667.8415001263902
696.0   1662.5683544875828
697.0   1643.197955693757
698.0   1718.3393665044412
699.0   1731.0071733888583
700.0   1721.5322675977498
701.0   1680.445906277801
702.0   1724.731318787969
703.0   1698.437553260093
704.0   1720.62695996481
705.0   1722.913038991838
706.0   1706.044744815896
707.0   1709.1549020637126
708.0   1685.7853187444953
709.0   1678.797380263189
710.0   1652.1865428699662
711.0   1628.035250849759
712.0   1617.5603642743517
713.0   1596.448960547579
714.0   1581.2390519954108
715.0   1560.1262163431577
716.0   1555.7341860491672
717.0   1556.7247230079352
718.0   1512.5474386271856
719.0   1530.3301884074986
720.0   1491.5618270280959
721.0   1475.9314372077533
722.0   1482.9226753448345
723.0   1471.5116369470747
724.0   1473.9125341614933
725.0   1435.1554392624398
726.0   1430.613011997676
727.0   1427.7598744017737
728.0   1410.6372552984026
729.0   1423.840723813207
730.0   1351.119533615884
731.0   1374.452923460049
732.0   1416.0844071426645
733.0   1409.0739494735622
734.0   1398.9712806628845
735.0   1381.410160163318
736.0   1325.943349923537
737.0   1331.1105164801897
738.0   1352.2664856257313
739.0   1326.3409531852758
740.0   1390.2730111829806
741.0   1347.3637035905992
742.0   1371.2308715235113
743.0   1327.1472192655992
744.0   1322.0898579628263
745.0   1280.8199632038366
746.0   1273.2814300278026
747.0   1296.9693832537798
748.0   1305.570203233068
749.0   1331.1047951782186
750.0   1372.5149446048754
751.0   1407.1900962139493
752.0   1453.9990791826601
753.0   1512.9066242280949
754.0   1576.4563701001828
755.0   1653.3957772441267
756.0   1721.9260791492623
757.0   1778.0799359511534
758.0   1871.9437611193841
759.0   1897.5252889037747
760.0   1970.1336917732312
761.0   2040.2049812195842
762.0   2099.4936958934754
763.0   2178.270038592223
764.0   2216.1242639911698
765.0   2259.601186764264
766.0   2306.5209746657224
767.0   2305.226865041505
768.0   2404.031648079215
769.0   2365.018882420091
770.0   2407.0151340332654
771.0   2398.8257469332816
772.0   2403.975425074634
773.0   2346.5896213896845
774.0   2383.1520196675497
775.0   2337.705494067912
776.0   2333.8353028082506
777.0   2349.070628606331
778.0   2336.107396703203
779.0   2272.2050165433325
780.0   2267.0439053866558
781.0   2221.2625081691094
782.0   2183.115998702995
783.0   2137.5010558475924
784.0   2100.6686011480806
785.0   2051.8758028122793
786.0   2012.3144238439356
787.0   1973.253721142648
788.0   1936.8423182100219
789.0   1903.8168515666052
790.0   1864.7727341698949
791.0   1809.477647250035
792.0   1783.6732792146072
793.0   1728.5985705286917
794.0   1683.7884379539123
795.0   1646.0385296120012
796.0   1622.9642955230102
797.0   1625.2648963843542
798.0   1546.0208935603184
799.0   1472.73094391819
800.0   1462.0968931812802
