500.0   501.00965657843284
501.0   504.5159212311257
502.0   503.7052048843776
503.0   491.0776150560537
504.0   493.63127239672394
505.0   479.6091015225271
506.0   474.24942034775825
507.0   465.34382021237474
508.0   445.6276077189309
509.0   433.56701200469195
510.0   421.345871608028
511.0   416.16797906622395
512.0   413.97568799711144
513.0   407.9572036675621
514.0   390.13808950064515
515.0   390.1457254290669
516.0   399.42210469661904
517.0   406.9153438110668
518.0   391.60610611227105
519.0   404.2093706460681
520.0   383.7290012833858
521.0   394.6547893182995
522.0   410.51860922914176
523.0   402.68037994135295
524.0   404.6437936500945
525.0   425.4481050764977
526.0   437.32089794893324
527.0   457.113952184234
528.0   468.14891738865936
529.0   482.6258357683957
530.0   508.4048037555802
531.0   529.8065533416035
532.0   540.6278372662971
533.0   558.7042135478653
534.0   581.7929513781851
535.0   602.2051782739129
536.0   632.4371110948775
537.0   644.9408156186425
538.0   667.5652007960373
539.0   685.2198681024101
540.0   687.6202834765598
541.0   683.4280254000262
542.0   686.6667626041603
543.0   696.4992715088155
544.0   685.420539433373
545.0   675.9702575549768
546.0   655.4569558046599
547.0   638.5958835798858
548.0   620.7130652560023
549.0   607.6847682243226
550.0   588.7725740630377
551.0   566.3117015959554
552.0   576.613761214279
553.0   540.5472122681806
554.0   535.6628834143247
555.0   526.6750434685006
556.0   519.3019415438444
557.0   501.24097215096896
558.0   508.1337130855911
559.0   487.43670699778755
560.0   494.50241882841124
561.0   494.7197522710703
562.0   470.8611227783741
563.0   479.0620464022785
564.0   500.0359921719122
565.0   489.8318539036363
566.0   524.3748746752137
567.0   516.0840191492443
568.0   512.3385147598192
569.0   541.9644493546317
570.0   560.4503069874099
571.0   566.8603056768807
572.0   558.0305210054497
573.0   575.4636556893687
574.0   591.7312096415644
575.0   625.4477338877102
576.0   627.41558753296
577.0   654.4373353455896
578.0   668.142336781677
579.0   687.8748543675865
580.0   712.7313469306364
581.0   730.0121611372666
582.0   750.4271934805732
583.0   771.0196828278486
584.0   779.9178448648206
585.0   798.4326673345569
586.0   820.2852866390111
587.0   814.3150739627138
588.0   822.0493691350889
589.0   837.9498573638829
590.0   824.2071446048687
591.0   832.3773165951654
592.0   808.8681145758051
593.0   812.4712913377143
594.0   803.301241183348
595.0   787.9841170237275
596.0   778.4387978438431
597.0   754.4590682905019
598.0   747.9022126307854
599.0   731.6209089796382
600.0   712.3445023095603
601.0   707.3658375293007
602.0   678.5490312161515
603.0   701.0604379038382
604.0   673.9014494185833
605.0   668.4908975340747
606.0   682.150443349745
607.0   677.4019331871514
608.0   672.473284681486
609.0   637.634630939865
610.0   653.4874543112086
611.0   646.5283605253433
612.0   666.810626164063
613.0   639.6956323115226
614.0   614.5143818801208
615.0   623.5985676638297
616.0   639.7422212825415
617.0   652.1295729416984
618.0   629.9419019978692
619.0   646.7768781585133
620.0   649.2287908652821
621.0   684.5549692452036
622.0   674.6150417554172
623.0   711.212790160296
624.0   729.173610710825
625.0   743.9887059386313
626.0   785.0866228991939
627.0   808.810630832166
628.0   832.0841124915485
629.0   861.116990579803
630.0   883.0167056030873
631.0   910.4227220678581
632.0   933.8835586051838
633.0   958.2001870858421
634.0   976.3429546314417
635.0   1002.1095582598772
636.0   1029.5678339331118
637.0   1044.39459225326
638.0   1036.4928078987723
639.0   1072.9047676139896
640.0   1083.5960159738165
641.0   1090.9237384825954
642.0   1090.5200989825764
643.0   1085.610034799815
644.0   1084.0941933152617
645.0   1081.2278184137658
646.0   1094.3755038277811
647.0   1077.0159658690102
648.0   1065.351659464803
649.0   1053.799850095388
650.0   1050.993519396386
651.0   1039.8604370867997
652.0   1031.0259241033277
653.0   1020.3492552669896
654.0   1017.7805459578631
655.0   1002.3133558498781
656.0   1000.5913118961807
657.0   998.6576849009828
658.0   980.7298407874927
659.0   989.9978001033485
660.0   988.4377047271178
661.0   979.9218065136765
662.0   982.6662906241602
663.0   985.2638983650227
664.0   1001.1828076309685
665.0   1028.158175019582
666.0   1007.5629344921834
667.0   1009.4906393230866
668.0   993.341270929745
669.0   1010.988625989758
670.0   1057.4919310195742
671.0   1075.125794294183
672.0   1088.9192866943872
673.0   1078.4417816653163
674.0   1088.7060849584363
675.0   1125.7872263001473
676.0   1121.3899625002327
677.0   1157.9451434700536
678.0   1171.9206382876337
679.0   1199.0006040357496
680.0   1227.3282650668998
681.0   1252.5538233477125
682.0   1280.951939410524
683.0   1309.2100053045813
684.0   1334.7699676176492
685.0   1368.8032192597886
686.0   1385.9951160151304
687.0   1413.9613412032008
688.0   1432.0665129652944
689.0   1471.017272233885
690.0   1503.5120234204057
691.0   1516.2323774851736
692.0   1571.154100959239
693.0   1596.268814528132
694.0   1599.7185911362615
695.0   1631.864927765051
696.0   1626.6390041569207
697.0   1611.654410183265
698.0   1685.735168745139
699.0   1694.663773258298
700.0   1681.8630113778277
701.0   1643.3892139938075
702.0   1689.0827799477595
703.0   1665.2781854615823
704.0   1684.0014247036534
705.0   1692.7250122669473
706.0   1672.443143423307
707.0   1673.3047061864963
708.0   1651.4063363580685
709.0   1644.4167912540054
710.0   1621.4434226040041
711.0   1600.269538986885
712.0   1581.0715238689172
713.0   1570.5672159354426
714.0   1554.1433540899268
715.0   1536.0897894422778
716.0   1519.2764522155767
717.0   1531.2866594891252
718.0   1488.6021795582137
719.0   1500.868007351053
720.0   1462.94094605939
721.0   1453.72737193799
722.0   1461.3106369421382
723.0   1447.4035555439311
724.0   1448.3955800308556
725.0   1411.0727852730104
726.0   1409.5830840954927
727.0   1404.554556322303
728.0   1386.8834431860532
729.0   1405.9019099471773
730.0   1329.9818060063392
731.0   1348.7638374015537
732.0   1395.6796086624556
733.0   1387.443453508875
734.0   1377.3467993417867
735.0   1367.6715265395917
736.0   1300.6138012277454
737.0   1314.6203154990828
738.0   1339.7883236078576
739.0   1308.8402848270607
740.0   1368.1155983182225
741.0   1331.7576939862074
742.0   1350.654519616982
743.0   1317.0310006388595
744.0   1314.8480960390707
745.0   1269.6693415041693
746.0   1259.4932486721182
747.0   1278.8798182523701
748.0   1290.6614039853807
749.0   1317.1846290174547
750.0   1353.8264920878578
751.0   1387.778309967363
752.0   1437.5728868828576
753.0   1491.508117556305
754.0   1555.2643164484539
755.0   1624.6493390241521
756.0   1693.2696579190465
757.0   1749.8597361423435
758.0   1847.1627704092032
759.0   1874.7366157394763
760.0   1947.4251894884253
761.0   2019.4235478781106
762.0   2078.1150234305132
763.0   2151.503443878139
764.0   2190.809103521258
765.0   2235.136562198636
766.0   2283.7891762468403
767.0   2282.413282114049
768.0   2379.0808425094715
769.0   2339.1168245115628
770.0   2382.1144059689955
771.0   2383.128766455698
772.0   2387.060283287232
773.0   2328.710001851879
774.0   2365.390711197325
775.0   2314.544049850657
776.0   2313.133260190507
777.0   2324.586367837512
778.0   2317.673417537308
779.0   2246.7891522247673
780.0   2248.4798124017884
781.0   2200.8841306958193
782.0   2165.8928187849897
783.0   2124.109913170984
784.0   2077.5089999983447
785.0   2039.4687634193263
786.0   2004.786605529913
787.0   1953.7060361116696
788.0   1918.494073934672
789.0   1886.679894149137
790.0   1845.4613135199368
791.0   1794.9204869584073
792.0   1764.7364092975247
793.0   1719.1961762315505
794.0   1670.416582895358
795.0   1635.9475203526808
796.0   1609.6013425823728
797.0   1617.6829097761017
798.0   1533.8515749973544
799.0   1460.0937711814024
800.0   1453.641207571727
