500.0   449.12444072666
501.0   452.0421441120823
502.0   449.9153531163349
503.0   442.2051353937393
504.0   444.9024765587229
505.0   427.6128075372575
506.0   426.04454463018214
507.0   413.85129855545216
508.0   399.8123666565375
509.0   388.2975789905122
510.0   377.02574810723047
511.0   374.5928542326869
512.0   373.2052898258844
513.0   365.55064714026787
514.0   346.72469424066423
515.0   349.06341140706076
516.0   356.56624072918567
517.0   361.84337450766304
518.0   350.75148913779014
519.0   360.5648289821263
520.0   345.9558850854906
521.0   356.7140817291841
522.0   369.7421868836827
523.0   362.5516173932191
524.0   364.12528325514404
525.0   382.931809825893
526.0   392.1666851683901
527.0   410.0727539316006
528.0   422.41621066086645
529.0   434.1379248415922
530.0   459.5557209210372
531.0   476.6487130641269
532.0   489.5484699687738
533.0   506.08507386166895
534.0   523.8065242910125
535.0   543.0291612771287
536.0   566.2665564527163
537.0   584.5862236669657
538.0   600.9071533726018
539.0   617.2519956784672
540.0   617.7712740052176
541.0   614.3952500459355
542.0   618.39892645391
543.0   624.8597136827146
544.0   614.4225921803787
545.0   605.5936818513908
546.0   592.5551298794608
547.0   575.1450826547746
548.0   558.6506642519302
549.0   546.0006852167921
550.0   528.0519230711869
551.0   513.0854852100842
552.0   517.5341113762197
553.0   485.34669641708234
554.0   483.64150022880574
555.0   474.39178904553125
556.0   467.21202531695997
557.0   452.05042185254473
558.0   458.0079723842791
559.0   440.65435673818814
560.0   449.2694498039974
561.0   447.7306384177357
562.0   427.46011421485207
563.0   431.52026186220246
564.0   451.91820136892227
565.0   442.3557268321409
566.0   470.3857752303444
567.0   467.1110452840945
568.0   462.69466056220864
569.0   491.10490076028566
570.0   503.1234911740891
571.0   513.6205235945476
572.0   504.60974371122313
573.0   522.7319820367189
574.0   536.5077406943503
575.0   565.0308981530534
576.0   569.9555422785733
577.0   593.1431941902142
578.0   608.2899184891713
579.0   623.5935133566206
580.0   643.7664702134227
581.0   661.6464995472787
582.0   680.2784898698097
583.0   701.1851951393
584.0   707.4212653892262
585.0   729.678821002646
586.0   743.8274195551293
587.0   740.8039564919019
588.0   747.4602852541988
589.0   764.6351424134931
590.0   749.780721399409
591.0   755.5702224377459
592.0   738.8110877003821
593.0   740.1182337529193
594.0   728.079882416919
595.0   714.4177710792821
596.0   704.4436294743034
597.0   682.1956488874577
598.0   676.1189377115755
599.0   661.8726602263257
600.0   643.4975342672078
601.0   640.712483273596
602.0   618.1883767589986
603.0   636.2356164840662
604.0   612.3905405520547
605.0   607.1699881270338
606.0   620.1944404416712
607.0   614.5998742019849
608.0   614.0257655445662
609.0   578.038630275924
610.0   592.0144361623492
611.0   584.221427780539
612.0   605.2030383833928
613.0   579.4161981846453
614.0   561.2678322519146
615.0   564.5352856234317
616.0   582.0027542897235
617.0   594.7379855087703
618.0   574.9767508967043
619.0   590.5528761303801
620.0   591.6924760517284
621.0   623.4583620989503
622.0   617.363799637968
623.0   649.4324112045194
624.0   665.411180898918
625.0   678.3555064124627
626.0   715.8124824365744
627.0   737.8558189539569
628.0   763.3659780260305
629.0   787.2527469524756
630.0   803.9196703723837
631.0   827.67818940655
632.0   854.8768822563353
633.0   869.8853698984224
634.0   893.137171453157
635.0   910.7511337418447
636.0   939.9508809391898
637.0   947.6362752575594
638.0   943.8592066102481
639.0   982.9736449004956
640.0   991.3699629201417
641.0   994.1203840803071
642.0   996.9286789577216
643.0   990.7335632934294
644.0   985.2392788899989
645.0   985.9679563796609
646.0   996.7620768981487
647.0   982.5603768539634
648.0   974.7594330861261
649.0   961.5641703029116
650.0   957.8162306897568
651.0   950.3420809419717
652.0   942.5156976367684
653.0   936.4354876122203
654.0   927.3928687539783
655.0   913.3781060208079
656.0   917.0039098321661
657.0   916.5969793396355
658.0   898.5404114841957
659.0   905.7185150096739
660.0   902.5061984769568
661.0   895.596044385383
662.0   900.4551555620747
663.0   899.8726088050498
664.0   912.4781199719143
665.0   940.5146944718258
666.0   920.7536196900877
667.0   921.3312794550294
668.0   912.6622550134671
669.0   929.0005436759541
670.0   967.7955323995967
671.0   980.3886008810241
672.0   1002.3946997212631
673.0   989.83734239008
674.0   995.3455695974077
675.0   1027.2765497394005
676.0   1025.405504926365
677.0   1060.6283701687962
678.0   1068.4792374655963
679.0   1099.10881349832
680.0   1127.6715226357887
681.0   1149.728951485736
682.0   1170.3087774671928
683.0   1202.4148943415494
684.0   1221.6639722518682
685.0   1257.292434455755
686.0   1277.585499985198
687.0   1301.4656812439612
688.0   1315.5410461117108
689.0   1355.0211081568432
690.0   1385.1967515735062
691.0   1393.786567670092
692.0   1444.2960584037608
693.0   1472.4340472784972
694.0   1462.421525258511
695.0   1499.2556103507532
696.0   1490.2609310918608
697.0   1474.8740551594933
698.0   1545.0959508405344
699.0   1561.8074332816543
700.0   1545.6596036068154
701.0   1512.6601767188472
702.0   1551.2715389549426
703.0   1532.9434859094717
704.0   1546.7040204115299
705.0   1552.7221729933376
706.0   1538.918933649911
707.0   1541.8327831705542
708.0   1517.5093878059802
709.0   1510.7345180904554
710.0   1489.0266216147252
711.0   1468.399155444193
712.0   1457.6914682278311
713.0   1440.7446348792298
714.0   1422.4771387017227
715.0   1408.1859451714677
716.0   1399.1710664098975
717.0   1405.6384247356493
718.0   1361.1281625125623
719.0   1380.9430836131182
720.0   1343.8052973315685
721.0   1335.6305932887565
722.0   1337.3412004594609
723.0   1329.2047586968715
724.0   1332.1822399461448
725.0   1297.1381403482956
726.0   1286.7507982571228
727.0   1291.4444761442162
728.0   1273.9150605266304
729.0   1290.0472686340947
730.0   1222.1772955242266
731.0   1249.297067665584
732.0   1278.9895426814062
733.0   1274.5810631520023
734.0   1269.3025205229058
735.0   1255.2157665742698
736.0   1199.621630608187
737.0   1213.550419663844
738.0   1230.341763173278
739.0   1204.9965899825231
740.0   1263.8389539720933
741.0   1222.5792070160476
742.0   1253.9765979821946
743.0   1213.1968486214046
744.0   1209.765826764796
745.0   1177.8264161626523
746.0   1168.4418811071246
747.0   1183.785323186426
748.0   1193.2044864958038
749.0   1216.48688208961
750.0   1251.1650272438133
751.0   1276.0573451757805
752.0   1326.1352942104202
753.0   1376.0676178646866
754.0   1434.031629211754
755.0   1499.6481815943018
756.0   1565.4426381556466
757.0   1610.9958848484482
758.0   1705.3297264614623
759.0   1731.8677413596893
760.0   1789.4764295088019
761.0   1859.6377806295436
762.0   1923.2295335985646
763.0   1988.1106626789722
764.0   2017.7540338649312
765.0   2072.4267433537434
766.0   2106.8478060117122
767.0   2113.67888301061
768.0   2198.664145851262
769.0   2166.819297156913
770.0   2213.2563423517477
771.0   2203.8938268208417
772.0   2210.4494526630624
773.0   2160.181531774805
774.0   2189.839053424611
775.0   2143.601189669601
776.0   2141.5504301659826
777.0   2155.9057511502842
778.0   2148.219078773466
779.0   2079.521989775353
780.0   2074.717979092354
781.0   2036.7777709545524
782.0   2008.6971998670567
783.0   1963.7881311027184
784.0   1925.4342204137822
785.0   1887.1844500137374
786.0   1853.4394571487246
787.0   1809.0976268454651
788.0   1779.0612533298133
789.0   1754.389364255682
790.0   1713.5554848741588
791.0   1664.5660942933653
792.0   1635.2090025830857
793.0   1593.1571225587088
794.0   1548.4351364942715
795.0   1515.4785801671699
796.0   1487.8003481313467
797.0   1494.922844679441
798.0   1416.546089578725
799.0   1353.549326135826
800.0   1344.12341335754
