500.0   405.56015385886684
501.0   408.79758956415986
502.0   408.6382123415682
503.0   398.2170313491416
504.0   402.76694616457917
505.0   386.4804361471831
506.0   387.0003140535032
507.0   375.38528086987793
508.0   362.5850635531318
509.0   350.70944266702907
510.0   340.0667925538818
511.0   337.116847173198
512.0   338.1675741253962
513.0   330.9026930341644
514.0   313.7803650667854
515.0   317.32215276819846
516.0   324.90340933085474
517.0   327.72886260916005
518.0   319.0022542102294
519.0   327.1965000268607
520.0   314.14509760644535
521.0   320.7397642522262
522.0   336.1164185514131
523.0   329.3434093316388
524.0   333.134927611158
525.0   348.4014807672392
526.0   358.39912698853635
527.0   371.85454537738383
528.0   383.61749460544274
529.0   396.1137510261797
530.0   415.251990406332
531.0   435.7584670495228
532.0   445.65093353225006
533.0   461.6828257723974
534.0   479.3162068097718
535.0   496.2518810819516
536.0   516.6065531456841
537.0   533.1101908561275
538.0   548.8413488093423
539.0   561.6756516139017
540.0   564.9233619662863
541.0   558.4467893233162
542.0   561.2121882001929
543.0   568.4828095740271
544.0   560.7999518181753
545.0   554.8019940729921
546.0   537.7946944348707
547.0   523.9968741472785
548.0   509.4309148173171
549.0   496.658222963041
550.0   484.8654466108816
551.0   462.911599993523
552.0   469.8433062708117
553.0   443.0797113952138
554.0   443.2143442622066
555.0   432.7114037494108
556.0   428.18327595409005
557.0   413.0142385055679
558.0   419.7504815317192
559.0   404.23461434763004
560.0   408.29783642713664
561.0   408.42700020271695
562.0   392.70174519747
563.0   395.1547087309659
564.0   415.7771651503226
565.0   405.25368941729545
566.0   432.1173940851544
567.0   429.93779545186993
568.0   423.9437034756847
569.0   450.59378835144764
570.0   463.35946310961214
571.0   470.7284557804816
572.0   462.5372181623112
573.0   479.1833309327923
574.0   493.0434428832073
575.0   516.0541810163043
576.0   524.2766202285577
577.0   541.5577005426794
578.0   555.3900169895728
579.0   571.7716751614087
580.0   591.8474017103385
581.0   607.5178712984533
582.0   625.902226811612
583.0   639.6598105849239
584.0   647.9178019647502
585.0   664.9999696205757
586.0   679.4183645831677
587.0   674.9985921611999
588.0   682.0746166602455
589.0   698.2745673586585
590.0   683.8912539380572
591.0   692.3966880945303
592.0   674.135860033985
593.0   673.8796961317148
594.0   666.1893507845955
595.0   653.1829480134272
596.0   646.5930349316029
597.0   625.0847854712458
598.0   619.5130611709999
599.0   608.5928307648094
600.0   591.0557504894979
601.0   588.3816249028689
602.0   566.599078757335
603.0   582.8626074095453
604.0   560.6390149429785
605.0   558.1116573167305
606.0   566.6331217133628
607.0   562.271275510074
608.0   560.7026883794066
609.0   532.4494693651811
610.0   545.9131008657208
611.0   539.0677951335388
612.0   554.1583515287325
613.0   535.5954976174098
614.0   512.964621624441
615.0   521.8499420785882
616.0   533.4461880036234
617.0   543.1037086947906
618.0   528.0271951565727
619.0   541.0430799051115
620.0   544.3252831913841
621.0   576.3957640990426
622.0   568.508889485422
623.0   598.1371136864476
624.0   612.3198838585541
625.0   625.4384574984114
626.0   655.1971848500158
627.0   682.5722189368635
628.0   702.2675717833408
629.0   725.9600461161746
630.0   739.7172172979074
631.0   766.7554016242664
632.0   785.871136139238
633.0   802.99279141188
634.0   819.538370398283
635.0   841.64301796707
636.0   864.9683399234648
637.0   876.2800549380061
638.0   871.586344136296
639.0   901.4994905661297
640.0   913.4541494033385
641.0   915.6397733660667
642.0   920.0185104838172
643.0   914.0198512311113
644.0   910.6951968354582
645.0   906.8867663570071
646.0   918.6904556780225
647.0   906.2398288245201
648.0   897.7092617929875
649.0   890.1012672558445
650.0   884.7094789503731
651.0   875.3895149280863
652.0   869.0444047831745
653.0   860.3339474226954
654.0   854.7978665418455
655.0   843.2522764832003
656.0   846.0107306750895
657.0   844.1788249003723
658.0   826.6709847487422
659.0   834.1155700691936
660.0   836.1578058202874
661.0   829.397073280725
662.0   828.4108965137225
663.0   830.7702778222922
664.0   842.5222171204432
665.0   871.4055586779439
666.0   849.1425180960215
667.0   852.5815215897916
668.0   843.9746132927407
669.0   860.4214156562784
670.0   893.9058619233041
671.0   906.9369696756739
672.0   921.985941095927
673.0   914.6334763280938
674.0   916.7281509028566
675.0   953.616975833345
676.0   949.8856214228106
677.0   978.6140112872849
678.0   994.5400317366341
679.0   1022.5123026346841
680.0   1041.4455049196251
681.0   1062.9258045320544
682.0   1087.8603311558707
683.0   1113.57369950079
684.0   1128.4678176271873
685.0   1160.3655585593594
686.0   1181.91593881983
687.0   1205.9266198437513
688.0   1214.6876435390432
689.0   1250.079958745091
690.0   1279.894582147961
691.0   1289.9828938197702
692.0   1338.508903104415
693.0   1365.1629744142238
694.0   1358.3504438767002
695.0   1392.1920045907523
696.0   1382.5464548941065
697.0   1367.9951289059698
698.0   1433.8010628100865
699.0   1447.872654397851
700.0   1436.3192945190035
701.0   1406.106807037042
702.0   1437.161875476181
703.0   1420.4208180045139
704.0   1437.620542612909
705.0   1443.2280722672122
706.0   1433.7905483895208
707.0   1431.9552109768076
708.0   1408.104174183133
709.0   1403.3091987588302
710.0   1382.6593977484981
711.0   1361.6567253062904
712.0   1349.1752648392917
713.0   1337.6536059303946
714.0   1323.7287284818328
715.0   1307.9496932599425
716.0   1303.5521618617745
717.0   1309.7452736166383
718.0   1269.2983553724234
719.0   1279.2284495365861
720.0   1246.4515846337436
721.0   1237.6875214337156
722.0   1251.4222117096294
723.0   1237.7370831781484
724.0   1239.5707764354088
725.0   1204.8371070668334
726.0   1204.3990718795983
727.0   1203.1556559410271
728.0   1184.9545939985583
729.0   1200.8530647987548
730.0   1141.2875698264893
731.0   1155.5486695965633
732.0   1197.0878410292592
733.0   1189.001463879587
734.0   1183.7295241570266
735.0   1175.2480358132502
736.0   1121.1369226698616
737.0   1132.2357010042915
738.0   1150.8036655273663
739.0   1125.2875890510338
740.0   1179.5843960800403
741.0   1143.2351355243063
742.0   1167.9999007317433
743.0   1133.984917393987
744.0   1130.3418337521125
745.0   1095.184781394966
746.0   1092.0805739955308
747.0   1105.342041893828
748.0   1105.728365082938
749.0   1130.667075118897
750.0   1161.1301225694347
751.0   1189.5095689506052
752.0   1237.2117948471873
753.0   1277.981823928936
754.0   1332.1043930935502
755.0   1397.0207482385717
756.0   1455.8559730816621
757.0   1502.407602578887
758.0   1585.733563213451
759.0   1614.9397303909864
760.0   1671.619784308574
761.0   1732.468070093195
762.0   1795.2298258991873
763.0   1856.0165957969864
764.0   1887.1362583552848
765.0   1930.6805018349341
766.0   1971.87359683076
767.0   1976.778847123508
768.0   2061.4461748482186
769.0   2029.7611134030515
770.0   2062.6356456193726
771.0   2061.3779154434333
772.0   2066.6265784375623
773.0   2020.9195148159781
774.0   2045.975148940583
775.0   2006.0027341542632
776.0   2004.6852916547261
777.0   2014.9363740988906
778.0   2010.5706259042254
779.0   1942.1192318851358
780.0   1943.3111742568651
781.0   1905.6059157431444
782.0   1873.8240475002347
783.0   1834.862388870441
784.0   1803.816890325296
785.0   1762.6407716383058
786.0   1730.9229690568388
787.0   1692.670543268459
788.0   1663.868512378014
789.0   1635.8039412903795
790.0   1598.5045811204461
791.0   1554.268236319539
792.0   1531.4874248369645
793.0   1490.1021356679207
794.0   1440.1524815139724
795.0   1416.6745273046838
796.0   1389.8232881569886
797.0   1397.1847967540589
798.0   1324.347594904943
799.0   1260.1151598427316
800.0   1249.9446294010718
