500.0   363.9660264901241
501.0   368.7509236045376
502.0   365.55949714296287
503.0   359.7810882271025
504.0   359.05965198202944
505.0   348.3044007808064
506.0   345.2065667591859
507.0   335.76946584467913
508.0   322.41192834456047
509.0   314.16948735881647
510.0   306.8965069564242
511.0   303.4762129164287
512.0   303.11495891815355
513.0   299.25771612356107
514.0   283.90128895643295
515.0   285.85223269333403
516.0   292.8938510526477
517.0   297.47888569687143
518.0   286.9871270680467
519.0   295.6260483724207
520.0   281.4358382543873
521.0   290.3630006012591
522.0   302.20380310851664
523.0   297.7126033654664
524.0   298.26411281898436
525.0   314.0032757643749
526.0   321.05984081363187
527.0   336.6524407649986
528.0   346.3736101014688
529.0   359.93375926660104
530.0   376.30545414162253
531.0   390.8922493703801
532.0   399.9504176400035
533.0   415.0489063345022
534.0   432.8542675892755
535.0   444.67484941472725
536.0   466.23106039542114
537.0   477.72962627978364
538.0   491.3347175531228
539.0   508.3869966025349
540.0   508.03763491987274
541.0   506.60710298754145
542.0   505.0590891479181
543.0   514.7723941480795
544.0   504.5058776775222
545.0   494.53245087256266
546.0   484.93706526793284
547.0   472.5465884557227
548.0   459.36001060008016
549.0   447.724041270513
550.0   438.3722679141481
551.0   420.8368033606985
552.0   424.6700719586926
553.0   401.0222326290896
554.0   398.0646401808508
555.0   389.2756849230841
556.0   387.2630200645475
557.0   373.43629459573384
558.0   377.14733112001727
559.0   363.20994063155507
560.0   368.25217705806676
561.0   369.79423275647
562.0   353.8458199006891
563.0   359.8197884190454
564.0   375.3138520378353
565.0   368.0754201105963
566.0   391.36017593526265
567.0   389.3794946252934
568.0   384.39268654645645
569.0   406.7146154555438
570.0   416.6268424979873
571.0   423.9181083158538
572.0   419.33405555762045
573.0   432.68407067354815
574.0   446.24074736672554
575.0   471.6655052037728
576.0   474.39178414550554
577.0   488.7051781036411
578.0   505.35236714083453
579.0   517.7305958551465
580.0   535.9157210589631
581.0   548.4769013521812
582.0   563.8843353358465
583.0   577.7349702784368
584.0   587.6635961877678
585.0   603.1343724410714
586.0   618.3170240967105
587.0   613.961632072956
588.0   619.5657633762953
589.0   630.8696512118637
590.0   622.9135129906847
591.0   628.2194083110666
592.0   607.9841931911309
593.0   613.0017012715699
594.0   603.4759549465458
595.0   592.9079357245573
596.0   585.4786694079521
597.0   567.2799413221807
598.0   567.3068599604807
599.0   548.4650813156504
600.0   533.1272695692131
601.0   532.0042871538897
602.0   511.6971290566295
603.0   528.7647417913199
604.0   509.2589965984376
605.0   507.2281294595346
606.0   513.9652109790006
607.0   514.188206025743
608.0   509.01723654485625
609.0   480.0388902205192
610.0   493.59502689360795
611.0   486.26491838463943
612.0   505.84671414617964
613.0   484.10038772754075
614.0   467.48737051701767
615.0   471.0257451003042
616.0   485.54059153159494
617.0   497.1926473731054
618.0   479.74858828979313
619.0   493.0623084777586
620.0   493.58992065517987
621.0   525.9220232580418
622.0   516.3667490976925
623.0   543.7754061609559
624.0   557.2624340190699
625.0   570.1187216406464
626.0   600.0241203204359
627.0   622.5228445308301
628.0   637.7573201403675
629.0   660.4240832772449
630.0   674.5162551880551
631.0   695.801946787906
632.0   714.6698753584692
633.0   730.9464772705987
634.0   746.2092938999319
635.0   765.5742355145268
636.0   786.0588107029715
637.0   795.2856704212679
638.0   793.5950369632643
639.0   821.2003510228533
640.0   827.7574751943084
641.0   834.3108650549882
642.0   834.1249112193198
643.0   831.5657565097263
644.0   827.229201681706
645.0   824.588957556346
646.0   836.271909462336
647.0   823.1641680307305
648.0   813.1819104369147
649.0   806.2541808853055
650.0   802.5155696370584
651.0   796.8487967980456
652.0   790.5378987826635
653.0   783.2909330540982
654.0   780.1376649930921
655.0   766.9993543447575
656.0   768.8361359874782
657.0   767.8746317459131
658.0   755.6357739535906
659.0   759.2493045847266
660.0   759.4859583213062
661.0   752.917132105995
662.0   755.5714052618293
663.0   758.4190341699293
664.0   769.538779991248
665.0   791.189415648096
666.0   772.0553376456301
667.0   779.2354154940142
668.0   768.449385684102
669.0   783.442672821847
670.0   813.6925610739052
671.0   826.8750686016381
672.0   842.677837481516
673.0   833.9207362766072
674.0   840.1193234019742
675.0   866.9851083252139
676.0   867.1981855133652
677.0   894.5143327031558
678.0   903.5033112077394
679.0   926.5164108790282
680.0   950.1053957451568
681.0   971.114372525242
682.0   991.7880991897616
683.0   1012.4152966016659
684.0   1030.8731737185703
685.0   1060.7725406096993
686.0   1080.7299517163942
687.0   1096.1681317754008
688.0   1112.2459632756747
689.0   1146.1126337300648
690.0   1168.8026697589532
691.0   1179.7253348864112
692.0   1220.1704143611398
693.0   1244.2603258120112
694.0   1241.8701555449336
695.0   1271.2385113015862
696.0   1267.2136897341568
697.0   1250.6669098643008
698.0   1307.102234802447
699.0   1319.557336790945
700.0   1311.6342234502383
701.0   1281.6117095674217
702.0   1318.1056669447835
703.0   1296.239665491534
704.0   1311.2112945983893
705.0   1316.7111750863446
706.0   1303.9692576056648
707.0   1295.7370781546495
708.0   1279.409425593722
709.0   1280.39575040024
710.0   1260.2162326094874
711.0   1242.1942269158349
712.0   1232.9776139415233
713.0   1221.4922067514092
714.0   1207.1932613873273
715.0   1192.4205856039864
716.0   1189.5195039879702
717.0   1196.6006727262786
718.0   1156.2093294320441
719.0   1172.478813691925
720.0   1137.8731324655025
721.0   1133.0230726777595
722.0   1139.3652084319556
723.0   1126.4937448385178
724.0   1128.168304561604
725.0   1097.0603117175087
726.0   1096.5493215063718
727.0   1092.8565165071766
728.0   1080.8694923766498
729.0   1094.3566077762578
730.0   1040.261067842642
731.0   1054.5186455032208
732.0   1085.7195346788578
733.0   1086.3138239617099
734.0   1078.4107902709998
735.0   1067.784931255104
736.0   1025.183030935232
737.0   1034.449106271181
738.0   1051.0104714090066
739.0   1024.4561346301828
740.0   1077.597097731431
741.0   1045.920497480378
742.0   1066.9885547103465
743.0   1037.1955313268481
744.0   1033.2548303221222
745.0   1003.6799321598996
746.0   1002.1069139913109
747.0   1009.8439905301843
748.0   1012.0662711337932
749.0   1031.512039706079
750.0   1060.7990073583164
751.0   1083.219641190723
752.0   1119.5575008419335
753.0   1166.1584615217714
754.0   1212.6738786281167
755.0   1269.6835147018724
756.0   1328.7154246605592
757.0   1374.6430601296418
758.0   1449.294713484913
759.0   1476.234503969923
760.0   1526.775392683601
761.0   1588.3398269228728
762.0   1639.6911099137023
763.0   1698.6183700498368
764.0   1727.606964952669
765.0   1766.871706831674
766.0   1801.5578296072188
767.0   1808.6724330710067
768.0   1886.1239615078557
769.0   1852.791491337782
770.0   1889.5463529900592
771.0   1885.202555044604
772.0   1892.5935777798863
773.0   1849.4075142264226
774.0   1875.2762248392073
775.0   1838.9059880201899
776.0   1830.9573042567245
777.0   1843.9608458563353
778.0   1838.0077519370068
779.0   1781.297263824655
780.0   1779.9439835763735
781.0   1744.3215965984648
782.0   1718.2730437248597
783.0   1678.8063149206753
784.0   1649.6144517803236
785.0   1613.8825359448786
786.0   1585.7720330020475
787.0   1553.2323140501492
788.0   1523.783909749381
789.0   1498.1958038680061
790.0   1465.8527691411487
791.0   1420.2813624144003
792.0   1395.310529759552
793.0   1363.5634223313552
794.0   1321.1379036149856
795.0   1292.7153036981015
796.0   1272.4008912124334
797.0   1276.758813157748
798.0   1213.0453420144645
799.0   1156.3349593269402
800.0   1143.791677100159
