500.0   324.8085586799113
501.0   326.6070814453763
502.0   322.00024940525407
503.0   317.9571878878677
504.0   319.21164915480927
505.0   307.1308412380853
506.0   305.82443722026255
507.0   297.32855854421547
508.0   285.8494797742318
509.0   279.91235416905886
510.0   272.17061458566513
511.0   268.07122473394986
512.0   266.5956676654009
513.0   264.29458493751395
514.0   250.66576043500183
515.0   251.23536755545655
516.0   257.7452369869197
517.0   262.4238804805907
518.0   253.60547079751365
519.0   263.0452236301322
520.0   249.43267754108484
521.0   258.04548159470943
522.0   269.4326022390813
523.0   265.7328911194319
524.0   267.8821788983329
525.0   276.78977415497667
526.0   284.72055980969463
527.0   300.4404533495625
528.0   307.72709729763625
529.0   317.3610788488118
530.0   332.8563041639682
531.0   349.4749540698177
532.0   357.3177795264186
533.0   365.3412739138999
534.0   383.59312358516667
535.0   398.6588383291725
536.0   414.23909045506736
537.0   425.57287457131935
538.0   440.48969715173996
539.0   449.857028722296
540.0   453.5134968278119
541.0   448.22654092520827
542.0   450.9814531017768
543.0   455.32816922405846
544.0   448.8947752424649
545.0   440.8769665973447
546.0   430.5428595207099
547.0   421.3516212022688
548.0   406.4088985022245
549.0   397.37429904707835
550.0   387.72458373477036
551.0   374.31029344193615
552.0   376.2834008734993
553.0   356.6447818451225
554.0   355.76716337895505
555.0   348.0434417746319
556.0   342.37088398075616
557.0   331.2414322360258
558.0   336.94114655285443
559.0   321.57427631033437
560.0   331.6806179552517
561.0   330.2913599542476
562.0   314.7799246527526
563.0   318.81430547684636
564.0   331.87362694683725
565.0   326.29046306477863
566.0   348.39425760451365
567.0   345.87565894456503
568.0   344.2446664600365
569.0   361.3798895981148
570.0   376.09973135418574
571.0   378.49869173103906
572.0   373.6248113934007
573.0   386.85832682607224
574.0   396.72154892090253
575.0   417.7758753468204
576.0   423.9761906119411
577.0   438.28489521419027
578.0   446.7392599970127
579.0   461.2132830666521
580.0   476.86959004464296
581.0   491.0227724307048
582.0   503.71740551643563
583.0   519.8242608301243
584.0   522.0528056632279
585.0   536.592556228905
586.0   551.2278670071445
587.0   547.0531489989701
588.0   549.8838029530052
589.0   563.1521099600697
590.0   553.0527821114335
591.0   559.9211959583761
592.0   545.7313700996674
593.0   545.362128962921
594.0   536.1512505834462
595.0   524.2083715562239
596.0   519.0527211253527
597.0   503.64977289123124
598.0   501.58572853829287
599.0   493.3483180129975
600.0   475.83617859599167
601.0   473.23863689588234
602.0   455.2653260027922
603.0   470.4363805673933
604.0   449.46438924172304
605.0   452.7273954219109
606.0   460.58899102500607
607.0   458.88159512113333
608.0   454.0424439334952
609.0   430.1143742141668
610.0   441.3164774358381
611.0   436.61563157826305
612.0   450.5822659726071
613.0   431.7874201305952
614.0   414.4528767330364
615.0   421.93929850157815
616.0   432.97875395776157
617.0   440.9536948429916
618.0   427.98243078011967
619.0   436.8515881972073
620.0   443.2244109197794
621.0   466.5108889762031
622.0   459.9862900318052
623.0   487.75690726698156
624.0   496.0687979052931
625.0   509.5606865154482
626.0   537.6750234323117
627.0   554.2881636914851
628.0   569.9751548662114
629.0   589.4402061031087
630.0   605.1082514342772
631.0   623.2801306592992
632.0   637.6906395682882
633.0   649.3794910611045
634.0   669.0333014427233
635.0   685.7530168842334
636.0   703.1934911960782
637.0   705.7366408416192
638.0   708.3287236644661
639.0   731.5851628838917
640.0   740.4667004325705
641.0   744.0828797099578
642.0   746.7086464572363
643.0   740.926525775765
644.0   739.6687146234575
645.0   740.5165610768781
646.0   744.2345170548276
647.0   734.3177817897772
648.0   726.8705207855962
649.0   719.41985345222
650.0   716.0176537166999
651.0   710.9105152823274
652.0   706.434625338484
653.0   699.4649288168489
654.0   695.1302313522133
655.0   685.7651945456827
656.0   686.5741099150084
657.0   683.5686878601095
658.0   674.1008822104228
659.0   678.6328202505238
660.0   676.9483287518271
661.0   672.3010461358476
662.0   675.210400909498
663.0   676.631698001732
664.0   683.0911938655906
665.0   706.6299311009623
666.0   691.7497245228225
667.0   694.5483031471621
668.0   687.2380667936332
669.0   700.8442132557253
670.0   727.647860218322
671.0   740.308792917692
672.0   753.7918105112002
673.0   741.7165086163245
674.0   751.0356181213596
675.0   774.6843747833381
676.0   773.4183078336754
677.0   794.1487686621178
678.0   808.3796304220168
679.0   831.3626482283813
680.0   853.3444638036949
681.0   869.7124939133047
682.0   887.4008481931044
683.0   907.2523001307711
684.0   922.4590187564696
685.0   948.5559796915347
686.0   967.8389428858933
687.0   982.6953418433686
688.0   993.6047354004384
689.0   1025.605474317602
690.0   1047.4326842652522
691.0   1056.46157045111
692.0   1092.9184047895938
693.0   1117.07799826531
694.0   1109.1811917578282
695.0   1138.9072810916052
696.0   1132.401567618705
697.0   1119.3386613639273
698.0   1170.881979465147
699.0   1183.5303718494763
700.0   1169.7544169750065
701.0   1149.9035079225732
702.0   1177.8480770514368
703.0   1158.689271523659
704.0   1172.1471479094605
705.0   1176.6467784326403
706.0   1173.3789243049853
707.0   1170.2550084737316
708.0   1152.8573972116806
709.0   1149.3563439210368
710.0   1130.1306991068964
711.0   1110.9844290793303
712.0   1103.5622896870789
713.0   1092.070080001759
714.0   1083.5273238308914
715.0   1067.676908835107
716.0   1063.2320266478434
717.0   1070.3922655075255
718.0   1039.6274363007637
719.0   1047.7103019514147
720.0   1021.2687535051589
721.0   1016.9524754587248
722.0   1019.8774049420376
723.0   1013.9011004824035
724.0   1012.1009153134762
725.0   986.627546179524
726.0   988.7812607378785
727.0   980.251529867661
728.0   967.0863639291443
729.0   986.7348825487064
730.0   936.9755727399704
731.0   948.7326904588948
732.0   975.0216039644554
733.0   975.77718229079
734.0   968.8893029646961
735.0   961.9757721362836
736.0   918.5682706724167
737.0   926.7466730618877
738.0   941.4742763107571
739.0   918.2104962471867
740.0   967.166790959487
741.0   938.561155308849
742.0   957.7165778808861
743.0   931.9351432016532
744.0   928.5558260841055
745.0   902.7341402645679
746.0   894.6547581796638
747.0   908.8244508304776
748.0   907.4562588310146
749.0   926.454104418342
750.0   954.2189296194207
751.0   973.7696768283503
752.0   1009.2404282646937
753.0   1049.478360330694
754.0   1090.253330734135
755.0   1141.2592208794815
756.0   1188.4997247973668
757.0   1230.3680824934643
758.0   1301.6238791853805
759.0   1324.345679303604
760.0   1367.1508702470746
761.0   1428.500611558692
762.0   1476.1848441135758
763.0   1528.8012254344055
764.0   1554.2310435641607
765.0   1590.4919125342622
766.0   1624.4530973813328
767.0   1629.9745473388512
768.0   1700.9276331544008
769.0   1674.8247629752154
770.0   1698.8296427373373
771.0   1704.7900553645802
772.0   1702.9451740159177
773.0   1665.1573485901574
774.0   1687.326110906461
775.0   1652.1694450702778
776.0   1650.7892337806254
777.0   1663.0963571371826
778.0   1659.6195382760725
779.0   1606.0391082344818
780.0   1608.0136428080425
781.0   1577.1458126544585
782.0   1549.2641160361488
783.0   1517.6904812637245
784.0   1486.756472202724
785.0   1457.1670808284168
786.0   1426.7281934799996
787.0   1396.8009169206234
788.0   1369.9022516130667
789.0   1348.0376389957064
790.0   1316.8684467672713
791.0   1276.4353308619375
792.0   1259.3658573319778
793.0   1222.7143133601267
794.0   1190.1768111834979
795.0   1166.600986309552
796.0   1144.0681430410173
797.0   1155.280444119417
798.0   1086.7679204177393
799.0   1040.9706527613002
800.0   1029.9965995881369
