500.0   272.4593125868863
501.0   276.9317326311814
502.0   273.9371170212627
503.0   270.8422061346587
504.0   271.3840673188837
505.0   260.20884671863985
506.0   259.58905731910363
507.0   253.62838992960644
508.0   244.15269002469046
509.0   234.7938225071169
510.0   229.61110695060276
511.0   228.5439522766731
512.0   228.66129559644705
513.0   223.58408144617712
514.0   211.8296496880624
515.0   212.9123858478851
516.0   219.05024183915606
517.0   223.88484670076465
518.0   217.24895536570563
519.0   223.11674117240784
520.0   212.76820174357005
521.0   218.16893196706656
522.0   228.76459855156145
523.0   226.1913966995272
524.0   228.27624331621783
525.0   237.15752222133148
526.0   243.7762094905492
527.0   254.31555929011367
528.0   260.89726444304927
529.0   271.4809440160615
530.0   285.47016801647857
531.0   294.75098589881384
532.0   304.8578600746886
533.0   313.1757178346024
534.0   327.55991628404337
535.0   338.8304278345019
536.0   354.3360292982532
537.0   364.44351673557827
538.0   373.24778943146146
539.0   382.2868996080163
540.0   387.8690251367085
541.0   385.14372337870884
542.0   383.74793647282917
543.0   389.5169113688339
544.0   382.9889091319001
545.0   376.8033093870072
546.0   365.7859645271862
547.0   357.6613965512644
548.0   349.84592598548545
549.0   341.0452523669394
550.0   331.2010692225664
551.0   317.6478406747898
552.0   322.01037568446395
553.0   302.9294443672877
554.0   302.6925101253989
555.0   297.4615458466634
556.0   293.8795712470958
557.0   285.0213405997665
558.0   289.9701189142787
559.0   276.55949221661274
560.0   281.9272939732698
561.0   281.16411717093354
562.0   267.9341442392573
563.0   271.9389175127279
564.0   285.8579941290418
565.0   278.6179034698201
566.0   299.00783660273987
567.0   298.57120646799405
568.0   294.8929995936191
569.0   311.20844862936383
570.0   321.5015930125555
571.0   324.0671130290986
572.0   320.968838076338
573.0   328.6810959047872
574.0   342.30318374025757
575.0   355.34072136883276
576.0   360.4557590373121
577.0   376.26155227091095
578.0   383.1824333733406
579.0   398.2396507920469
580.0   409.0224184641972
581.0   419.8683938075934
582.0   430.76939521944007
583.0   441.95274448247966
584.0   447.485147530656
585.0   459.6899616225303
586.0   473.2802413901985
587.0   468.7570095818064
588.0   472.70147417074804
589.0   481.1619044003984
590.0   476.6823209159165
591.0   478.79791655643703
592.0   467.187935091878
593.0   468.2005669853006
594.0   460.0213498897424
595.0   448.29259465338436
596.0   443.2521125700517
597.0   433.94939439775874
598.0   430.0662818860013
599.0   421.00263566643406
600.0   405.31845409388416
601.0   407.0752755252937
602.0   391.6854813771872
603.0   402.4238926742866
604.0   387.98392364249895
605.0   387.97705541950523
606.0   393.30670739217305
607.0   389.83275471141866
608.0   389.2625165304556
609.0   366.9236155507922
610.0   378.8105718198592
611.0   373.6930256114312
612.0   384.74512379714764
613.0   371.22334470075265
614.0   357.52168666754903
615.0   360.7593551556049
616.0   370.99041082510996
617.0   378.4688513396392
618.0   367.82623885218027
619.0   376.553424942735
620.0   382.5655321520777
621.0   403.2236560935803
622.0   397.86496088592855
623.0   418.568221534395
624.0   428.49630948494814
625.0   437.830923914741
626.0   461.27765842180486
627.0   474.82129022144426
628.0   486.76524879508787
629.0   503.78494501667
630.0   520.874966154088
631.0   533.6099101144337
632.0   547.8090263700042
633.0   561.3709756177946
634.0   572.7551664205948
635.0   583.4960067683704
636.0   600.5800478007693
637.0   609.3752192610987
638.0   609.4792633047757
639.0   628.6173894498469
640.0   629.5498226936954
641.0   636.9265039723432
642.0   636.6337528330786
643.0   634.0298203877719
644.0   632.6213147718671
645.0   631.8560714310597
646.0   635.0651610554565
647.0   630.1770961502555
648.0   622.8349794043588
649.0   618.5424010058016
650.0   615.1074379433305
651.0   611.0924979514772
652.0   604.2011819167183
653.0   598.5427632867732
654.0   591.7151086955021
655.0   587.8715597000386
656.0   586.8428613785156
657.0   586.9622715304922
658.0   574.7918469184028
659.0   583.5877245218041
660.0   581.8674193001606
661.0   575.1598459732393
662.0   579.3071228363851
663.0   580.3482206100202
664.0   586.7472630829504
665.0   606.2165664629999
666.0   587.4868426707467
667.0   593.7843730600538
668.0   591.5844515886956
669.0   601.543506325711
670.0   624.3648011498008
671.0   632.8834644769548
672.0   645.6747833092742
673.0   641.0210851411191
674.0   643.3017905615717
675.0   669.5369983499774
676.0   667.3043790256625
677.0   683.1005504652853
678.0   690.9734292305395
679.0   715.8618167281327
680.0   732.8520481125197
681.0   747.1012258601162
682.0   764.2314154389351
683.0   780.8980983035844
684.0   792.3157535785587
685.0   811.8172501710576
686.0   828.8053205855774
687.0   843.447800705763
688.0   854.3417309945444
689.0   879.3625996348665
690.0   895.784384959531
691.0   905.9512770956193
692.0   941.4148953567837
693.0   956.0176489639208
694.0   953.767797121098
695.0   978.5541641236466
696.0   970.2395508171606
697.0   963.9099837468827
698.0   1007.8047961698578
699.0   1014.3471352619472
700.0   1005.0653358514346
701.0   986.5467853886173
702.0   1011.5863673593537
703.0   994.6721130837714
704.0   1008.9009272720059
705.0   1008.7324812154015
706.0   1005.1131383637744
707.0   1003.3802683159648
708.0   986.6864614234977
709.0   983.268666648985
710.0   968.0798613340363
711.0   954.91300349731
712.0   948.9065103631542
713.0   938.9022579431166
714.0   931.8913824436213
715.0   911.2641681216186
716.0   913.1171838884923
717.0   920.6635735600329
718.0   888.9856278531803
719.0   899.0069412195
720.0   874.8511426857551
721.0   872.0479225721513
722.0   876.3037498246088
723.0   866.8919333760532
724.0   870.4279501976366
725.0   842.5309029146431
726.0   848.5063206909524
727.0   845.6512228239853
728.0   830.556449233957
729.0   841.4371034363786
730.0   802.3392542727561
731.0   816.7007763920079
732.0   838.3835912610241
733.0   836.1834305563243
734.0   830.028222688358
735.0   823.0762711613585
736.0   785.5559901091667
737.0   794.192987926577
738.0   809.640242120899
739.0   794.2786510166202
740.0   832.2201454598362
741.0   804.4269922953256
742.0   821.519215792852
743.0   801.5252451908617
744.0   793.0656811051505
745.0   772.2370366642526
746.0   771.7280762626353
747.0   778.8003527786827
748.0   778.4290356351837
749.0   792.6213686484672
750.0   816.3833365955363
751.0   834.5852086798933
752.0   862.5319955613452
753.0   895.8383755160266
754.0   930.8305259908047
755.0   977.5643903959965
756.0   1021.1451719008548
757.0   1059.5601016332746
758.0   1117.5061896507066
759.0   1135.4289092957424
760.0   1177.5060730844216
761.0   1226.879718536122
762.0   1266.0950265570127
763.0   1313.603102865801
764.0   1339.1261404497193
765.0   1366.255663267093
766.0   1397.5275624343685
767.0   1402.4724633948804
768.0   1459.736386722399
769.0   1433.380265505014
770.0   1466.1741945628366
771.0   1466.786446372754
772.0   1461.1219626289637
773.0   1434.9416217419746
774.0   1450.6772503540426
775.0   1424.5326868824043
776.0   1421.5069780615968
777.0   1426.047828812942
778.0   1426.8142700007718
779.0   1381.1935165920145
780.0   1376.0779907930025
781.0   1357.175635913309
782.0   1330.3658555014722
783.0   1304.5370880169157
784.0   1276.909561477107
785.0   1251.2745924819744
786.0   1228.7169751479503
787.0   1205.0555230059808
788.0   1173.822148282842
789.0   1158.4809593343045
790.0   1133.7915735180136
791.0   1097.9535380329623
792.0   1081.691366876069
793.0   1052.9282190670608
794.0   1020.9019629838384
795.0   1001.2093360578895
796.0   983.6178126884386
797.0   994.1099668448716
798.0   937.5734846727635
799.0   893.4762573252113
800.0   885.3817177346516
