500.0   235.66561587214898
501.0   238.49757086431214
502.0   236.4893455385703
503.0   232.15313390221556
504.0   233.28999819654996
505.0   225.4045536617861
506.0   222.47005381940394
507.0   217.6569477519646
508.0   210.09272664250113
509.0   202.8729246632485
510.0   200.11501505729106
511.0   196.38188857393607
512.0   194.60334218897637
513.0   192.19421624834652
514.0   182.27820362617652
515.0   182.5653266960431
516.0   186.99737094690119
517.0   191.94161368233924
518.0   187.43017350203775
519.0   192.9191319703176
520.0   184.39858000989994
521.0   188.867667628201
522.0   196.44023500902318
523.0   194.36600115808355
524.0   195.39332295412353
525.0   204.544173072584
526.0   207.45657203747504
527.0   219.14972635941345
528.0   226.45902844470032
529.0   231.7660193928449
530.0   246.14667312296433
531.0   256.0497315835894
532.0   264.0819919580091
533.0   272.08533520041505
534.0   282.7635662728295
535.0   293.2012538750895
536.0   307.17824542999045
537.0   312.79741431086535
538.0   326.13090004242906
539.0   331.72099628927305
540.0   334.47582165213623
541.0   330.0840702220306
542.0   333.6354448920849
543.0   334.81975277420713
544.0   334.32646000349393
545.0   327.2156260022847
546.0   318.31281448077823
547.0   310.64854048870495
548.0   302.5171170960816
549.0   294.60925512132474
550.0   288.26413788644925
551.0   278.2111663935711
552.0   280.32698138666115
553.0   266.13887226332935
554.0   263.3976085261518
555.0   257.3653487965079
556.0   254.88046431715046
557.0   246.57593097862218
558.0   250.68287974152994
559.0   242.28756400391694
560.0   244.11084913902957
561.0   244.7255998602699
562.0   235.7674606065343
563.0   237.61008780943752
564.0   248.2663093660381
565.0   241.26335959134462
566.0   259.15858934115465
567.0   257.8275780347917
568.0   253.04457104527614
569.0   271.71328684929756
570.0   278.6378689219751
571.0   281.19285357014064
572.0   276.56385244542935
573.0   288.3869717643656
574.0   295.3917488839999
575.0   309.3138758850015
576.0   315.0573791611969
577.0   327.2296306299391
578.0   335.08063873811284
579.0   342.92233660315884
580.0   357.09261396731534
581.0   366.73571292744316
582.0   374.0939125108804
583.0   387.04122031017704
584.0   389.6631880387286
585.0   400.9739919698429
586.0   408.91798950057716
587.0   405.52967912128963
588.0   412.09154119139396
589.0   418.3944267408559
590.0   412.9379273004594
591.0   415.7959975937199
592.0   404.47599494535143
593.0   408.49426671666833
594.0   401.93021378944616
595.0   391.4828450552315
596.0   387.3861529085812
597.0   374.72627670082113
598.0   373.1392102428015
599.0   366.12282220732055
600.0   355.64703692916396
601.0   355.3109441145714
602.0   342.76919564321975
603.0   349.49412978306333
604.0   338.9106925697046
605.0   338.8862985326372
606.0   343.87470214172106
607.0   339.96988765639077
608.0   338.9990236713702
609.0   320.9340959013517
610.0   329.58978084156126
611.0   325.7999318003768
612.0   337.46559188144505
613.0   322.83457181408306
614.0   311.4452444466076
615.0   313.54548208430975
616.0   324.58385630182045
617.0   333.4438184717044
618.0   320.78455303758824
619.0   330.77750626776026
620.0   333.4334541505922
621.0   352.18941273765415
622.0   346.37799037864477
623.0   365.4578381327249
624.0   371.26527810155903
625.0   381.8254626727545
626.0   401.73366339652796
627.0   412.35108404298256
628.0   425.93802175232355
629.0   441.9704663429768
630.0   452.7539291417595
631.0   462.79395553231944
632.0   479.2914426247904
633.0   490.4697191884493
634.0   497.1788169365154
635.0   509.82665206184925
636.0   525.3762148128694
637.0   529.7204919826531
638.0   529.3989866675681
639.0   547.8578340156341
640.0   551.9626940722009
641.0   554.3946242518459
642.0   555.3416228593072
643.0   552.4696143730107
644.0   552.666984514018
645.0   552.5066158090818
646.0   555.3199892525276
647.0   551.150256838012
648.0   546.0325297416241
649.0   537.0462000760704
650.0   536.5513000597834
651.0   532.7525131764451
652.0   527.8014553264994
653.0   522.9089357255776
654.0   521.7176101015971
655.0   513.3912686190139
656.0   511.14095757392323
657.0   512.2146765413631
658.0   500.7007117149968
659.0   508.0847631604451
660.0   507.89874238265065
661.0   505.3396771935059
662.0   507.45166350492406
663.0   505.08717469952734
664.0   514.4273456937597
665.0   532.0401874246263
666.0   517.3304852918599
667.0   518.9747904713283
668.0   514.2393511849348
669.0   524.7918429973602
670.0   544.2158368824499
671.0   553.9589233030399
672.0   566.7979152571371
673.0   559.2887098154995
674.0   561.6745522811098
675.0   581.1449031736202
676.0   581.5447624990022
677.0   602.2907415229988
678.0   609.001249712983
679.0   623.0360936898453
680.0   638.7204424512136
681.0   653.1972795940051
682.0   665.7245452186762
683.0   682.1700317845709
684.0   694.3572811169244
685.0   710.170529654223
686.0   724.3357041449997
687.0   734.5219935656226
688.0   747.2380223025443
689.0   769.6740119307605
690.0   786.157931125663
691.0   790.4656738724611
692.0   820.1259088944395
693.0   838.540179011362
694.0   833.4212944685478
695.0   854.065717456712
696.0   848.5198985908249
697.0   840.2861260690258
698.0   883.0371347961607
699.0   889.2342037356791
700.0   883.4758662419329
701.0   862.8664710001876
702.0   884.0205205498596
703.0   871.9123925409394
704.0   883.2028548094981
705.0   886.6636957108699
706.0   881.0868422788492
707.0   878.4214751482508
708.0   862.1839562425624
709.0   861.2689211918165
710.0   849.9663267091447
711.0   835.5611382884617
712.0   832.5020962338292
713.0   822.5025105738289
714.0   813.599643972479
715.0   799.8050328477651
716.0   798.2946159414882
717.0   802.8860928331829
718.0   777.3009004083435
719.0   790.4135522184667
720.0   768.9998475614549
721.0   764.3226908030235
722.0   770.2149419270261
723.0   761.3924917334843
724.0   764.2234200416115
725.0   743.1627427959048
726.0   736.6205365714388
727.0   740.6533233963485
728.0   728.8509097974675
729.0   736.0436737714489
730.0   700.3755209951707
731.0   716.5791080231113
732.0   734.9464084255086
733.0   731.529881129313
734.0   731.3454658188955
735.0   725.3741415466952
736.0   692.0209582952814
737.0   701.5348598199159
738.0   712.1941320752317
739.0   695.7234517817762
740.0   731.9695797724913
741.0   707.4884987362205
742.0   725.9713078687777
743.0   705.3999631058035
744.0   698.4895068139717
745.0   685.3215635837169
746.0   683.1925014546819
747.0   686.6490070830707
748.0   684.7237937784491
749.0   699.3976657311844
750.0   719.0966614526288
751.0   737.0643717891345
752.0   759.1633657329403
753.0   793.6967319312826
754.0   822.79599858906
755.0   860.1267670886448
756.0   895.8852191343346
757.0   925.667992978759
758.0   978.7485582033635
759.0   999.0218441705342
760.0   1031.2386612554376
761.0   1079.3928035871222
762.0   1113.590746992094
763.0   1153.6887626366886
764.0   1176.349548214514
765.0   1203.4697422308752
766.0   1225.9808850764339
767.0   1231.7209915651442
768.0   1287.9419826930728
769.0   1263.2292643752746
770.0   1287.787257348444
771.0   1291.661634184303
772.0   1291.2077765831953
773.0   1260.5842607069392
774.0   1279.2604048316339
775.0   1250.9272309627402
776.0   1252.0387783755402
777.0   1262.9474037862074
778.0   1254.3104014943433
779.0   1217.7973917586107
780.0   1214.7566113298183
781.0   1191.4656304778553
782.0   1169.21158131398
783.0   1144.1373303814066
784.0   1123.1880878486666
785.0   1098.0102168150818
786.0   1075.7227224527558
787.0   1059.262680918418
788.0   1036.5026479757237
789.0   1018.3478809541726
790.0   996.7045599994937
791.0   968.0394415452699
792.0   952.2158910948899
793.0   924.5578262732937
794.0   898.5685454558071
795.0   882.765101255688
796.0   863.5107370875103
797.0   870.2600032233671
798.0   825.3368957944465
799.0   784.4254594904222
800.0   781.358049432007
