500.0   194.2824599334009
501.0   195.47119769104432
502.0   194.980831739614
503.0   191.44636439748538
504.0   191.96631425517927
505.0   187.62081250408363
506.0   185.1448352858981
507.0   179.36246194820131
508.0   173.0134122092765
509.0   167.24317587534642
510.0   163.35981638581282
511.0   161.58368334113305
512.0   162.13761622880915
513.0   159.35788278329247
514.0   151.60495878039953
515.0   151.9689647997481
516.0   155.87038796216143
517.0   159.87320223621342
518.0   154.24802449184153
519.0   158.9476286493965
520.0   149.2635997037258
521.0   155.27537620045138
522.0   163.82302350392922
523.0   161.13401995956778
524.0   159.83501592666622
525.0   171.37773301473504
526.0   172.18618952423145
527.0   184.61829752183317
528.0   188.240698080039
529.0   192.0198734499649
530.0   206.09077183135088
531.0   212.9477429362647
532.0   217.621596081536
533.0   227.25294483735854
534.0   237.71666489151005
535.0   243.86178942590522
536.0   255.55752012375052
537.0   262.5140966868598
538.0   269.8387707504394
539.0   277.0711801478039
540.0   280.7673571730361
541.0   276.9295344666567
542.0   278.74640679737547
543.0   281.3927695057695
544.0   279.44463454937386
545.0   273.4248749867138
546.0   263.4993822601048
547.0   257.58473994375936
548.0   250.65502773034908
549.0   244.0744993341371
550.0   240.35457167877408
551.0   230.0104892218131
552.0   233.85550649912656
553.0   221.425209022817
554.0   220.79457712518524
555.0   216.6939532584456
556.0   213.65403253306621
557.0   203.98401145800767
558.0   209.38642085445545
559.0   199.97206364321278
560.0   205.19500274097916
561.0   205.43326577659977
562.0   193.33728173484315
563.0   198.67186395447163
564.0   208.93554124655802
565.0   202.17387471635067
566.0   218.90829955881472
567.0   214.36269386362602
568.0   215.34596436664282
569.0   226.74099785386406
570.0   233.16395885760375
571.0   234.38095293763246
572.0   233.0258510863214
573.0   243.55250367546114
574.0   248.30769380118318
575.0   260.1564698169118
576.0   265.64584877683967
577.0   274.28803122983686
578.0   282.1880338180655
579.0   289.2015314089805
580.0   297.80573652619444
581.0   307.85528315848194
582.0   313.94096575704293
583.0   322.2628029308435
584.0   326.31877384884984
585.0   335.31320413728133
586.0   345.14923873082637
587.0   341.15280403455813
588.0   344.15762470720836
589.0   350.70149967542534
590.0   348.1082602605439
591.0   349.2930490005955
592.0   340.46190467544693
593.0   342.30731937665576
594.0   335.7818895674676
595.0   328.03203017719005
596.0   324.882155000655
597.0   315.7300669193985
598.0   313.46194491729716
599.0   306.9222745974361
600.0   297.8675950162001
601.0   298.2040307586401
602.0   287.54222847653887
603.0   293.34361657738236
604.0   284.0738167492572
605.0   283.9197552856319
606.0   291.67799933919173
607.0   285.07648485531865
608.0   286.10234987343415
609.0   270.76338032557237
610.0   276.58937441345677
611.0   274.4283243371088
612.0   283.82100179299897
613.0   272.9641116257279
614.0   262.1984083396379
615.0   265.74268801311405
616.0   273.8844611894249
617.0   280.0376760385327
618.0   271.4535774194269
619.0   277.97111284595076
620.0   281.155917667646
621.0   295.13694735573654
622.0   292.33856528153524
623.0   307.1077731435382
624.0   315.8273328331187
625.0   324.6670514758857
626.0   338.28555273329323
627.0   349.54051886648296
628.0   358.80971587981736
629.0   373.6835834743388
630.0   380.4872286897464
631.0   392.3553974615382
632.0   402.08408920415616
633.0   412.57337696044044
634.0   418.09157250835864
635.0   430.7653655576411
636.0   442.59254435244907
637.0   444.74942509765316
638.0   446.54151466376084
639.0   460.7922080102268
640.0   464.1757601604062
641.0   466.2865217799181
642.0   470.46248369733814
643.0   467.0816282865629
644.0   467.3088796049485
645.0   466.17220197287475
646.0   470.1079786483707
647.0   462.0485816652268
648.0   459.1817253772371
649.0   452.4792517238108
650.0   452.5962741458219
651.0   449.08170788327686
652.0   443.2732442504059
653.0   438.18781745868773
654.0   438.6834848601921
655.0   431.8224131667689
656.0   432.7901447989112
657.0   432.0874686878369
658.0   424.0493862067823
659.0   428.7035417860945
660.0   430.4803001964365
661.0   422.0354608246202
662.0   425.5867696877188
663.0   427.45831625175
664.0   434.2295662204909
665.0   448.11449639055644
666.0   437.5920729457972
667.0   440.46185105360803
668.0   436.20694294008337
669.0   445.354887284558
670.0   460.05763361613833
671.0   469.1564259596182
672.0   478.09857286807267
673.0   471.330940561672
674.0   475.13779527131464
675.0   489.55308782027566
676.0   492.2874083370225
677.0   505.96736808806867
678.0   509.7362184434381
679.0   526.2856422731167
680.0   541.7186053571038
681.0   549.544910914982
682.0   559.094944929132
683.0   575.5673448732541
684.0   585.4082014841506
685.0   599.5126449026343
686.0   610.7449823444399
687.0   624.4485415783154
688.0   629.738673309866
689.0   649.3707989512167
690.0   660.0789778756518
691.0   666.8711209893767
692.0   693.6239192281345
693.0   707.6699113643556
694.0   702.2942461684909
695.0   721.3280158782575
696.0   719.7330603133925
697.0   710.2266685586559
698.0   748.4571226616758
699.0   750.2938107967728
700.0   741.3450240691118
701.0   731.1988202391747
702.0   743.7751119575992
703.0   736.2550846357864
704.0   744.6994136087012
705.0   746.8744184193034
706.0   747.2691200181337
707.0   742.0423236218586
708.0   732.8356278734472
709.0   726.7313056344
710.0   717.7015456702303
711.0   704.6957939623364
712.0   699.3515716802845
713.0   694.2836725969487
714.0   685.3310880729146
715.0   674.5754899988364
716.0   672.2880377683873
717.0   680.4202248027569
718.0   658.0999694201045
719.0   668.821227761485
720.0   645.5358334647462
721.0   644.3742047403032
722.0   647.6957973325791
723.0   643.7538306060096
724.0   645.8865150735539
725.0   626.5791790323503
726.0   625.8928852993349
727.0   623.0029204122692
728.0   619.9227487349423
729.0   629.5359041314341
730.0   595.2245740650643
731.0   604.3012998862156
732.0   618.5458880605963
733.0   620.6432414744604
734.0   615.1638863639421
735.0   610.9794413643357
736.0   585.8536829664538
737.0   591.7012700352597
738.0   600.3646291294602
739.0   587.2048320436802
740.0   616.9825891969775
741.0   600.4070438730421
742.0   609.5148912305337
743.0   595.484160120411
744.0   594.4553011654142
745.0   572.9365556679497
746.0   577.6965458989582
747.0   582.9213544137519
748.0   579.9862617277213
749.0   590.1223094632219
750.0   607.4950907823501
751.0   621.6010043117225
752.0   644.0363937119045
753.0   668.0722312256025
754.0   693.8079668630794
755.0   726.2585336326003
756.0   757.288583253184
757.0   783.7805126664002
758.0   833.7959899503776
759.0   843.0066968155588
760.0   870.5518133716455
761.0   912.410012141956
762.0   941.6178233633785
763.0   975.7433457742623
764.0   998.6225029400914
765.0   1015.6061992593222
766.0   1045.0566383013845
767.0   1041.7716825143161
768.0   1086.7202385320616
769.0   1072.0519393659918
770.0   1091.1930158074147
771.0   1091.4832816085896
772.0   1095.5292256666007
773.0   1066.8745857733402
774.0   1083.6321309761122
775.0   1061.266382429762
776.0   1058.077804755005
777.0   1072.7786865961734
778.0   1063.6998054735038
779.0   1031.2061354725117
780.0   1025.2223399002585
781.0   1009.9460752730531
782.0   992.3266676677431
783.0   967.5241139945244
784.0   950.3321207766578
785.0   932.4611378015682
786.0   915.0566031554717
787.0   894.1849090399801
788.0   875.0642087614818
789.0   863.8577812696786
790.0   845.2768885434936
791.0   814.334576059345
792.0   807.3965031979762
793.0   787.8408081657168
794.0   764.3027829602842
795.0   744.7339210088583
796.0   735.2566657201239
797.0   741.0769624231273
798.0   698.4451905406588
799.0   664.2965407050984
800.0   662.3163309441522
