500.0   158.02512756664515
501.0   161.69406585335815
502.0   158.74266181990876
503.0   157.31639608045444
504.0   158.0106694215399
505.0   153.95829530629442
506.0   152.45099508263016
507.0   149.25216251282984
508.0   142.86271102604735
509.0   138.46313765268883
510.0   132.71117020105547
511.0   133.44820892358723
512.0   135.2781550029945
513.0   132.70351552287835
514.0   123.516478627814
515.0   127.08298728373342
516.0   129.2334589063525
517.0   130.4672601548888
518.0   126.58456953946029
519.0   131.59300889759987
520.0   123.23528293717857
521.0   129.0223618119271
522.0   133.78763225062244
523.0   133.38355687299438
524.0   133.22380049815857
525.0   141.276719283123
526.0   142.70342462222476
527.0   151.70505318482643
528.0   154.8885057702886
529.0   158.32673844280447
530.0   170.22026120958736
531.0   176.09340140816371
532.0   181.40389265506556
533.0   186.26055562915974
534.0   195.3074696991348
535.0   202.57297983825435
536.0   210.80252642676766
537.0   216.83547666003807
538.0   224.53454907307028
539.0   227.74962440691348
540.0   231.046508868419
541.0   228.19769160889862
542.0   232.47565171999622
543.0   233.9365356535699
544.0   230.7094425194731
545.0   225.41573324095728
546.0   220.70125739302227
547.0   214.5634452330545
548.0   207.72599630825582
549.0   203.48002472878085
550.0   198.91829757632374
551.0   191.6678056973352
552.0   194.05112966368247
553.0   182.69820910725178
554.0   182.77008966418504
555.0   178.83547865407516
556.0   176.19801718254897
557.0   169.66961837183817
558.0   173.2615674636526
559.0   164.80670412651227
560.0   168.02892306604244
561.0   171.3774781076468
562.0   160.45659438689535
563.0   164.20780422721901
564.0   171.30209084855554
565.0   168.51395184657719
566.0   181.73426103404879
567.0   180.81067571461472
568.0   177.4966337158744
569.0   187.33611107078568
570.0   194.94736230564484
571.0   194.88493093597896
572.0   196.76367298904566
573.0   200.50442537504705
574.0   206.8610289934182
575.0   215.95309152108806
576.0   221.3339897324369
577.0   228.745599897092
578.0   233.54811643817058
579.0   241.1455907127691
580.0   248.6809372075955
581.0   256.7469102902925
582.0   261.81923174407643
583.0   269.7368592338406
584.0   273.2608174451384
585.0   280.63039739760814
586.0   286.55656395336837
587.0   286.07215806491536
588.0   285.17564307025543
589.0   292.1838721292761
590.0   289.41969403506465
591.0   293.3473066457409
592.0   283.3527159720502
593.0   286.83465837975166
594.0   281.96435593648107
595.0   274.95154191611556
596.0   273.694174559022
597.0   264.6704253749474
598.0   263.26672524711444
599.0   257.97372096320345
600.0   249.34303631031932
601.0   248.44033976306392
602.0   239.45412590303133
603.0   245.2969132227127
604.0   236.03899324521046
605.0   235.94050425746553
606.0   245.3714753605848
607.0   240.23825440143264
608.0   238.19165264475254
609.0   227.15392315567553
610.0   231.70403246988005
611.0   229.68003380280902
612.0   238.73774133600944
613.0   226.63968679414967
614.0   216.87693915798096
615.0   222.452189118631
616.0   227.95969064812587
617.0   234.71333416047938
618.0   225.74710684300507
619.0   232.91172020759373
620.0   233.92463408447153
621.0   246.99627988800694
622.0   246.14892033531302
623.0   253.9311521702953
624.0   265.7184682575223
625.0   271.3649594244175
626.0   281.59552022024445
627.0   293.69472077958903
628.0   301.7456665755159
629.0   310.76056244636095
630.0   321.9861710325066
631.0   329.2719304828103
632.0   338.65004280096707
633.0   346.33236979166315
634.0   354.5710749623793
635.0   359.58263214282624
636.0   372.00659175293094
637.0   373.1459580098738
638.0   375.47135339494434
639.0   385.5437181426771
640.0   391.7149880548176
641.0   392.5403606272149
642.0   394.8640624855399
643.0   394.7183111267721
644.0   391.9325499460159
645.0   389.41259673102616
646.0   395.5540031223661
647.0   391.34491468689436
648.0   386.89608627186175
649.0   378.00220345790825
650.0   380.42031827817925
651.0   379.22701453297054
652.0   374.45997647794206
653.0   368.50095093725656
654.0   366.02181156455964
655.0   365.4597408970511
656.0   363.45308797595254
657.0   362.7018772085819
658.0   355.9708208573787
659.0   362.22057273113506
660.0   361.1824898671864
661.0   358.3960922224007
662.0   358.3025506494985
663.0   358.76419577962275
664.0   365.41472849819337
665.0   375.9372472498314
666.0   367.43774513825485
667.0   367.70329059419157
668.0   363.7192087746593
669.0   372.48692571627623
670.0   386.39445504544835
671.0   391.93879788550055
672.0   399.2535409555943
673.0   397.9846758656666
674.0   397.6984672935629
675.0   412.4873621059537
676.0   413.7677148616759
677.0   424.47899363683047
678.0   430.1814515379885
679.0   444.17283450997206
680.0   452.9794442182678
681.0   463.58753339885925
682.0   476.3941120454337
683.0   481.54533548764937
684.0   495.8066028224388
685.0   504.1037604214553
686.0   512.2550068323345
687.0   523.7969616811305
688.0   532.1694921858732
689.0   546.7605182072381
690.0   559.1992278253213
691.0   562.0849120011559
692.0   584.0337914528673
693.0   592.3092547813387
694.0   594.2565865109859
695.0   604.8462202168956
696.0   602.4726029975681
697.0   598.1783699235959
698.0   624.6645302140869
699.0   629.2812899628985
700.0   622.6775605437088
701.0   617.4384615830531
702.0   627.2332160556882
703.0   618.4456551213734
704.0   628.8336805525232
705.0   628.3615107497724
706.0   624.5874001741224
707.0   622.1573804884529
708.0   616.6219898228796
709.0   615.4692856006628
710.0   602.3902250263964
711.0   592.8350278995251
712.0   591.6517761006692
713.0   585.3159691853125
714.0   580.2727344484176
715.0   571.1536180290708
716.0   567.3663716743266
717.0   570.4266785270484
718.0   556.5618968733828
719.0   566.272340463451
720.0   548.8673742547694
721.0   547.1737449476864
722.0   547.0562185755707
723.0   540.0120380575188
724.0   545.0582549571122
725.0   528.8531503810186
726.0   526.1186453825887
727.0   529.9008427800647
728.0   520.2740952732895
729.0   529.0941811674714
730.0   503.26647225971806
731.0   512.2800998977419
732.0   524.5627336961637
733.0   525.1909201051737
734.0   519.9948949923022
735.0   516.6429709461751
736.0   497.3918386929469
737.0   504.53825052618936
738.0   510.6619470759596
739.0   498.3130695817926
740.0   524.1514233612135
741.0   505.7574431381237
742.0   521.366483827047
743.0   502.3042305098578
744.0   500.6930743928418
745.0   490.17941802936247
746.0   486.7461548496305
747.0   493.0383098387194
748.0   489.5486113858838
749.0   499.20381324327536
750.0   514.5269460522034
751.0   524.6561902771067
752.0   541.9004151255964
753.0   563.6526845009525
754.0   588.2775498760548
755.0   615.7927734170819
756.0   639.2687597289893
757.0   661.8821926832788
758.0   701.8890684516518
759.0   718.3707781150231
760.0   739.0349701725511
761.0   770.093197987051
762.0   799.9130741894173
763.0   824.8723778538545
764.0   841.0242536623157
765.0   858.1729793400848
766.0   881.1425788102142
767.0   879.8654966153016
768.0   918.0291939321364
769.0   903.0126163890384
770.0   923.312749215816
771.0   919.3013715014492
772.0   927.5308784857115
773.0   904.5646405006866
774.0   914.7933503330576
775.0   897.2912067662749
776.0   896.9425885484765
777.0   901.0063215553022
778.0   896.51281317514
779.0   868.0300487825016
780.0   867.2522471317388
781.0   850.8067944470986
782.0   835.732606329555
783.0   818.5857728787747
784.0   806.7393547549891
785.0   785.7398408059976
786.0   771.9423432093888
787.0   759.1868625185355
788.0   737.5671147994392
789.0   731.6274645418063
790.0   716.4876358934221
791.0   690.2387920563394
792.0   684.6468939666177
793.0   664.5972345882831
794.0   644.9246995376445
795.0   633.1959553123572
796.0   625.0499107790786
797.0   622.3117992706548
798.0   592.4660926242977
799.0   563.3675966665146
800.0   559.5762538770857
