500.0   127.91589313653878
501.0   126.85808206295906
502.0   124.94431736433407
503.0   123.15407617867251
504.0   126.25031908029467
505.0   121.73801043256032
506.0   119.43544772589135
507.0   115.10776761792317
508.0   113.08406902665416
509.0   109.82211917094645
510.0   107.64815633081272
511.0   106.69964594888603
512.0   105.96579533648722
513.0   103.51213404001962
514.0   99.29715522105474
515.0   99.86583142134151
516.0   100.50783914686133
517.0   104.19860580281997
518.0   100.75203512441334
519.0   103.13450791853631
520.0   98.61935514277081
521.0   102.92511377671195
522.0   106.87510002053477
523.0   105.14614578414958
524.0   105.62935123041373
525.0   111.16873418578109
526.0   112.87838928233276
527.0   119.06025685159673
528.0   122.90099482081825
529.0   125.50673416429817
530.0   133.6753828288721
531.0   140.33263995265614
532.0   144.43087274599063
533.0   148.4398268011721
534.0   155.0556100362848
535.0   160.0935996006162
536.0   166.8353534542232
537.0   170.82371884183164
538.0   177.07967490829444
539.0   180.47944043039394
540.0   182.71750891542374
541.0   180.19008834430346
542.0   182.66517559963592
543.0   184.984480268341
544.0   185.01759632356953
545.0   177.02553073136536
546.0   174.51567588493606
547.0   170.83931296582494
548.0   165.11700861451746
549.0   161.95128185026095
550.0   158.43859248090743
551.0   153.2899740136648
552.0   153.71966572427593
553.0   146.19225971160137
554.0   144.80231389593018
555.0   140.42465809042406
556.0   140.60099537483595
557.0   137.52534826564846
558.0   137.6410623908757
559.0   132.32974321955447
560.0   134.72129966442148
561.0   137.54033013148936
562.0   128.74225191397886
563.0   128.44689604364322
564.0   135.42217099755865
565.0   134.39878717016717
566.0   145.15745225819407
567.0   142.65038580583
568.0   142.2475521917733
569.0   150.7363308770754
570.0   153.3187052078805
571.0   155.13811395060162
572.0   156.20040951588655
573.0   161.93114391188465
574.0   164.72142018172264
575.0   172.6473675162159
576.0   175.0166418282581
577.0   184.5656986351624
578.0   188.44980456509674
579.0   191.78465813323055
580.0   198.94513223915106
581.0   204.17336123561486
582.0   209.32476684759243
583.0   217.37163374469952
584.0   216.64787036952748
585.0   226.14329938290518
586.0   229.65927835054865
587.0   228.2672249371527
588.0   230.61644346648623
589.0   234.3333301160885
590.0   234.1579724699955
591.0   232.41411917718895
592.0   226.4031573419849
593.0   229.49688732673016
594.0   223.64403769221983
595.0   217.85032179514968
596.0   217.0850795019715
597.0   210.77004697281828
598.0   210.76252551848785
599.0   207.0935871819185
600.0   200.3011928818175
601.0   201.20360133534828
602.0   190.47496441516975
603.0   198.39341638077923
604.0   190.46233444670224
605.0   189.76217313646663
606.0   192.5942440517151
607.0   192.4513366904004
608.0   190.85920187530343
609.0   183.19480942712036
610.0   188.52565847868405
611.0   185.12549926315995
612.0   191.47332394972273
613.0   184.03196574561355
614.0   174.6197232883807
615.0   178.0351252170492
616.0   184.34069303319623
617.0   189.79454726834737
618.0   185.29647426978093
619.0   187.21439373699556
620.0   189.36000368197747
621.0   198.45901237069506
622.0   196.7580111927912
623.0   209.43440129810156
624.0   213.3968928443329
625.0   218.6057798493892
626.0   229.08451105303456
627.0   236.5030668651732
628.0   241.25106842313244
629.0   251.65342341679374
630.0   258.88776005025727
631.0   263.9494754343137
632.0   273.0678105015646
633.0   280.04626948616794
634.0   282.71241206393466
635.0   291.4565083488154
636.0   297.51114341612686
637.0   303.30908914968904
638.0   302.6299944268411
639.0   314.0214497685523
640.0   313.6436120933769
641.0   316.97460949226377
642.0   316.3298546108257
643.0   316.85597983456887
644.0   316.40740267964304
645.0   316.5502271557407
646.0   317.2849118571729
647.0   311.0299054296008
648.0   310.37986659124545
649.0   306.9042408243227
650.0   306.35490976031303
651.0   305.26628107054455
652.0   301.9816378811498
653.0   296.94713328378793
654.0   296.33052366040425
655.0   293.3576225717271
656.0   292.1201742999964
657.0   293.45090098340563
658.0   286.1922325338391
659.0   289.0901144528509
660.0   291.2820021961235
661.0   289.39263116463354
662.0   291.6519582223494
663.0   291.6615145497553
664.0   294.71787039762495
665.0   304.16298123367
666.0   297.3944530993458
667.0   300.7223641211647
668.0   297.20402384367884
669.0   302.0373195910607
670.0   313.13181443441493
671.0   318.81756707561135
672.0   325.88230424233257
673.0   321.47727694806343
674.0   322.64272365956833
675.0   334.7037446885977
676.0   332.82906197162936
677.0   344.0970782309452
678.0   350.1466725708254
679.0   358.00354876433937
680.0   366.5821710940597
681.0   374.665600889898
682.0   382.6610006682577
683.0   391.22217207760696
684.0   399.55076813862274
685.0   410.14063118330256
686.0   415.41350662210755
687.0   426.2725076395392
688.0   427.86733084498803
689.0   441.7221075594282
690.0   448.3686786223787
691.0   454.6130973718949
692.0   472.28280846401253
693.0   480.1257309663164
694.0   478.3056316165743
695.0   490.2872385916621
696.0   487.62107757199294
697.0   486.4151671845333
698.0   506.3033027987981
699.0   511.9430259233176
700.0   505.4593866876965
701.0   496.2163082334243
702.0   505.80826590031944
703.0   501.17471237870257
704.0   509.9489719327707
705.0   512.0739136661034
706.0   504.89777454756216
707.0   503.7961965050732
708.0   496.6268398732825
709.0   498.56423064904504
710.0   491.64688796871314
711.0   482.4590057081951
712.0   480.53734657140075
713.0   472.7469478031107
714.0   466.25507924360653
715.0   464.37282216311996
716.0   460.8325921836149
717.0   462.7126278807996
718.0   449.1880195337045
719.0   455.3921678559746
720.0   443.67427438709285
721.0   442.0802160743338
722.0   444.5827161839306
723.0   442.0930727944447
724.0   438.8613712455818
725.0   427.86806855045074
726.0   425.46730530240177
727.0   428.00264260468225
728.0   422.30870640603644
729.0   428.2585121405061
730.0   407.59199418629294
731.0   414.9640277207898
732.0   427.080343275058
733.0   423.58637568671264
734.0   423.25275129953434
735.0   420.0392253827391
736.0   401.43593976462734
737.0   406.4888896186659
738.0   412.4809577657037
739.0   404.9586297146462
740.0   424.1550689948824
741.0   409.73913753095815
742.0   419.7891531828119
743.0   409.69577670152
744.0   407.8684657865766
745.0   395.39014116374125
746.0   399.52958905743
747.0   400.5156522863137
748.0   399.6196704527227
749.0   408.64583416909613
750.0   418.71287668132106
751.0   431.1986776957557
752.0   441.65262310842525
753.0   459.73814502767397
754.0   475.2033382867085
755.0   499.7887657148337
756.0   518.6216268282934
757.0   538.9469429762016
758.0   571.0169054133502
759.0   581.6364531082024
760.0   599.1709734063043
761.0   624.6897474873972
762.0   645.8532585118833
763.0   669.5579591485741
764.0   684.9826089044775
765.0   698.7480230897745
766.0   713.2695616678525
767.0   710.9760360688148
768.0   749.1697255522283
769.0   735.0777340733027
770.0   749.5721778303455
771.0   747.8595175405248
772.0   749.7043644351314
773.0   731.4411190657872
774.0   741.6584204029252
775.0   727.9651463262052
776.0   724.1799798596986
777.0   730.0970425671685
778.0   729.2286321564792
779.0   708.2845896282654
780.0   705.5463832218854
781.0   692.6259544897393
782.0   680.2499847594937
783.0   667.9355437576735
784.0   653.5727185501964
785.0   638.1900795421609
786.0   629.2224334973787
787.0   616.9127246206483
788.0   600.0840556743798
789.0   594.9473482447153
790.0   581.5637324631808
791.0   559.7340879573983
792.0   556.1482025340385
793.0   538.8333390519674
794.0   525.4621382124143
795.0   516.1773143396604
796.0   507.7364862527659
797.0   510.7073098268544
798.0   482.7874769876466
799.0   461.16821211416413
800.0   458.07933476258955
