500.0   100.80256948976876
501.0   104.21120643622561
502.0   101.58935776376356
503.0   100.27169489001281
504.0   100.15923741028047
505.0   97.40801511322411
506.0   95.16405498114793
507.0   94.889872455986
508.0   91.43546668697684
509.0   87.31940958442493
510.0   85.02528092378813
511.0   86.59714977472163
512.0   87.14048673539739
513.0   83.03327741236362
514.0   78.12146967819498
515.0   80.62366558449992
516.0   82.44318442507324
517.0   85.64929716344463
518.0   80.99093134782999
519.0   83.19430828645545
520.0   79.5893269985765
521.0   82.53186563851011
522.0   84.65982163665922
523.0   85.47724927866355
524.0   84.21294736158191
525.0   89.64874183149396
526.0   92.23905711286812
527.0   96.45845789245018
528.0   98.2321473790605
529.0   102.7545617125395
530.0   108.21365757433233
531.0   113.88118422380725
532.0   117.53086555967374
533.0   120.58937870752038
534.0   123.75989317914315
535.0   129.64246119175255
536.0   136.40151135003106
537.0   140.04071928588127
538.0   145.08528847488603
539.0   146.14201304227942
540.0   146.7776857004068
541.0   148.4233379066541
542.0   148.48700618920924
543.0   151.27920520252204
544.0   148.81743796858905
545.0   146.24040843418967
546.0   141.74831241728918
547.0   139.91234082390406
548.0   131.87929415732262
549.0   131.7175883044817
550.0   129.75079464093116
551.0   124.76321495525059
552.0   124.30540466234598
553.0   117.67919089010337
554.0   119.37506838715535
555.0   117.01795687895887
556.0   115.07304729711447
557.0   110.51540741964317
558.0   113.65516064637964
559.0   107.77327739050327
560.0   110.3457214855301
561.0   108.98499407900718
562.0   104.86310011703665
563.0   105.65635965642616
564.0   113.21577286861256
565.0   109.75357859979982
566.0   116.74155657547337
567.0   117.03056812389224
568.0   113.04855442848236
569.0   124.55809588866205
570.0   127.62260183685117
571.0   129.83350226290793
572.0   127.65313493998545
573.0   131.39846251727624
574.0   137.44639754815626
575.0   140.72701498342863
576.0   143.89319608737387
577.0   150.9550471763589
578.0   156.6121678097629
579.0   155.85952264979198
580.0   163.98293526356343
581.0   167.3031868007765
582.0   170.37653016271454
583.0   177.34993337877768
584.0   177.37313204016738
585.0   183.59686379369202
586.0   189.06776711469197
587.0   188.1367134159636
588.0   187.77212466666575
589.0   193.00300540351716
590.0   193.46360316101004
591.0   191.74596072379646
592.0   188.16128930975188
593.0   188.4909793196894
594.0   185.74549514974407
595.0   180.60480136893437
596.0   176.82120066752623
597.0   174.23423414470372
598.0   174.06561656813824
599.0   170.40625164679545
600.0   164.5764937982452
601.0   163.214272029392
602.0   158.21329848232276
603.0   162.69885363505153
604.0   156.28122368552738
605.0   157.16249487524487
606.0   159.99442014931722
607.0   158.0766867643864
608.0   158.82461538787243
609.0   149.8724886449667
610.0   154.31606033425467
611.0   152.2794815426804
612.0   156.95847915638086
613.0   151.46642001942638
614.0   145.9050043873714
615.0   146.74749713703545
616.0   152.38968407648375
617.0   156.65538245092986
618.0   151.2550991116955
619.0   153.38987610751926
620.0   157.32103481670075
621.0   165.6475155849081
622.0   161.2697709406518
623.0   170.78060757715676
624.0   175.74766393028665
625.0   181.38913738695703
626.0   187.92778012790316
627.0   197.89221419347177
628.0   200.20394350187138
629.0   208.52468160704578
630.0   214.8409962070401
631.0   220.20400339404273
632.0   226.15600506382205
633.0   230.2887251238097
634.0   236.221924720152
635.0   240.43579995241245
636.0   248.93037274524352
637.0   249.29732262562192
638.0   249.39490623636877
639.0   258.5710682014527
640.0   262.50550050927393
641.0   263.67675368493695
642.0   265.2712293829305
643.0   264.076701336457
644.0   261.22130090131714
645.0   259.3512940452571
646.0   265.50606393069666
647.0   261.5793583415084
648.0   258.0472701009671
649.0   255.43408538720092
650.0   255.01393570298984
651.0   254.1687250698455
652.0   253.2302729059127
653.0   248.62634164595252
654.0   245.23732825534387
655.0   244.2419163490313
656.0   244.4505962145651
657.0   245.8526034542639
658.0   237.70635416986255
659.0   243.21376608657886
660.0   244.74535576504496
661.0   241.17222606012695
662.0   242.31023154213426
663.0   245.33021180440926
664.0   242.93552803153273
665.0   255.43210033443705
666.0   248.19493816254268
667.0   250.10880474785128
668.0   246.8102257916015
669.0   253.21649073732658
670.0   262.7860111667672
671.0   265.6589252605379
672.0   270.41714925598063
673.0   267.7972082217726
674.0   272.11478845461284
675.0   279.0091461133253
676.0   277.7860576424122
677.0   286.43781415596965
678.0   290.9396018111998
679.0   301.06950260147084
680.0   307.61762412204405
681.0   313.44249385261867
682.0   319.59330550218436
683.0   324.9160117836908
684.0   332.80607131033753
685.0   342.3716544740233
686.0   347.4397379693726
687.0   349.891883074293
688.0   359.3026020883317
689.0   368.71934902525413
690.0   375.52512187975873
691.0   378.9744026938266
692.0   393.458259778312
693.0   403.0393971241298
694.0   402.4320197729077
695.0   410.3021160905165
696.0   407.49498291756083
697.0   405.6119459493798
698.0   422.32703441640433
699.0   426.16730905243367
700.0   422.1137583694463
701.0   417.14769671209723
702.0   426.5939104643689
703.0   419.56641342578064
704.0   424.0652101342136
705.0   427.00797977707475
706.0   424.07320385104305
707.0   421.47901102069943
708.0   414.9209981451428
709.0   416.14793460865474
710.0   410.9865981844911
711.0   404.48087907228734
712.0   400.5041363808003
713.0   397.38772874894204
714.0   393.0403318241743
715.0   388.62727359836015
716.0   388.7825992472334
717.0   388.182367163875
718.0   376.7522640625251
719.0   384.7867352876635
720.0   371.17016516858575
721.0   371.4581051219831
722.0   371.4037199953547
723.0   370.524972793068
724.0   370.07884044500923
725.0   361.23720475872835
726.0   358.647476477428
727.0   358.2100158101607
728.0   355.05646644078126
729.0   360.9025750119878
730.0   342.70387724650357
731.0   347.3245002393427
732.0   359.3165833583523
733.0   359.64389108391873
734.0   357.0132438051395
735.0   352.7231106513235
736.0   338.26312028773026
737.0   341.8767332809374
738.0   344.8850631511151
739.0   340.43545071452985
740.0   357.5425933431776
741.0   347.07151857700205
742.0   354.7510415963602
743.0   347.8383747836833
744.0   342.1755660585534
745.0   333.57691792212466
746.0   334.0091428466881
747.0   336.5104383420265
748.0   336.7007923144103
749.0   343.6684343293224
750.0   352.33678075000023
751.0   361.91916055677814
752.0   370.02605838134207
753.0   387.0233521635303
754.0   400.8923909063088
755.0   417.72627272515587
756.0   436.23512740146384
757.0   450.34859787909375
758.0   477.2782817664489
759.0   487.6080449856629
760.0   502.3892595102836
761.0   523.6896038284705
762.0   540.8808969735398
763.0   561.3448985077644
764.0   571.6745788200992
765.0   584.0468991529171
766.0   600.8694896798172
767.0   599.2589328953962
768.0   627.1071281521083
769.0   613.3871184912011
770.0   626.3695048448594
771.0   626.8250010291092
772.0   628.2124421276936
773.0   616.4417912225344
774.0   622.854987946547
775.0   610.4744244622593
776.0   606.4763875318749
777.0   613.4275279423314
778.0   612.0843149016234
779.0   592.2812287767408
780.0   592.1352528615481
781.0   583.9921358383681
782.0   570.8247185602222
783.0   558.9163120760198
784.0   550.6667350448379
785.0   536.6788515282485
786.0   530.9594268027063
787.0   519.7081408800834
788.0   502.8348258800745
789.0   501.31179138244374
790.0   489.66361576566226
791.0   474.2688345548343
792.0   467.5360377402513
793.0   454.91715934127456
794.0   442.2811095679806
795.0   431.8633306993135
796.0   425.9339635030372
797.0   428.27920308962587
798.0   401.65234138693705
799.0   387.79036648345345
800.0   385.07965351340744
