500.0   78.09013720699477
501.0   80.0492976122618
502.0   77.23416342077351
503.0   75.8804149852891
504.0   75.63902575665611
505.0   75.31977877969592
506.0   73.8575018194484
507.0   72.06187345079411
508.0   70.38300319858877
509.0   66.52376314896333
510.0   66.23190757968584
511.0   66.15297356723403
512.0   66.83543819722999
513.0   64.43278776910117
514.0   59.675602968056324
515.0   62.23856726334216
516.0   62.44476470765716
517.0   66.73013518468471
518.0   63.69038119574455
519.0   63.751182671694835
520.0   60.13199954934424
521.0   64.10354934857273
522.0   66.53574597440445
523.0   65.36228138486362
524.0   65.62323676892933
525.0   69.56192809230657
526.0   70.38661250013854
527.0   75.67105718081868
528.0   75.55397790772076
529.0   79.0156745538772
530.0   83.05065503657346
531.0   87.03630877962385
532.0   89.36005185779354
533.0   92.64465372389526
534.0   97.76463307973637
535.0   101.02921783747337
536.0   106.02672239285386
537.0   109.51844938236098
538.0   111.23904973344727
539.0   113.90812192152902
540.0   115.65938827340509
541.0   112.09064549377732
542.0   114.7273911313722
543.0   116.03184012602063
544.0   114.45750923291416
545.0   113.52847739870705
546.0   109.54198365392455
547.0   105.59440620721455
548.0   102.89637771788759
549.0   101.32516446817033
550.0   100.26860889795304
551.0   96.21315957728052
552.0   96.16544563082843
553.0   91.51761108019781
554.0   93.14552970677113
555.0   90.61238357291049
556.0   91.1593735217605
557.0   86.7045180403448
558.0   87.29178113044131
559.0   83.45005691646185
560.0   86.03595552941451
561.0   87.17622368133536
562.0   80.7170510538266
563.0   84.63390372464113
564.0   87.10408710556501
565.0   84.58390040628012
566.0   93.08102204174745
567.0   90.10725570457379
568.0   88.64786238506866
569.0   96.48373363370737
570.0   100.05765823539446
571.0   98.29700589121325
572.0   99.68831629590821
573.0   102.19921891138085
574.0   104.76865974774836
575.0   112.0487157263282
576.0   112.97330121165626
577.0   117.76582187390619
578.0   119.5009842380185
579.0   123.70589595447274
580.0   128.80012246534926
581.0   130.14811675602257
582.0   133.08430124209306
583.0   139.35601045084854
584.0   140.44522229881034
585.0   143.215801026108
586.0   146.8850244663524
587.0   147.82831721655353
588.0   148.1597929726394
589.0   152.32783248418977
590.0   150.94602738371174
591.0   151.09615176461872
592.0   146.87155603638385
593.0   149.68697028357806
594.0   145.51541192658803
595.0   142.63630067580488
596.0   140.64430800367626
597.0   136.55056961785206
598.0   135.08702459818164
599.0   132.7437910827985
600.0   130.2335271745856
601.0   129.5898172994524
602.0   123.2502243127025
603.0   126.962097510543
604.0   122.55964033145335
605.0   122.91471347043597
606.0   124.44058741419414
607.0   125.68681567467723
608.0   125.47053949422798
609.0   117.28715194243566
610.0   122.09077818348041
611.0   118.5902404511566
612.0   124.71521163614472
613.0   118.73647948447666
614.0   113.23406054680262
615.0   116.65162328562519
616.0   119.3716662139486
617.0   124.250319336091
618.0   119.9085485391827
619.0   123.36034308556552
620.0   126.20556465447297
621.0   131.24318041349125
622.0   127.88694517398207
623.0   133.8677299752368
624.0   139.08518392602514
625.0   141.10949937095342
626.0   148.65105689212814
627.0   155.47553376330092
628.0   159.46520061179166
629.0   164.63474578008774
630.0   170.40101675945223
631.0   173.37218717591117
632.0   178.72168060597696
633.0   183.41780710875545
634.0   183.9355186358179
635.0   191.4751523606291
636.0   196.34821638938763
637.0   198.77065838769613
638.0   200.64734510291154
639.0   204.3887110803624
640.0   208.15057501554648
641.0   205.30250188926794
642.0   208.52673418058444
643.0   209.82028619154949
644.0   206.98062295852154
645.0   206.0357210808322
646.0   209.38445388980603
647.0   208.32307221838823
648.0   204.77343157167843
649.0   203.21802864247672
650.0   201.67083750453793
651.0   202.10758911469065
652.0   200.05978236692002
653.0   195.62474391230742
654.0   196.38724950304112
655.0   192.66158594016295
656.0   194.4947193588331
657.0   193.48432240437924
658.0   190.10201520229384
659.0   191.08681264069088
660.0   194.32519077949712
661.0   191.6201476128253
662.0   191.50091844144754
663.0   192.60063128192314
664.0   192.82693740089115
665.0   200.2156685547249
666.0   195.7637057806431
667.0   198.50781584461876
668.0   194.8651848257295
669.0   201.0242611666573
670.0   209.0566975895602
671.0   211.57483870947382
672.0   216.87430229615302
673.0   214.53711636418404
674.0   213.08363082613712
675.0   221.31431585022509
676.0   219.151391502519
677.0   227.10623592966726
678.0   232.1173922209718
679.0   238.14886396704705
680.0   245.97605507462055
681.0   248.92173583419574
682.0   254.2445983249786
683.0   260.32973403275287
684.0   264.9593496803983
685.0   271.07919603912626
686.0   274.2913635156676
687.0   284.85957844553457
688.0   286.50204042140456
689.0   293.0108642144801
690.0   302.3846763928863
691.0   303.1534310910688
692.0   313.80488119482845
693.0   321.3074179156962
694.0   319.9947640942301
695.0   327.3502042328073
696.0   324.16106660947776
697.0   321.9618576485518
698.0   336.4837979954332
699.0   339.88123845606833
700.0   337.5590213972236
701.0   333.14093142194764
702.0   337.208814613955
703.0   332.76572377526236
704.0   339.41082295582345
705.0   338.9584132542391
706.0   335.5994781788484
707.0   338.8816550548405
708.0   330.23162269515785
709.0   333.26762771472625
710.0   327.5471245771688
711.0   322.7516255960391
712.0   321.00630888644946
713.0   318.1278262611349
714.0   313.85673374910186
715.0   308.98908919427333
716.0   309.46368006796797
717.0   308.83906472105116
718.0   303.08161516854545
719.0   305.5882116252954
720.0   297.01166045759203
721.0   296.9933363089827
722.0   298.8073512930707
723.0   294.3592251148936
724.0   297.68585149643565
725.0   287.1453977319553
726.0   286.8837372414106
727.0   286.3501162261715
728.0   284.16586996030054
729.0   283.7064378264016
730.0   273.0061107688838
731.0   277.04397363761507
732.0   286.30653158966203
733.0   285.0535158452332
734.0   286.07119190625644
735.0   280.07785245845105
736.0   268.9992504127037
737.0   275.96374135959957
738.0   281.1417416287336
739.0   274.5473314388334
740.0   286.2551160160415
741.0   277.1810419779762
742.0   283.4375686787088
743.0   278.47483614269186
744.0   276.46185806399285
745.0   265.9305622432922
746.0   266.7421493445773
747.0   270.0694588395728
748.0   269.74388291452993
749.0   274.7169611433602
750.0   281.39542635174644
751.0   290.37459495538457
752.0   297.0747315877876
753.0   309.5618991363922
754.0   319.6609711575704
755.0   335.42874292549624
756.0   347.3908898699981
757.0   361.5050235543805
758.0   382.07904799911876
759.0   390.13685734417936
760.0   400.1484157946723
761.0   419.2968789872384
762.0   432.0573250607423
763.0   447.02696670037113
764.0   457.02458188845475
765.0   463.5782844596045
766.0   479.2970126907324
767.0   479.1281002490182
768.0   500.175807035698
769.0   493.373356014763
770.0   501.5423951794424
771.0   502.7337039442719
772.0   499.49750295105093
773.0   491.9354889031175
774.0   498.3408093461056
775.0   487.7167488316878
776.0   489.3065845370111
777.0   490.44465367591295
778.0   486.58002529206055
779.0   473.21090988387397
780.0   472.75995316148453
781.0   465.71829455310757
782.0   457.3077168924366
783.0   445.38268002194627
784.0   440.20355207201527
785.0   430.93027211462896
786.0   424.1892564496699
787.0   414.0451976562441
788.0   402.50658892804245
789.0   399.103439186669
790.0   387.61749350608227
791.0   377.9299597172006
792.0   373.8726849727787
793.0   363.07985457100426
794.0   353.86596260559475
795.0   347.86974528759214
796.0   339.4440101786649
797.0   342.8349900091416
798.0   322.1420802455015
799.0   309.91178703841683
800.0   309.9708178020039
