500.0   62.19795608872636
501.0   64.05394351970403
502.0   61.5330038077831
503.0   60.20867578326133
504.0   59.84743867665654
505.0   59.68939812783884
506.0   61.24470266300111
507.0   59.158163959388446
508.0   57.46892940701838
509.0   55.1032236897677
510.0   51.413598780857996
511.0   54.01168783219546
512.0   53.10465324113977
513.0   50.646242532449975
514.0   48.6424912597804
515.0   49.951294291812616
516.0   49.62238211490268
517.0   53.237810030286454
518.0   51.66426466290443
519.0   50.92904697599201
520.0   49.106883155223954
521.0   51.32349902623682
522.0   53.849303702200416
523.0   53.218282487614005
524.0   53.7834088002341
525.0   56.773475013050984
526.0   55.35140985674852
527.0   61.95991141739148
528.0   62.56960474132342
529.0   63.049206798016
530.0   68.52899919058973
531.0   72.65548843943063
532.0   73.45732425495166
533.0   76.92072047046406
534.0   79.17731387893951
535.0   80.82522374871246
536.0   85.64852818152099
537.0   86.5166455251233
538.0   90.11538431165681
539.0   92.23541992439726
540.0   92.29174194823682
541.0   90.6209140161499
542.0   93.51992741639503
543.0   95.7641876931095
544.0   93.46875644046429
545.0   91.18993194394417
546.0   88.34716149401243
547.0   86.0558668631532
548.0   83.03490159048326
549.0   83.56175719928001
550.0   81.07492326137614
551.0   78.8507630484687
552.0   78.11947272650079
553.0   74.06166355396039
554.0   73.93581963554726
555.0   73.377775447836
556.0   72.3666200696284
557.0   71.38811054093213
558.0   71.7166732046496
559.0   67.04959184494834
560.0   70.37581709052708
561.0   69.62333061446137
562.0   68.27384851061521
563.0   67.78671085153564
564.0   70.95387599913292
565.0   70.06475953793222
566.0   74.73244469229124
567.0   73.34065189649596
568.0   73.44857499117558
569.0   78.76013478616747
570.0   78.850484762333
571.0   80.57849734532408
572.0   81.41489242297169
573.0   82.50544628569372
574.0   84.83054129790048
575.0   88.9255522377679
576.0   93.47014980675439
577.0   96.63228086043569
578.0   98.45408774027166
579.0   101.11962549501897
580.0   104.02210670267152
581.0   106.4928547088613
582.0   109.59611628533301
583.0   113.35201478894066
584.0   114.39185374247307
585.0   117.99610451408228
586.0   120.31612991020157
587.0   119.85072398970405
588.0   121.85626907964885
589.0   122.20189598870846
590.0   122.94717668334886
591.0   123.16873720181249
592.0   119.39567577191295
593.0   122.7650251592531
594.0   120.0768193068956
595.0   114.89764316042533
596.0   112.06519978803635
597.0   111.42158978548107
598.0   111.32969206367903
599.0   109.96412035226075
600.0   105.57991185914673
601.0   104.31759625648195
602.0   101.15483709557296
603.0   103.29661208652357
604.0   101.28038360777379
605.0   99.17832954408232
606.0   103.08538561955808
607.0   101.6217365212076
608.0   100.8789382065429
609.0   97.50800651793767
610.0   98.32649753712516
611.0   98.21691231073413
612.0   100.73582595527313
613.0   98.35657146051136
614.0   92.84625135906745
615.0   94.78731011284265
616.0   99.48404791098201
617.0   100.43343315789215
618.0   96.88655980769735
619.0   99.33875655078847
620.0   102.46992755878662
621.0   107.5182651600964
622.0   105.6535081095137
623.0   111.34593490070822
624.0   115.59205488376557
625.0   115.7051821382367
626.0   123.78457684902108
627.0   126.83850831863589
628.0   130.91905552981547
629.0   135.60751549790726
630.0   140.45970253309824
631.0   141.9733460745253
632.0   145.9668024811027
633.0   149.5813900653537
634.0   151.4153969827767
635.0   156.9211568587409
636.0   161.44513820228178
637.0   161.72217744966065
638.0   162.20949239213004
639.0   166.95156140541675
640.0   168.0618049592039
641.0   170.40842236260266
642.0   169.69918874434566
643.0   171.77732500092367
644.0   169.62740515698184
645.0   168.5357636115136
646.0   173.9847477176853
647.0   170.4017051014182
648.0   168.18967650946433
649.0   166.84312380360808
650.0   164.8522310031999
651.0   166.84484063121647
652.0   164.42551074358548
653.0   161.6246626985991
654.0   159.98140493323962
655.0   160.43117950358263
656.0   158.35908092950552
657.0   159.36274740834378
658.0   154.66008087318028
659.0   157.21529682774462
660.0   160.14272292345203
661.0   158.47406855594204
662.0   157.75641111502375
663.0   157.98661085645978
664.0   159.33023923344672
665.0   165.84447192563886
666.0   162.3088494656644
667.0   164.71732874924098
668.0   160.2502737228449
669.0   165.84031642912942
670.0   171.3824941032952
671.0   174.17548910703377
672.0   176.2160910373321
673.0   176.2880759212855
674.0   178.97098418495332
675.0   183.61152126953047
676.0   182.2884883029999
677.0   188.93633596989923
678.0   190.09336383598685
679.0   196.81318609185794
680.0   203.62267998995594
681.0   203.55681561674984
682.0   209.17533562530247
683.0   215.59829510727928
684.0   220.86257325747013
685.0   227.38805053838405
686.0   228.76694784333853
687.0   232.29118902068475
688.0   236.46254022989652
689.0   243.54818348583314
690.0   249.8266597708212
691.0   252.6271642641432
692.0   262.2577741943902
693.0   265.05739445059316
694.0   262.76627718495854
695.0   270.4484091140662
696.0   270.16332196369115
697.0   268.5944243982635
698.0   279.1548705845249
699.0   283.1756867907838
700.0   279.8697858182093
701.0   277.1427742143877
702.0   282.0919702294686
703.0   279.55506400047716
704.0   283.3840378013071
705.0   280.1433515851231
706.0   281.6127874496312
707.0   280.8747487438974
708.0   274.6271077827371
709.0   276.8117730711448
710.0   271.9398598444018
711.0   268.31288588045874
712.0   266.2582581712669
713.0   263.67697885989435
714.0   261.69188923128416
715.0   255.78614347709717
716.0   255.66868203622886
717.0   257.193404742432
718.0   249.95568693289036
719.0   254.08525689626833
720.0   247.77147396021198
721.0   247.90110821065394
722.0   249.08708938111636
723.0   246.76429436223054
724.0   249.2759227054807
725.0   240.46743754838073
726.0   240.00722379124014
727.0   236.95274641792147
728.0   235.7871288963566
729.0   239.8337910165366
730.0   228.80561459589367
731.0   233.39858709795703
732.0   238.4482131677703
733.0   237.3000697238689
734.0   237.7055169012983
735.0   233.6803821616783
736.0   226.6544100436683
737.0   229.64313210679532
738.0   232.0668305598388
739.0   226.2632556240992
740.0   239.6899125910275
741.0   233.267713844933
742.0   236.92310665590614
743.0   232.61209086894388
744.0   226.163327413834
745.0   223.31049791223643
746.0   225.06750145954186
747.0   227.47948539896612
748.0   225.57893757574925
749.0   227.71453366232353
750.0   233.69315294571342
751.0   239.98933501985044
752.0   247.87479342532163
753.0   257.39973354555417
754.0   265.043460462522
755.0   280.6447102799348
756.0   292.2454851612792
757.0   299.52437815804376
758.0   318.9975396968996
759.0   322.88262554454013
760.0   333.65662772117304
761.0   350.6630033653853
762.0   361.6523774067241
763.0   373.72869260791066
764.0   384.02588901780524
765.0   387.1715935634276
766.0   399.1088568294759
767.0   398.1881243365277
768.0   418.1682797306451
769.0   408.7690777252003
770.0   417.0718213010294
771.0   417.02996471445596
772.0   420.23815709140183
773.0   410.4834819712938
774.0   417.42643804571327
775.0   408.05435969235555
776.0   405.43311642802246
777.0   411.2417387829789
778.0   407.79881386420493
779.0   394.5218019186655
780.0   396.4692434059041
781.0   388.12448756635075
782.0   380.377453299218
783.0   374.68996133933763
784.0   367.8065881957305
785.0   359.63678610683377
786.0   354.98636054771697
787.0   345.7977850095235
788.0   337.302075644213
789.0   333.5219919696036
790.0   326.6769937100835
791.0   316.78195224234304
792.0   312.30539890256904
793.0   306.45375549236417
794.0   297.1454329937915
795.0   290.9784609444157
796.0   288.90475148538536
797.0   286.9205327878035
798.0   272.62678955449934
799.0   260.12363262945996
800.0   258.36431146280853
