500.0   44.72236749575171
501.0   47.63459633559606
502.0   44.8819897526071
503.0   45.16423150014779
504.0   45.28357012662994
505.0   45.40286725445654
506.0   42.71684501983583
507.0   41.31562820782719
508.0   43.374022435259405
509.0   39.74453212509451
510.0   38.11317233186438
511.0   39.214961650941746
512.0   40.08371528909353
513.0   36.39345406447228
514.0   36.077024847524854
515.0   35.636947959640906
516.0   35.741358739674865
517.0   38.672100016892216
518.0   36.88986922629803
519.0   38.46476680416822
520.0   35.04917759502922
521.0   38.73491803427845
522.0   37.549684106935274
523.0   38.714868737582094
524.0   39.167331634664464
525.0   41.73546313428781
526.0   39.25083454269361
527.0   44.29775052897443
528.0   47.31130386885587
529.0   46.20354928876628
530.0   49.29738226727116
531.0   53.01890283387306
532.0   52.587504738071715
533.0   55.53510331968906
534.0   58.27836577779573
535.0   58.27477319887444
536.0   62.62856679901449
537.0   64.0449972704015
538.0   65.03981627207568
539.0   66.18140809732222
540.0   67.8753537807028
541.0   65.67586479986753
542.0   68.33879035940191
543.0   66.0606946832485
544.0   69.18057657281759
545.0   65.87322420224334
546.0   63.74990274564698
547.0   62.34249045000064
548.0   60.39264928169473
549.0   60.9132602667631
550.0   59.34619398634055
551.0   58.65415743016521
552.0   57.90630138748497
553.0   55.22127969600433
554.0   55.18303266360948
555.0   53.758529314668124
556.0   53.91107464739494
557.0   51.530072531133726
558.0   53.16008641120669
559.0   49.77114002821929
560.0   51.005390198288126
561.0   51.54784439390076
562.0   49.17565026813068
563.0   49.015832236472136
564.0   52.058169555782484
565.0   51.53735380296152
566.0   55.66436731840719
567.0   55.13562114632779
568.0   54.19764684024753
569.0   59.02350901303768
570.0   57.80601352852304
571.0   58.3869856828955
572.0   59.59956679107836
573.0   61.99991819698889
574.0   62.255192063661866
575.0   64.51247355651245
576.0   66.97381210626483
577.0   70.96161422334296
578.0   73.17217059989704
579.0   74.3436805001715
580.0   76.93134032275697
581.0   79.57616666003739
582.0   81.12992665208824
583.0   84.53432295288343
584.0   83.86565796124984
585.0   85.58521760873799
586.0   87.85501863602056
587.0   89.31987743044496
588.0   89.42523261151965
589.0   91.1104807642163
590.0   92.48332071782852
591.0   91.49441451479359
592.0   87.51242672130175
593.0   91.56829147992741
594.0   87.39701678576782
595.0   84.83077587091793
596.0   84.87423753981665
597.0   82.61063154223368
598.0   80.73611563279343
599.0   79.31162778307129
600.0   79.25503846269967
601.0   79.14956998962592
602.0   77.51846436951254
603.0   78.21366908198348
604.0   74.18597122248917
605.0   74.60953525507796
606.0   75.75833474823722
607.0   76.42677130207625
608.0   76.59287682020408
609.0   73.31156007116462
610.0   74.44135985273383
611.0   73.6404881893373
612.0   75.4203883026949
613.0   73.77058141877836
614.0   67.5848738954588
615.0   72.16686802649923
616.0   73.45270480942727
617.0   75.74031888758307
618.0   72.01070601324321
619.0   74.88098880490557
620.0   75.65008744302108
621.0   78.71774865099496
622.0   79.5954933545278
623.0   83.16121873453378
624.0   85.14188323932427
625.0   85.73022040558305
626.0   90.68767062713871
627.0   95.91010171429417
628.0   98.73888033549298
629.0   99.66236618910304
630.0   103.32191848643785
631.0   103.71211681028171
632.0   110.70302178081627
633.0   110.8288108137954
634.0   112.28598372768698
635.0   116.67210820940542
636.0   122.30619483962289
637.0   121.09083534837026
638.0   121.9449481457003
639.0   125.26185641057899
640.0   126.42401093171284
641.0   126.84170319458195
642.0   127.55810635868161
643.0   128.938787525833
644.0   128.13454633936752
645.0   127.17109774056937
646.0   128.43301788456012
647.0   127.54735054085148
648.0   124.92297822405732
649.0   123.80172065046247
650.0   124.10462758791635
651.0   123.00438178460968
652.0   122.36209136435113
653.0   120.68606485116678
654.0   118.57983087126587
655.0   118.43627711080413
656.0   118.97126880311993
657.0   119.6393996300636
658.0   114.65540520463628
659.0   115.94147248283815
660.0   119.42176121900246
661.0   117.72772528793314
662.0   119.17869235624858
663.0   118.44413860628009
664.0   118.86810059910425
665.0   123.67252006197458
666.0   120.15951322573218
667.0   123.23959896072509
668.0   122.19746265535417
669.0   123.49399177344452
670.0   127.74168514043981
671.0   131.1211599501673
672.0   131.03565694570597
673.0   132.81220668519012
674.0   130.64221187892602
675.0   137.1855321498995
676.0   138.581533284312
677.0   141.7942570463643
678.0   142.3551111709598
679.0   148.30178812274002
680.0   153.31341624044683
681.0   153.96109677244655
682.0   159.93090403577554
683.0   161.76345252919754
684.0   163.70608575324107
685.0   170.18810030325864
686.0   171.0477002406094
687.0   174.56727296842948
688.0   177.34877296960443
689.0   183.96747025057056
690.0   187.25783622575602
691.0   188.9221467136276
692.0   197.09175806318197
693.0   202.915919024611
694.0   198.6951127783928
695.0   205.79763037929095
696.0   201.07874655416802
697.0   201.57245556383907
698.0   210.87721737979024
699.0   213.4859601646641
700.0   210.9841773008028
701.0   207.75673955297367
702.0   211.55491442296506
703.0   211.51466636461637
704.0   214.5692673952447
705.0   211.9121413748394
706.0   215.04212936504035
707.0   211.63806344483586
708.0   209.81490378804304
709.0   209.34889331502634
710.0   206.83916478514428
711.0   202.73328279407986
712.0   201.92248106823854
713.0   198.59518419991832
714.0   198.2091472913388
715.0   194.47932917329527
716.0   192.61188648606594
717.0   194.89492309918316
718.0   189.6355168932666
719.0   193.26799972850455
720.0   187.02171812188615
721.0   185.04165916290185
722.0   186.8013420616706
723.0   185.73586584382713
724.0   186.35704389980538
725.0   180.7896318970219
726.0   180.58996288293596
727.0   179.55369064924966
728.0   177.4085721893549
729.0   179.63161950069937
730.0   172.36513883845006
731.0   176.2005283346217
732.0   179.42365782983939
733.0   179.4151481794574
734.0   179.5138170623085
735.0   177.53471098688024
736.0   171.71785389312134
737.0   173.75565820137436
738.0   173.87621528881758
739.0   172.35333219859098
740.0   179.1828268950345
741.0   177.4706588741989
742.0   178.5930921721558
743.0   177.53161337237736
744.0   173.4404817725915
745.0   168.45252023145719
746.0   170.00458768918753
747.0   172.08837062721585
748.0   170.64812758003774
749.0   172.30513213449254
750.0   176.94008741821725
751.0   181.9307429913917
752.0   186.73326537057454
753.0   193.05029113076637
754.0   201.8682762805185
755.0   212.35880025405294
756.0   222.0936635658503
757.0   226.33216247773873
758.0   242.71045147957156
759.0   246.8250886881375
760.0   254.87594205355134
761.0   265.25974186895166
762.0   273.76758916902344
763.0   283.2202652318378
764.0   289.7167274823563
765.0   296.05897955782274
766.0   301.84772652583786
767.0   301.21041060678976
768.0   315.1031618158721
769.0   312.0794924103809
770.0   317.4717357813562
771.0   317.8231068718592
772.0   320.7170435786787
773.0   312.1575440995391
774.0   315.46016613009556
775.0   311.178113390675
776.0   309.051803818754
777.0   309.84196256721367
778.0   311.08035359760606
779.0   301.73275588702194
780.0   300.52896119081436
781.0   295.76427607963177
782.0   290.64718332320615
783.0   286.90995936537195
784.0   280.5734218475828
785.0   273.0511618546346
786.0   268.86156477331303
787.0   264.3460703020959
788.0   254.94294978524707
789.0   255.1102766946208
790.0   248.6197213316768
791.0   237.37964074464327
792.0   241.0620897110186
793.0   232.68805669476095
794.0   225.86684130677858
795.0   222.806187204913
796.0   217.95970305376613
797.0   219.84235732698883
798.0   208.29814837156232
799.0   197.41904503953728
800.0   196.9940269518762
