500.0   33.492868005101656
501.0   36.75993312278143
502.0   34.9516609322358
503.0   35.21313568429733
504.0   33.63481626785631
505.0   35.43218028334712
506.0   33.37530319201093
507.0   32.143740834235246
508.0   33.194652147812576
509.0   28.929644100562598
510.0   29.986477480920257
511.0   29.230540921809023
512.0   31.608358778010967
513.0   28.7016917590054
514.0   27.386995429832012
515.0   27.575984961814186
516.0   26.647784375273176
517.0   29.448555395640398
518.0   29.15047552307925
519.0   29.05827117283161
520.0   26.264961609737327
521.0   27.971308072394805
522.0   29.72179938228726
523.0   28.182451488060423
524.0   30.74383717104368
525.0   30.894636826523566
526.0   29.96149362108838
527.0   32.98611716463759
528.0   35.095426010246285
529.0   34.02678952124543
530.0   38.43219643033035
531.0   40.505551460884135
532.0   41.034952779310714
533.0   42.17861379028545
534.0   44.22705405382345
535.0   46.34647736325425
536.0   48.3366981223368
537.0   48.19733627695487
538.0   50.7257121004055
539.0   51.840016700795104
540.0   53.31189076470898
541.0   50.79381484973365
542.0   52.578734154578456
543.0   51.844322062255685
544.0   51.462675464844835
545.0   51.906540836957674
546.0   48.726820991989996
547.0   48.99755071477588
548.0   46.60371463406548
549.0   45.95487277030733
550.0   46.188013434861716
551.0   44.80093263381502
552.0   44.22543320758601
553.0   41.090264388502305
554.0   42.56198412575267
555.0   41.4232754653986
556.0   41.3418594672512
557.0   40.22489529829508
558.0   41.4313781754652
559.0   38.05557598340283
560.0   39.52543929630846
561.0   39.437258320578735
562.0   37.963971523460174
563.0   39.146019469679686
564.0   39.752405674430946
565.0   39.498311930437325
566.0   42.94635615974667
567.0   42.12546355303439
568.0   42.34828911445564
569.0   45.302013183383735
570.0   45.07944610026601
571.0   44.90948889522181
572.0   46.753830869311145
573.0   48.32064625581444
574.0   50.004947978576325
575.0   50.90719309038343
576.0   54.22471196446341
577.0   54.85948598404255
578.0   57.140527715143804
579.0   58.052683572916465
580.0   59.361528718677846
581.0   60.258268392130276
582.0   62.14608284661509
583.0   65.0147364372857
584.0   64.47665253975435
585.0   65.3669761840136
586.0   68.25641841322246
587.0   67.40160295130087
588.0   69.03564095127686
589.0   69.18882808341888
590.0   69.9003284165708
591.0   71.4702901495202
592.0   67.58405814654961
593.0   71.2782110937508
594.0   69.57721323488195
595.0   65.61891896095307
596.0   64.57198814232842
597.0   63.85871085836226
598.0   62.332276209820265
599.0   62.99206415942206
600.0   61.515485682117344
601.0   61.72222045215733
602.0   57.772590900263566
603.0   58.7601234034845
604.0   58.352581318476126
605.0   58.45537632544466
606.0   59.591544227824016
607.0   58.878572852638456
608.0   57.980248167406614
609.0   55.76184192644672
610.0   57.05961191900775
611.0   57.01240935492635
612.0   59.92174837944353
613.0   58.234534228640854
614.0   55.47516812632111
615.0   56.07809515149273
616.0   57.13774869766348
617.0   59.2482529723236
618.0   56.87055855744461
619.0   57.17034406767996
620.0   58.65886711287408
621.0   62.33741859641344
622.0   60.76342969893048
623.0   63.280146750559055
624.0   65.81599795729971
625.0   68.0885565874512
626.0   71.12755191608446
627.0   73.62383582460137
628.0   76.2182303833817
629.0   79.2989264155465
630.0   81.03791228032318
631.0   84.39928623954205
632.0   85.79907962663177
633.0   88.01779784862251
634.0   86.52131406804602
635.0   91.07314787549447
636.0   94.91292509878059
637.0   92.48185037394626
638.0   93.54646593249228
639.0   97.08001269354818
640.0   98.53713871724514
641.0   99.65432680180959
642.0   100.39403410711921
643.0   100.5044763265143
644.0   99.30613769248637
645.0   96.86406619093216
646.0   100.03379282805997
647.0   98.43337685988786
648.0   98.24612425845402
649.0   94.92393008590494
650.0   98.170450664214
651.0   98.7247520208258
652.0   96.87484791894494
653.0   93.17333221783386
654.0   92.62998329621274
655.0   90.75723972662306
656.0   92.44384186528265
657.0   93.30749177020763
658.0   88.66596730328581
659.0   91.31052067396337
660.0   93.74737957612444
661.0   92.24964832739965
662.0   92.25852791661833
663.0   92.88304046825209
664.0   93.15307405981707
665.0   96.63448382417766
666.0   94.53939248702531
667.0   95.16223992908945
668.0   94.85803633494078
669.0   97.30853399693268
670.0   102.28053670482404
671.0   103.19345219990677
672.0   105.15485397208556
673.0   102.19603288965226
674.0   103.34160441632187
675.0   107.80862456336214
676.0   107.65192138656124
677.0   109.82088455596909
678.0   110.67490721329858
679.0   117.04376444788127
680.0   118.98332566532065
681.0   121.94416816950323
682.0   122.87805649115205
683.0   125.67697898967424
684.0   128.20220038109412
685.0   132.88590575105076
686.0   133.92546309752652
687.0   135.73417383948365
688.0   139.48394037797524
689.0   143.9271212834475
690.0   146.94264919589767
691.0   148.25972511757746
692.0   154.13296871070267
693.0   156.91575636953266
694.0   156.7717411042707
695.0   160.52316178207357
696.0   158.43044280355704
697.0   158.40213573618792
698.0   164.5167321563173
699.0   165.8116934254286
700.0   165.4510110333403
701.0   165.08614026089248
702.0   168.1362680745629
703.0   163.31101547950615
704.0   170.75936630924315
705.0   166.91506433986098
706.0   165.98529740351
707.0   166.61029019756037
708.0   164.383058242568
709.0   164.77847092740157
710.0   161.91790352896018
711.0   157.90187094268828
712.0   159.16702544292667
713.0   158.5930131397426
714.0   155.2644920719975
715.0   153.41120841197923
716.0   148.24387458049534
717.0   154.59817521957373
718.0   147.86819750987453
719.0   152.7586085364074
720.0   145.85129612902793
721.0   145.18783401573097
722.0   145.86395663184118
723.0   146.13555057798948
724.0   147.70311743607715
725.0   144.59739162446695
726.0   143.04031358428543
727.0   142.14896199816414
728.0   138.22768435892158
729.0   142.35430523956737
730.0   136.55508980099071
731.0   138.1820509581753
732.0   141.03955527930384
733.0   141.6472480191298
734.0   142.79578576933804
735.0   140.467957104664
736.0   135.0836821587506
737.0   136.87301939958954
738.0   137.0782291505623
739.0   137.69410926070339
740.0   141.48019152224782
741.0   140.48356607175347
742.0   141.4127346332679
743.0   140.81018117980113
744.0   136.75829271641715
745.0   132.36387885519042
746.0   136.50480383525047
747.0   135.5632874635201
748.0   134.98001864305905
749.0   138.438268967757
750.0   139.54686879586663
751.0   145.09523501741268
752.0   148.67037349299477
753.0   154.67636415581518
754.0   158.27314789372844
755.0   168.38530064806508
756.0   174.8039166299339
757.0   180.3798501285865
758.0   194.48464681835142
759.0   197.31431883142727
760.0   200.9871687495296
761.0   210.54935394873772
762.0   218.8514662253515
763.0   224.17738791764077
764.0   228.143710893792
765.0   233.8938395561239
766.0   238.91249106798335
767.0   239.32849156265252
768.0   251.1809877045559
769.0   245.95189418615618
770.0   252.0294323979674
771.0   250.05630860612308
772.0   252.79978342325123
773.0   246.59209810379255
774.0   250.75831710900707
775.0   246.1898698723111
776.0   244.93800611180237
777.0   246.68447222237864
778.0   246.41598014169378
779.0   238.4515771759448
780.0   238.02426533272418
781.0   235.3369272001242
782.0   228.86534950172603
783.0   224.82515245381862
784.0   220.91432414039588
785.0   216.33119611572602
786.0   213.9021086673484
787.0   210.5697452403485
788.0   201.6683798497152
789.0   200.74984100647848
790.0   195.28807741781563
791.0   189.76386927157614
792.0   186.67859101075686
793.0   183.58118743805554
794.0   178.5104295781957
795.0   173.90546843867537
796.0   170.93851167987987
797.0   173.92080686457408
798.0   164.50689462092606
799.0   156.2685360989651
800.0   155.17301728239732
