500.0   24.537188996955393
501.0   26.843223494948802
502.0   24.344831671939346
503.0   25.302907038867488
504.0   24.938247553235186
505.0   25.513535724120004
506.0   25.26270993881323
507.0   23.029563577455633
508.0   24.988024219006718
509.0   22.503092929872594
510.0   22.1447384699116
511.0   20.44451270509353
512.0   22.09064749747091
513.0   20.951212673644562
514.0   18.43796904747674
515.0   20.07117078784114
516.0   19.548731734346234
517.0   22.04127369343098
518.0   22.307733039654806
519.0   20.649967852672773
520.0   19.26439098112968
521.0   21.26957651555344
522.0   20.79113760428865
523.0   22.08729358312422
524.0   21.298435183225337
525.0   22.299126787692813
526.0   20.294343978362576
527.0   24.963472568546536
528.0   25.43154866276737
529.0   24.273624053362596
530.0   28.342037644692113
531.0   28.562355116741998
532.0   28.5908672940661
533.0   30.519024866538132
534.0   31.070959390986673
535.0   33.108870803261425
536.0   34.48159263048865
537.0   35.07079168089459
538.0   36.2227647980435
539.0   35.30454317578341
540.0   37.42263356121515
541.0   36.75554513655098
542.0   36.48954658707348
543.0   36.463925756653225
544.0   37.784351902006165
545.0   37.50083780424242
546.0   35.661213831352626
547.0   35.56006791243317
548.0   32.96570440135355
549.0   32.689708142749225
550.0   31.033084999255948
551.0   32.641582989353196
552.0   30.477911670094954
553.0   29.023867210310726
554.0   30.17387461065522
555.0   29.73369027970736
556.0   30.68142618619541
557.0   29.753561069607656
558.0   29.087733628971392
559.0   27.86063299867942
560.0   28.183155551132216
561.0   29.017402330046536
562.0   27.00669364729069
563.0   27.018134466878337
564.0   29.109571147788103
565.0   30.529011007599706
566.0   31.850199010653085
567.0   29.433087044616286
568.0   29.898840171633566
569.0   34.066158750407936
570.0   33.1801122186242
571.0   32.20337041295318
572.0   33.36578971318204
573.0   34.9485519995294
574.0   35.95467377886703
575.0   35.68574156113601
576.0   38.17376865001492
577.0   41.028562984869296
578.0   41.99324765723878
579.0   42.048188535112274
580.0   42.243942809701906
581.0   43.91647063840787
582.0   44.80784822742913
583.0   47.20356769854871
584.0   47.83225871546654
585.0   46.26211431415305
586.0   49.090619140765
587.0   48.589295184150814
588.0   48.82414699708741
589.0   50.61205993391178
590.0   51.98348258102632
591.0   51.60312801298528
592.0   49.30127404782809
593.0   51.485570831079656
594.0   51.826854444329996
595.0   47.790579577267636
596.0   47.90072246744151
597.0   44.72178876873451
598.0   46.348306576478564
599.0   46.090549811540455
600.0   43.49810538730131
601.0   44.743618532987625
602.0   43.15111190466595
603.0   42.9684277929928
604.0   41.47279985012099
605.0   42.26062148010294
606.0   43.59834449173721
607.0   43.765436067802966
608.0   42.45428275701417
609.0   41.24993823838068
610.0   43.17526330863353
611.0   41.78807479270188
612.0   43.74444715222279
613.0   40.94803547596811
614.0   39.04445106138701
615.0   41.122961177733885
616.0   41.632949217067704
617.0   42.718025137246286
618.0   40.62441272637781
619.0   42.36781982665232
620.0   44.877629698670574
621.0   45.759436111172334
622.0   44.7596768574474
623.0   47.17248713788797
624.0   49.02214005071559
625.0   49.594312419170535
626.0   51.72592462248849
627.0   52.355095629000175
628.0   56.492949091681254
629.0   56.881331139212904
630.0   60.68434107668784
631.0   58.15448359475448
632.0   62.128790413441806
633.0   63.60107442919818
634.0   63.22807410459794
635.0   67.25540389451405
636.0   69.47486091024786
637.0   68.80981462919357
638.0   69.85710219096305
639.0   71.45596714921115
640.0   70.1008075879362
641.0   73.67932635586607
642.0   72.39118202780443
643.0   73.90166078697382
644.0   72.84559774864633
645.0   73.11892692487547
646.0   73.8454325609033
647.0   73.19124940312753
648.0   71.37331896716518
649.0   70.35880708019482
650.0   69.88674563383586
651.0   70.8692627557337
652.0   69.91906455655598
653.0   67.8733245105698
654.0   66.65910249253875
655.0   67.61683505796802
656.0   68.82838897051965
657.0   66.94755897404522
658.0   64.77142083333615
659.0   68.51031531737505
660.0   66.6695337756104
661.0   68.02594689593121
662.0   66.92691373454778
663.0   69.01233894993021
664.0   68.85774655272814
665.0   71.35030729462437
666.0   68.82222465765958
667.0   70.78516027349085
668.0   68.52629196279923
669.0   70.70815266569542
670.0   73.33566745797975
671.0   74.82197293205198
672.0   77.15710782595227
673.0   76.14249145574348
674.0   76.31802036383587
675.0   78.22535988910826
676.0   77.02104244889699
677.0   81.55022914751919
678.0   82.19597007353718
679.0   86.84178557434367
680.0   87.87384042474639
681.0   88.72833757747142
682.0   89.68535688135938
683.0   91.80218961082494
684.0   95.29947241274235
685.0   97.77912476503053
686.0   96.46190067348437
687.0   99.01797303887551
688.0   101.79615470630117
689.0   104.11561524582123
690.0   107.02991806007691
691.0   108.33846290631763
692.0   113.82188405804388
693.0   114.67259790548846
694.0   115.38224306478588
695.0   117.01009779686487
696.0   116.1935277027624
697.0   115.98981535950162
698.0   120.58760524820269
699.0   121.96921070495506
700.0   122.52338925331514
701.0   119.56410171003631
702.0   123.17589732548868
703.0   120.0900768707086
704.0   125.66484079340825
705.0   122.65390526259978
706.0   124.60862752045352
707.0   122.18387976761917
708.0   119.44599099204109
709.0   122.1266739548835
710.0   120.61359482929382
711.0   115.20546673641155
712.0   117.68647870588524
713.0   115.28015387441644
714.0   113.684366549434
715.0   112.55547669132554
716.0   109.91803658488118
717.0   112.61219904347965
718.0   108.79874338263616
719.0   111.08590356566657
720.0   105.90002553606482
721.0   108.14226026686839
722.0   107.31451638515239
723.0   107.50703013899533
724.0   108.93606306698518
725.0   107.10914970900822
726.0   104.33053664494989
727.0   105.85257490884905
728.0   103.9127178161541
729.0   105.39180044933644
730.0   100.54140797017138
731.0   102.32720641158994
732.0   103.48410308522568
733.0   104.39351983152545
734.0   104.55013389560068
735.0   102.34391337415585
736.0   99.89647252057102
737.0   103.58076027125142
738.0   100.90266590796611
739.0   101.2252446918231
740.0   104.89470783480147
741.0   102.46122660222133
742.0   106.51648106754257
743.0   104.59643578808158
744.0   101.06703554294597
745.0   99.36103462605996
746.0   99.83891163871039
747.0   101.37240584635907
748.0   100.86646869622257
749.0   100.44636861777676
750.0   105.13888833858405
751.0   108.389929309703
752.0   110.54469055311824
753.0   115.7756176794029
754.0   116.61147916746808
755.0   124.52037603348867
756.0   129.67245701936162
757.0   133.26474787916106
758.0   141.81326997688197
759.0   145.49573226919904
760.0   148.27581141371752
761.0   156.97439714050475
762.0   161.68400634447863
763.0   163.90934181637283
764.0   170.48105494536577
765.0   172.9172017532601
766.0   174.59585002034055
767.0   176.7892381367887
768.0   184.6650541356551
769.0   182.37351015137293
770.0   186.10772749845722
771.0   186.40521551788362
772.0   186.74428484021777
773.0   181.6437539464561
774.0   185.69626286086708
775.0   181.64283285741126
776.0   179.80338120038172
777.0   182.82978166794152
778.0   179.70041345169304
779.0   175.6358984145043
780.0   175.85843300584665
781.0   173.06823089241385
782.0   169.5636525246802
783.0   167.38345069342117
784.0   164.40727512772082
785.0   159.7225949926853
786.0   158.84080465250423
787.0   156.0645762990309
788.0   151.35483214503884
789.0   150.2221127802484
790.0   144.38361098438284
791.0   140.0938139260344
792.0   139.19822410130485
793.0   135.88358434137731
794.0   132.6245010264798
795.0   129.24422138817528
796.0   129.43074517430892
797.0   128.5603695040971
798.0   121.54575038410132
799.0   116.508831874241
800.0   116.26723859727622
