500.0   18.662124699536008
501.0   21.577134180491072
502.0   19.278561552854995
503.0   20.002532731209783
504.0   19.512553626440706
505.0   20.802337472324922
506.0   19.114355509401634
507.0   17.202828438246
508.0   19.47601549458855
509.0   16.687083896649057
510.0   16.87618262509119
511.0   17.33499133192356
512.0   17.158682782535124
513.0   14.937231503039044
514.0   15.701976409217025
515.0   16.00572218932058
516.0   13.962210712457761
517.0   16.203126990798808
518.0   16.386769366090107
519.0   16.024012655766626
520.0   14.604697767529416
521.0   15.902893264463046
522.0   16.772773649773825
523.0   16.011695509676912
524.0   15.291607846701055
525.0   15.735421485077154
526.0   15.431556854931955
527.0   19.147081325368276
528.0   19.339947666396313
529.0   18.54552430964179
530.0   21.127078612241746
531.0   21.836487838615483
532.0   22.476397179766423
533.0   22.327851223025903
534.0   24.302799486184
535.0   25.495928309404235
536.0   25.459943340065053
537.0   25.96049471849898
538.0   26.726640560750837
539.0   26.90379340422399
540.0   28.60454889801329
541.0   26.825585908547595
542.0   28.77638857018303
543.0   26.88571013794666
544.0   27.8633808683106
545.0   28.030930345950622
546.0   24.664500962579268
547.0   25.52325752767274
548.0   25.058534160658525
549.0   24.37564952373023
550.0   24.09109896860525
551.0   25.235777576590777
552.0   24.571830611128235
553.0   21.206278726143836
554.0   22.363814776455627
555.0   22.912692819603222
556.0   22.534186370246147
557.0   21.95926369937368
558.0   21.063244987908632
559.0   20.055959992843214
560.0   21.614377885415394
561.0   21.128054535968857
562.0   19.6186548522422
563.0   19.720222791909862
564.0   20.20394645162412
565.0   20.674776355293716
566.0   23.708429530401048
567.0   21.790176688698352
568.0   22.250545700647763
569.0   24.40278303268238
570.0   24.49849867444263
571.0   25.093495399561192
572.0   25.621184987955047
573.0   24.698799040747815
574.0   26.153594407510553
575.0   25.581557843763818
576.0   29.26616176328389
577.0   30.26049564976418
578.0   29.881415726261906
579.0   31.089027836079396
580.0   33.14035504152838
581.0   30.678222266146832
582.0   33.686328528649454
583.0   35.10660363815961
584.0   35.22802377415758
585.0   33.890183495492636
586.0   37.03597878372483
587.0   36.79381513822278
588.0   34.961273559586374
589.0   37.227856888939726
590.0   36.9795559961772
591.0   38.85910352658763
592.0   36.27614014334026
593.0   38.68577622025896
594.0   38.143965905446606
595.0   34.657619551635435
596.0   35.82546928771416
597.0   33.18754225757232
598.0   33.15730844295629
599.0   33.5316683152989
600.0   32.14910177553156
601.0   33.90624688521973
602.0   30.815210249624812
603.0   32.734888293639955
604.0   30.862911435749083
605.0   29.717830400305246
606.0   32.52216293608029
607.0   29.487239121883704
608.0   29.658495912195377
609.0   30.474485253308814
610.0   30.772602189195652
611.0   31.021682477236823
612.0   31.806950498896356
613.0   31.32602036106036
614.0   29.040519594101085
615.0   30.192295994222917
616.0   30.984838334586414
617.0   31.78221619483753
618.0   31.743543419686517
619.0   31.8554689061622
620.0   33.11266261842712
621.0   34.18974471733429
622.0   32.11957642490492
623.0   33.588148632145135
624.0   36.49071535365243
625.0   36.357527206351165
626.0   37.58380575802798
627.0   39.41849756484467
628.0   41.607791101101384
629.0   41.641132167427344
630.0   43.47553650582856
631.0   42.39152381135145
632.0   45.70114646832826
633.0   48.0913823198037
634.0   45.70386868941313
635.0   48.71392529136574
636.0   51.418694326950884
637.0   51.44689848645055
638.0   51.09922223689799
639.0   52.521897933823794
640.0   52.65373548663655
641.0   53.79703655204088
642.0   52.25981658909686
643.0   53.126951453437385
644.0   53.8477872660811
645.0   53.30117776495584
646.0   54.45204445135232
647.0   52.82758498008067
648.0   51.773127033300966
649.0   51.93744109844636
650.0   51.974836042199
651.0   52.69083859326406
652.0   52.64431514241667
653.0   50.68481042977734
654.0   50.05801159512026
655.0   49.14553846422368
656.0   50.26319863462331
657.0   49.11198719193905
658.0   47.167435974135344
659.0   49.634789072311634
660.0   50.47965766075913
661.0   50.86156035390897
662.0   49.0856495089414
663.0   50.13762467449888
664.0   49.55952244053651
665.0   52.89780539560036
666.0   50.505643712849775
667.0   51.64051711671297
668.0   50.921080976897116
669.0   54.13677862021299
670.0   54.14179738970381
671.0   55.35449296133564
672.0   56.43097180045328
673.0   56.51686632407109
674.0   56.602243357944616
675.0   57.95646782673626
676.0   57.34013647227229
677.0   59.22275181791272
678.0   59.1369264425237
679.0   64.04589326570695
680.0   65.50908759108643
681.0   64.971367674373
682.0   66.05552950012208
683.0   67.19445727418889
684.0   69.40148868591663
685.0   72.29929442459553
686.0   74.32443843285262
687.0   71.91061947134912
688.0   73.59550974483508
689.0   77.12622439019526
690.0   79.32176406077292
691.0   78.7403791873007
692.0   83.3723411555346
693.0   83.42287529435148
694.0   83.13792917126983
695.0   86.36676779818563
696.0   85.8133868536975
697.0   87.32038142428485
698.0   90.68095833343358
699.0   89.83776358648208
700.0   90.25851115965798
701.0   89.742745825506
702.0   89.36645084204866
703.0   86.858167251261
704.0   92.03656599886011
705.0   91.28934540716705
706.0   90.03152602120139
707.0   90.38911689053381
708.0   87.4945825508369
709.0   90.10155310089058
710.0   86.30642018961149
711.0   86.89333004099444
712.0   86.61182068989933
713.0   86.36217804344705
714.0   83.41831560144652
715.0   84.43307382105652
716.0   81.75330383431287
717.0   83.22155825078582
718.0   82.07061102882037
719.0   83.1317843842881
720.0   78.12721632499054
721.0   79.15425797270132
722.0   78.55219981640374
723.0   80.68209054817237
724.0   81.71550750450734
725.0   75.96883983410547
726.0   78.47814320606463
727.0   76.04903405931313
728.0   75.46835855321075
729.0   76.27914684543808
730.0   73.91715883749671
731.0   76.69396208874412
732.0   76.27763602916536
733.0   77.73992706317347
734.0   79.84889876714888
735.0   76.64739560594191
736.0   75.28983130757393
737.0   76.42794504825324
738.0   73.81465448185511
739.0   75.24518518457461
740.0   78.17179353735628
741.0   76.40763297014232
742.0   78.16628020311501
743.0   80.06093318102631
744.0   74.20325576624288
745.0   72.63788733911969
746.0   73.72399400907119
747.0   76.21118561540055
748.0   74.45903187363996
749.0   77.58239693710888
750.0   76.33208422372283
751.0   79.95350753721686
752.0   81.9711580234528
753.0   85.99786277639168
754.0   87.1900099902229
755.0   93.52632905507295
756.0   95.51412084786597
757.0   97.94087612920555
758.0   105.56787624493163
759.0   107.87814252483975
760.0   108.06523709808715
761.0   115.25100276514647
762.0   119.1883333395192
763.0   120.13151963559011
764.0   128.0576855001422
765.0   126.62508531227462
766.0   131.09595957021554
767.0   130.02484757833292
768.0   137.6081721351249
769.0   134.23473154854761
770.0   136.16801111770013
771.0   137.62567796926675
772.0   137.35867479462897
773.0   135.15912059149653
774.0   135.25506392287087
775.0   134.50689956117898
776.0   133.21810142528935
777.0   132.0758903371439
778.0   133.58132220783514
779.0   129.85004496797268
780.0   130.47189123755388
781.0   128.09775568429694
782.0   124.98467473520247
783.0   121.41279423804579
784.0   120.16431924916247
785.0   119.13320225905471
786.0   115.80246908781294
787.0   114.8860322437815
788.0   108.62633654218214
789.0   110.88955746921604
790.0   108.42742510233026
791.0   102.9591372067859
792.0   104.18006279267678
793.0   100.1591315384608
794.0   98.35920432903416
795.0   95.71098000096822
796.0   94.68892302954725
797.0   95.21120558367554
798.0   89.62239025850891
799.0   85.76287871494472
800.0   87.59795490728129
