500.0   14.574763589188194
501.0   16.886087699937576
502.0   15.834447940754615
503.0   16.125334247268114
504.0   15.157983062853361
505.0   16.263088661594253
506.0   14.312660833315334
507.0   14.121516764278198
508.0   14.90954721075434
509.0   12.471365945569772
510.0   12.949833004897158
511.0   14.065200236959697
512.0   14.30795314798334
513.0   11.040082635187957
514.0   12.585644841414847
515.0   12.633232477621732
516.0   9.397177069536951
517.0   12.783798340905804
518.0   11.219168312112714
519.0   11.94593113780141
520.0   11.570908964360825
521.0   11.86596720989931
522.0   12.459186612025405
523.0   12.199020429365646
524.0   12.189975311489576
525.0   12.858568530992528
526.0   11.083819823501898
527.0   13.858594201218722
528.0   14.73268569553096
529.0   13.210709330813643
530.0   15.764936012055273
531.0   15.691777808154058
532.0   15.490864382284002
533.0   15.85328076240117
534.0   18.234174583508377
535.0   18.06687508955426
536.0   19.256971093451256
537.0   18.715994376010144
538.0   19.947494041896334
539.0   19.470152046908453
540.0   20.101778684501568
541.0   17.223187082030705
542.0   20.19053536980462
543.0   20.45924888157697
544.0   20.110853745253735
545.0   19.688006311829668
546.0   19.13533899992666
547.0   19.066283629546575
548.0   16.91120475681373
549.0   16.649463321630435
550.0   18.483480535919227
551.0   18.484214997961203
552.0   17.627265070611884
553.0   15.413165888031614
554.0   15.237246629129402
555.0   15.973507089427613
556.0   16.99491934863235
557.0   15.62538400260459
558.0   16.549275297603288
559.0   13.710650270761107
560.0   15.210308844216883
561.0   16.299186427491776
562.0   15.048929722383775
563.0   13.775262228746442
564.0   14.13448697060204
565.0   14.871197564910972
566.0   15.808099901497116
567.0   15.130583547632938
568.0   16.24958137706679
569.0   17.388963287034045
570.0   17.279924069361897
571.0   16.561861155142765
572.0   17.18500490614187
573.0   16.4625944241005
574.0   18.474075706365426
575.0   17.917056158533455
576.0   20.13232680108368
577.0   21.81089450220341
578.0   23.699971041679703
579.0   21.968154456734908
580.0   23.492656015996886
581.0   21.753963209618348
582.0   22.07224805795863
583.0   24.615296789639814
584.0   23.31781137930139
585.0   24.44688809801042
586.0   23.88159235049929
587.0   25.08758562456265
588.0   25.530291659524977
589.0   26.447504344931986
590.0   28.183869520815165
591.0   28.144207952062573
592.0   25.150048376512615
593.0   27.333415765056344
594.0   26.213885637054574
595.0   24.77069401103708
596.0   24.037540581307383
597.0   23.102760929283136
598.0   23.804479672482046
599.0   24.18630044686222
600.0   23.681299192008964
601.0   23.143674097750505
602.0   21.270411919754594
603.0   20.779577198073127
604.0   20.314484393472867
605.0   22.007516024482584
606.0   22.25442900485899
607.0   20.86957470328184
608.0   22.12460387600356
609.0   21.27519714198027
610.0   22.749116798872194
611.0   21.080295349539227
612.0   22.363558984478942
613.0   22.130229373143038
614.0   18.41262977222027
615.0   20.740143758122258
616.0   21.25677371470988
617.0   21.96732357062237
618.0   21.345891281434632
619.0   20.551771431009087
620.0   23.80475926868735
621.0   24.34136436853626
622.0   21.988536696417384
623.0   23.32093722297867
624.0   24.896556513596664
625.0   25.11636909193419
626.0   24.870993811065972
627.0   27.37243263755741
628.0   29.469205905862168
629.0   28.400987531029386
630.0   31.026034767849097
631.0   28.793731288040902
632.0   30.221277492238613
633.0   32.598563095762785
634.0   30.815100961917096
635.0   32.40012384444563
636.0   36.30417826342742
637.0   33.70780805550851
638.0   35.40566394927424
639.0   35.064507547650294
640.0   36.42633382518315
641.0   35.781286615552375
642.0   35.49205034455528
643.0   37.5231318649906
644.0   36.260463350948385
645.0   36.361657803301654
646.0   36.89704268276668
647.0   37.639948171963624
648.0   35.04703562009877
649.0   33.72324326663315
650.0   35.24085215395013
651.0   36.41481735490146
652.0   34.98829803749791
653.0   33.67437655665182
654.0   34.71532881499411
655.0   34.14541726292228
656.0   33.390767681334665
657.0   34.99670111043051
658.0   31.51316915671447
659.0   33.8938137883022
660.0   35.15475600183672
661.0   35.25560480811319
662.0   34.03707115925394
663.0   34.43553738669627
664.0   33.45824177450095
665.0   35.99842547187134
666.0   34.02772937978466
667.0   34.19509666715439
668.0   35.187091683014074
669.0   37.90202369344115
670.0   36.170468891360656
671.0   36.92252749199466
672.0   39.67962934275016
673.0   39.754361921987766
674.0   39.727570445936834
675.0   39.75545573222465
676.0   39.39767458307492
677.0   42.007413073281555
678.0   38.09161814026402
679.0   42.11267597957013
680.0   43.809652443981236
681.0   43.66842588297587
682.0   44.042773688308785
683.0   46.34299592920166
684.0   48.250591898859426
685.0   49.71925554756058
686.0   48.462180080725034
687.0   50.63324720319025
688.0   52.507391932248964
689.0   52.36237410269092
690.0   53.79466840668712
691.0   54.5625125926567
692.0   56.147352586122196
693.0   58.62533749532045
694.0   58.05996791960064
695.0   58.079669878956764
696.0   56.25663379601971
697.0   60.25222036576048
698.0   61.18134876730295
699.0   62.871214809278484
700.0   61.95962036157394
701.0   61.29979555707811
702.0   63.63093275624365
703.0   59.79751283440433
704.0   66.37189653387523
705.0   64.5422140163727
706.0   60.981889526457564
707.0   62.41169464070677
708.0   58.568935382116564
709.0   62.63012150114224
710.0   60.14878341626127
711.0   59.15662475817928
712.0   59.41506953677404
713.0   59.82455628258933
714.0   57.50555283739607
715.0   57.02231458704617
716.0   54.603105379713725
717.0   56.971545850833735
718.0   55.28050533751062
719.0   57.37077658976881
720.0   53.32306990207496
721.0   55.30784037108879
722.0   53.82507191726083
723.0   55.77194132671394
724.0   56.481443731801164
725.0   51.611923374447485
726.0   54.169728162146896
727.0   53.34951753461465
728.0   51.86901492902922
729.0   53.984695065950206
730.0   51.335790766599274
731.0   51.74494260483374
732.0   51.85079238361874
733.0   52.5384582055012
734.0   54.3514851703884
735.0   53.704561418323834
736.0   51.00119221480705
737.0   52.692128988091866
738.0   49.54820166573958
739.0   52.37147300035332
740.0   53.95157893676972
741.0   52.22375296387014
742.0   53.703175236856566
743.0   53.496576617722724
744.0   50.253799100625116
745.0   49.98311853179007
746.0   51.87352724196239
747.0   52.13024484612845
748.0   51.498419726867326
749.0   51.102013812948655
750.0   53.031736466736504
751.0   54.88117969493371
752.0   56.048393858990494
753.0   58.89134642654767
754.0   59.576904797276626
755.0   63.766874575525975
756.0   64.71699803262055
757.0   67.6110111325849
758.0   73.77055210433767
759.0   73.26505084923804
760.0   74.32511255490249
761.0   78.3011569735539
762.0   80.74306355018803
763.0   82.84253717245713
764.0   85.35239150880585
765.0   86.06754769322293
766.0   89.27758994254532
767.0   88.55559351658644
768.0   93.09150047834419
769.0   90.45658380010676
770.0   93.07825197479002
771.0   92.91560229758221
772.0   94.04188037309078
773.0   90.74800278496346
774.0   92.07363671049023
775.0   90.3859803448619
776.0   87.9867380625208
777.0   92.90501683804473
778.0   89.6150311400647
779.0   89.06433464355837
780.0   89.6082831162104
781.0   87.4882810441527
782.0   85.12910527094533
783.0   83.51115853770031
784.0   82.23997371376055
785.0   80.25381246590786
786.0   77.61779703471541
787.0   78.33581634922345
788.0   73.72630358196554
789.0   75.89939294841051
790.0   72.73863302394713
791.0   69.86184080397436
792.0   69.02540307636514
793.0   70.26913670686113
794.0   66.8430806525208
795.0   64.93121815708605
796.0   65.91401180263313
797.0   65.27137264023511
798.0   60.40018314340776
799.0   60.30305486702474
800.0   60.39375423644685
