500.0   13.846859889584152
501.0   17.221127558388503
502.0   13.51185299401277
503.0   14.726276795198288
504.0   12.802031380575016
505.0   15.343852026920388
506.0   13.338441261915449
507.0   14.52785663624934
508.0   14.691044772499737
509.0   11.56345455131256
510.0   11.989548438956803
511.0   11.332423258074556
512.0   14.251820781911903
513.0   9.218952560833515
514.0   10.638396422214527
515.0   10.616218431842555
516.0   8.966303920239085
517.0   11.628646441348877
518.0   10.534583217622696
519.0   10.810962556675634
520.0   10.189034637630101
521.0   10.048682195138156
522.0   11.165143678871544
523.0   10.76103746375685
524.0   10.371738805140552
525.0   10.042196559456102
526.0   9.385700009565909
527.0   11.74444578828627
528.0   12.047387420670788
529.0   11.031315957551868
530.0   13.465141906700921
531.0   13.197408278452372
532.0   12.518165226593226
533.0   14.900395471185874
534.0   15.642728126230281
535.0   14.832482014057746
536.0   17.448025420412847
537.0   16.574264580796125
538.0   16.275843963212452
539.0   15.13226107765297
540.0   16.717802705191048
541.0   15.937980492609626
542.0   15.909550805886596
543.0   16.023088001000048
544.0   16.211747558743127
545.0   16.94299970546217
546.0   15.876003877257148
547.0   15.308680305798589
548.0   13.521413402147346
549.0   12.733971561446594
550.0   12.921607653209378
551.0   14.478191463390658
552.0   13.850112825746919
553.0   11.884076310697651
554.0   13.86480854860045
555.0   11.756934747272766
556.0   13.015422522147503
557.0   11.182214113214002
558.0   11.63626903248965
559.0   11.93013097963319
560.0   12.157511319562872
561.0   12.6528408712324
562.0   10.508904753581476
563.0   11.135619349371495
564.0   11.73383974718692
565.0   11.96271879516172
566.0   12.84892086783259
567.0   11.762706544136279
568.0   12.649883250538409
569.0   13.325585481206645
570.0   12.240999337527796
571.0   13.395483859066303
572.0   14.019110078489433
573.0   13.231249259113355
574.0   14.583148541776211
575.0   13.639555539832116
576.0   15.690457624305196
577.0   17.747399101620005
578.0   17.586432650954606
579.0   16.241035182543357
580.0   17.86874255494226
581.0   16.761595607170364
582.0   17.72431361010527
583.0   19.187587923178086
584.0   18.111796781722262
585.0   17.670422735518798
586.0   19.003519112279946
587.0   19.422767326251943
588.0   19.959053828461748
589.0   20.44954129162622
590.0   21.79535261446381
591.0   20.629778121726446
592.0   18.810724255863647
593.0   20.34959979302556
594.0   20.52603335899508
595.0   18.73275724777102
596.0   17.09122019923629
597.0   17.26413708901765
598.0   17.72352806898283
599.0   17.957092468897713
600.0   17.96145136110468
601.0   17.969689592565715
602.0   14.674076464402418
603.0   17.88599250246355
604.0   16.581515520541046
605.0   16.265623296557237
606.0   17.72335023969572
607.0   16.134649559829455
608.0   17.284062388067582
609.0   18.238603781409125
610.0   17.235470762549966
611.0   17.1882516036666
612.0   17.695807791467587
613.0   16.783077229877136
614.0   15.073929234630867
615.0   16.05931226859326
616.0   17.13584711616781
617.0   17.477031141718413
618.0   16.770553104641152
619.0   15.939182328323199
620.0   17.28127707047625
621.0   18.222627815055546
622.0   16.297386643039403
623.0   17.721598066892
624.0   19.265015655934718
625.0   17.59793461339848
626.0   18.03206075054797
627.0   20.480282966280328
628.0   19.906823348657838
629.0   20.327579035394564
630.0   23.626631248560813
631.0   20.533574707208203
632.0   22.79746610104675
633.0   23.10068819785326
634.0   22.588264546742522
635.0   22.954501400778867
636.0   26.427484690072504
637.0   24.740693535332838
638.0   25.76773970798132
639.0   24.1978913874257
640.0   27.542248346307616
641.0   26.710809856570847
642.0   26.429498040984782
643.0   27.720857877064986
644.0   25.791654157732836
645.0   26.077576622139077
646.0   27.479803402061577
647.0   28.14891349143491
648.0   26.38629156674091
649.0   25.97397520690882
650.0   25.615135097581657
651.0   26.876447713875507
652.0   25.361977059050616
653.0   25.818266271803083
654.0   24.123420973306906
655.0   24.642717508278253
656.0   23.370100084434654
657.0   25.583619260975723
658.0   22.794698483732475
659.0   24.358216193176645
660.0   26.48134014231792
661.0   24.674823121953636
662.0   24.535100986007592
663.0   24.455406113346243
664.0   23.485655489346954
665.0   26.140112919090825
666.0   25.643488446169073
667.0   24.87558618985392
668.0   24.57773972388395
669.0   27.320639321346192
670.0   27.598778083040713
671.0   28.720361051933338
672.0   28.5308729680566
673.0   28.249249078271305
674.0   28.28078220511972
675.0   27.888880360746526
676.0   28.950307638586594
677.0   29.500455882830124
678.0   27.499912606266946
679.0   30.74133076474206
680.0   32.849392278620144
681.0   30.746365135816262
682.0   32.432214046892
683.0   33.295761964724306
684.0   34.10076637203005
685.0   34.97612250640333
686.0   35.46938440593027
687.0   35.30260822374936
688.0   36.22167391256497
689.0   37.36669265640859
690.0   39.18810588887902
691.0   38.91839238096023
692.0   41.17222608044159
693.0   40.11497919587629
694.0   40.39041191585309
695.0   41.871716184286385
696.0   40.33892832917746
697.0   41.59250892116742
698.0   44.205746602380486
699.0   44.58249961017083
700.0   44.05266119344165
701.0   43.205340006899974
702.0   43.3924388758295
703.0   42.7498988650884
704.0   47.28570621375971
705.0   44.87782278520399
706.0   44.833525212594736
707.0   43.35523035239174
708.0   43.49995949553758
709.0   46.06062028357161
710.0   42.61046725316419
711.0   41.95522332998527
712.0   43.65261353125561
713.0   43.21892906395456
714.0   41.336330654196786
715.0   41.744263596471
716.0   40.12999353725303
717.0   40.1165023674651
718.0   38.473605530560405
719.0   41.13933331599509
720.0   37.50131660845685
721.0   39.15337912233994
722.0   37.96727697405319
723.0   40.2254918213726
724.0   41.43035330547471
725.0   38.764856357705725
726.0   38.43982904826109
727.0   37.90245504761117
728.0   38.82663175921883
729.0   37.526052604416236
730.0   35.96951809243316
731.0   36.7068542953223
732.0   36.95278342230645
733.0   37.00920388241616
734.0   37.2987938135457
735.0   39.00248160566426
736.0   36.746927915789655
737.0   38.2312914037596
738.0   36.975730162356825
739.0   36.70519465264343
740.0   38.95514879322667
741.0   37.93721558222492
742.0   38.1417591598437
743.0   39.935308796766066
744.0   34.79646705902573
745.0   36.09784600628004
746.0   38.40461436895211
747.0   38.35987110818226
748.0   38.757698401771506
749.0   37.767923682650576
750.0   37.406834825433265
751.0   40.02582425966517
752.0   39.6030725190752
753.0   41.95192025903782
754.0   41.42636843556426
755.0   44.90337856116855
756.0   46.79644752194673
757.0   48.847293600978816
758.0   50.94997593495228
759.0   54.189435750635454
760.0   54.250233567307646
761.0   55.041197683378016
762.0   57.352430344256675
763.0   58.485020493374805
764.0   59.487706586803
765.0   60.70413528852728
766.0   62.81215368498343
767.0   61.7054009496737
768.0   65.88831410569315
769.0   63.848258537900335
770.0   63.90868138340849
771.0   65.00957705907788
772.0   65.03715167394944
773.0   64.35715054174537
774.0   66.05760068453208
775.0   63.95084476564065
776.0   63.51059984651923
777.0   63.506263385917066
778.0   62.993672797356965
779.0   62.376034512635755
780.0   62.83085397541029
781.0   63.26751778006272
782.0   59.896260768487366
783.0   57.123586561303085
784.0   58.948842120092905
785.0   55.670655525855835
786.0   54.77569796105786
787.0   55.01564095903831
788.0   52.46843741314629
789.0   53.415807022878795
790.0   51.59161757337287
791.0   50.57013438913822
792.0   48.990457852132806
793.0   48.000373269944845
794.0   48.160290776106024
795.0   45.93881936347813
796.0   47.33352659620215
797.0   45.73523698133468
798.0   44.08746851621922
799.0   40.689328705482836
800.0   41.98704091788875
