500.0   14.974962602639721
501.0   17.82143723670663
502.0   14.621309318769761
503.0   15.636305516208438
504.0   13.12131166315973
505.0   15.393627953478529
506.0   13.565483877198034
507.0   13.031626440638007
508.0   15.864026960358245
509.0   11.379216507705706
510.0   12.293050492977272
511.0   10.61323161904761
512.0   12.678734939229741
513.0   9.516416524281567
514.0   11.906864088695158
515.0   10.700326000109783
516.0   7.941190678193038
517.0   11.742523530500591
518.0   10.373569086670813
519.0   9.801551143384927
520.0   10.327479738249025
521.0   10.835020842253329
522.0   9.126173912621198
523.0   9.587636518675964
524.0   10.053123409661652
525.0   9.677363841739322
526.0   8.340587760054973
527.0   10.80369174109427
528.0   9.74268767155317
529.0   10.310933894492791
530.0   11.914714311352014
531.0   12.602191538627409
532.0   11.26367337138538
533.0   10.620970377044756
534.0   13.720388091000274
535.0   14.031902453220994
536.0   15.258666943452738
537.0   13.84890075066312
538.0   15.293984682787595
539.0   12.632021183476581
540.0   13.117997088187508
541.0   13.804900573613253
542.0   14.690934377684414
543.0   14.436546035277757
544.0   15.046168659721388
545.0   13.434222147979682
546.0   13.167475072754854
547.0   13.21301818303408
548.0   12.392676245989861
549.0   12.530751853745357
550.0   11.585620283676008
551.0   12.711625538440927
552.0   12.9199235242464
553.0   9.697988195342191
554.0   11.583074756327903
555.0   10.719530730218281
556.0   11.457221886248988
557.0   10.346889153291613
558.0   8.966708243470322
559.0   8.622094881628755
560.0   9.856098306025359
561.0   11.04215055155035
562.0   9.187551954419291
563.0   7.889015588922888
564.0   9.5341781136664
565.0   9.423011331492205
566.0   12.200512226739392
567.0   10.145733461371037
568.0   9.799606605745225
569.0   11.283694473521507
570.0   10.204881548235221
571.0   11.105984277634406
572.0   11.486020174562498
573.0   11.247339979287744
574.0   11.427405614047387
575.0   9.397295643943039
576.0   13.593485920787344
577.0   14.455746020041147
578.0   13.324354866328889
579.0   13.085737062437175
580.0   14.246705314423082
581.0   12.568522558137602
582.0   13.78406771719483
583.0   14.431656053140642
584.0   13.510414130598065
585.0   14.842411574921755
586.0   13.856864834498566
587.0   14.95347573745505
588.0   14.47812332592386
589.0   15.546435279440374
590.0   17.367448389488516
591.0   16.196742545246167
592.0   14.158361537504675
593.0   17.55063875107649
594.0   15.98528841538564
595.0   14.773766916241613
596.0   13.530139641398762
597.0   12.90646130811973
598.0   13.83810246896175
599.0   13.123533426359472
600.0   13.438349118629446
601.0   14.639738259028832
602.0   12.78334441662227
603.0   12.519602657703217
604.0   11.87660083408528
605.0   13.071991547212548
606.0   13.169476606383256
607.0   13.047781105773083
608.0   11.63561289925616
609.0   11.975076153092033
610.0   12.237745294417238
611.0   11.445382798433968
612.0   13.14169361900511
613.0   13.546309115833338
614.0   10.79372660396578
615.0   11.857475485850415
616.0   12.536408901892457
617.0   14.918846902493272
618.0   11.421716389820205
619.0   11.395292289778496
620.0   13.74737822091592
621.0   13.94625639938377
622.0   13.551052795731408
623.0   13.17128128184703
624.0   16.108421028248074
625.0   13.23888673361381
626.0   14.701109216216992
627.0   14.849567128256979
628.0   15.014481078769677
629.0   15.626945339730128
630.0   16.79522394030124
631.0   15.447721573581873
632.0   16.17683441079771
633.0   16.047893913125677
634.0   15.62842845738112
635.0   16.565676599500165
636.0   19.477987055478934
637.0   17.813682964028857
638.0   17.992175199092316
639.0   17.196681073280644
640.0   18.881469654988024
641.0   20.113614528695905
642.0   17.698135349476956
643.0   20.04805598218823
644.0   19.050193637788055
645.0   17.82679390428092
646.0   19.592071721430415
647.0   20.63129123114018
648.0   17.27823711981594
649.0   18.13266050458077
650.0   18.97623690843065
651.0   17.357891295237465
652.0   17.23585645735517
653.0   17.280323454500518
654.0   17.300332399206724
655.0   16.895330247744738
656.0   17.562568334475372
657.0   16.409729493984685
658.0   15.94860335046394
659.0   17.31018898268266
660.0   18.526186126452956
661.0   16.840870781565684
662.0   16.314983091229294
663.0   18.53092782974133
664.0   16.560168841089222
665.0   18.631178800038725
666.0   16.37952381963163
667.0   19.48273167731304
668.0   17.160276681528984
669.0   19.00235762440252
670.0   17.896803928985832
671.0   19.687272594516543
672.0   17.535521362623655
673.0   18.71725463593026
674.0   18.415124911058996
675.0   19.4714056906721
676.0   18.625891264167194
677.0   20.048101956081723
678.0   18.784674047032468
679.0   21.673693332164902
680.0   20.59284148010667
681.0   21.258845185664
682.0   21.81000500632757
683.0   21.793764022742977
684.0   21.452289758174715
685.0   24.895257585419586
686.0   23.3604269125795
687.0   21.48617777836327
688.0   24.879870310070316
689.0   26.151572753239492
690.0   26.728796966263786
691.0   26.474476888653925
692.0   29.85363885102072
693.0   27.5669936039005
694.0   27.5883002449454
695.0   28.406700521309205
696.0   26.910267049935698
697.0   28.455773577171158
698.0   29.404289766019872
699.0   30.437835925576195
700.0   29.716208391333538
701.0   30.070621647905227
702.0   30.722968594132226
703.0   29.69787093944265
704.0   32.1953499793494
705.0   29.444958943533493
706.0   31.30082106677193
707.0   30.54156362461609
708.0   28.87766155616228
709.0   31.529262014687646
710.0   29.629558164838784
711.0   29.267178307790232
712.0   30.324386976755477
713.0   29.030453679451938
714.0   27.27757998582345
715.0   26.40687867696164
716.0   26.23576483858011
717.0   27.626820018055895
718.0   26.68181849924781
719.0   28.40256253289698
720.0   23.88888037842088
721.0   27.409058218449076
722.0   25.672316623233428
723.0   27.329547158032256
724.0   26.166404543590744
725.0   25.73173333224028
726.0   25.205358801612107
727.0   25.60101388640217
728.0   23.454726253850083
729.0   24.623520814380356
730.0   25.426255599666035
731.0   25.221560577085313
732.0   24.563991113215536
733.0   25.76251984674505
734.0   26.707172679375276
735.0   25.433460579670196
736.0   25.054953862976845
737.0   26.899060444815376
738.0   24.79464593406533
739.0   25.698093639060176
740.0   26.202524877973303
741.0   27.41491882815609
742.0   24.61664928530635
743.0   28.420829375400018
744.0   26.83785105125861
745.0   24.40056357182729
746.0   26.224621651622442
747.0   26.363216220580114
748.0   25.501512021971138
749.0   25.733837439073397
750.0   24.930545628386284
751.0   28.316082722703925
752.0   28.66187358424122
753.0   28.94110124926334
754.0   28.554125563320497
755.0   31.40546117316856
756.0   31.097129357236867
757.0   31.276502331155285
758.0   32.38518098654788
759.0   35.62477661974694
760.0   35.07345921648076
761.0   37.82500501487996
762.0   38.78608009253901
763.0   38.33977996459444
764.0   40.296763685938856
765.0   38.81590996558268
766.0   39.338335903408336
767.0   41.41887391731677
768.0   42.87282800685881
769.0   41.04935712786491
770.0   41.16261320354988
771.0   42.23733965605274
772.0   43.69351198400449
773.0   41.04170402005971
774.0   41.57751620888553
775.0   43.01140805757598
776.0   39.052432898097635
777.0   42.1273893503398
778.0   41.31310462082368
779.0   40.076670265595595
780.0   41.02801994219837
781.0   41.435431680044104
782.0   39.4041777354214
783.0   37.52030475967388
784.0   38.37319472863919
785.0   37.11483104286782
786.0   35.70612359945929
787.0   36.99659735137922
788.0   33.45127632542636
789.0   34.98184633472039
790.0   33.59590803288134
791.0   32.8130343193331
792.0   32.53551378640165
793.0   32.31320955560696
794.0   32.1485527746988
795.0   29.895072721185585
796.0   31.00977823917333
797.0   30.844627058175178
798.0   29.299794736792165
799.0   28.069129977203573
800.0   28.805392956467585
