500.0   17.598475497674627
501.0   19.908882215121196
502.0   15.73527742567839
503.0   16.712088199697234
504.0   15.979480882139086
505.0   16.407416132646404
506.0   16.53386441803852
507.0   14.434142219583862
508.0   16.768768958310062
509.0   12.433339634147359
510.0   13.258262430421098
511.0   14.388100519486756
512.0   14.203441807287561
513.0   10.920884861054162
514.0   10.838611519823388
515.0   11.921315002343533
516.0   10.950201758974856
517.0   13.005013101215098
518.0   13.015233016968267
519.0   9.896384155233733
520.0   10.810785209056576
521.0   11.769000714889557
522.0   10.710177557538714
523.0   11.414951789182936
524.0   10.433914118441578
525.0   10.52342148208325
526.0   11.429505820899664
527.0   12.196101678655822
528.0   12.050196672734444
529.0   10.800162366781251
530.0   13.139260522813117
531.0   13.20325133469018
532.0   12.037486718400402
533.0   12.94255862242079
534.0   16.013243924441582
535.0   15.012992032722565
536.0   14.877469618480859
537.0   16.208841519922828
538.0   16.288656596080727
539.0   15.374639885010936
540.0   16.831018146817172
541.0   13.563003295649054
542.0   12.700511292814099
543.0   15.31516764696562
544.0   15.395007974202997
545.0   14.677912493787915
546.0   12.73324552162319
547.0   12.201850345816382
548.0   14.05708505894458
549.0   12.027439879199108
550.0   11.57352177528827
551.0   13.65297640440869
552.0   11.018684917678371
553.0   10.256046413121766
554.0   11.76114088058688
555.0   12.896980766605054
556.0   12.866172071646503
557.0   10.483940765058264
558.0   10.316098019696767
559.0   9.297353969581081
560.0   11.599667150426143
561.0   10.10391466062859
562.0   9.41957642139181
563.0   11.255889817848185
564.0   9.493738055939303
565.0   10.107306531755057
566.0   9.92888648683072
567.0   9.63234432650384
568.0   11.348926220345703
569.0   10.558308509118262
570.0   10.18195869282556
571.0   10.397479453539091
572.0   11.32493862365638
573.0   10.823082154201586
574.0   11.731187390201114
575.0   10.001694939551953
576.0   12.660818317803233
577.0   14.93184478592002
578.0   14.188059209308847
579.0   13.576487852367904
580.0   13.930411290488081
581.0   10.994691560827874
582.0   12.666021461053163
583.0   14.762957363973982
584.0   13.595146910262258
585.0   12.680038686363616
586.0   13.624308640979677
587.0   14.840705689870276
588.0   13.287500494980662
589.0   12.744875174670682
590.0   14.722376534177329
591.0   15.344670852478345
592.0   12.895688766070833
593.0   15.852064079001138
594.0   15.376227765752077
595.0   12.407031969076542
596.0   12.914604994466998
597.0   11.954228834897492
598.0   12.650023073963524
599.0   12.60191287325597
600.0   12.569053628943095
601.0   12.737387043688983
602.0   11.218515121286515
603.0   12.154972429639997
604.0   11.962671839583436
605.0   12.104161147132885
606.0   10.710013156523559
607.0   11.718975855822237
608.0   11.815215817898604
609.0   12.013771588797795
610.0   11.63178678639386
611.0   11.383617555715347
612.0   12.317782989346881
613.0   12.241414124732614
614.0   9.571873496521334
615.0   10.300456983947214
616.0   11.136579000093974
617.0   11.647197885819367
618.0   10.408297348076786
619.0   9.966297609498639
620.0   11.791425408440546
621.0   11.755507384528755
622.0   10.64184374498626
623.0   11.781364089251696
624.0   13.518963597894526
625.0   10.524287511494407
626.0   12.013307261300582
627.0   12.095128010022336
628.0   11.90663842645867
629.0   13.457527685847452
630.0   15.883164242895162
631.0   12.097497678978016
632.0   13.399067993542417
633.0   15.03896053480014
634.0   12.075350054335559
635.0   13.565128687155578
636.0   16.465621976644172
637.0   13.424152720954226
638.0   14.43377438098247
639.0   14.764084774406427
640.0   16.120998413522187
641.0   15.84711813696191
642.0   14.939307178549342
643.0   16.888795970575188
644.0   15.1450403352803
645.0   14.63076288411716
646.0   15.735609500099201
647.0   17.00460657273021
648.0   14.98087938302163
649.0   15.425169283468108
650.0   14.924267415132874
651.0   15.146058695188742
652.0   14.596707240792426
653.0   13.338752723079295
654.0   13.102385117909535
655.0   12.644778503540635
656.0   12.979059827863352
657.0   14.527861920199456
658.0   11.967601611506808
659.0   14.556400957645593
660.0   14.979617222551099
661.0   15.454738783292584
662.0   14.724888462978356
663.0   13.56765161800098
664.0   13.413385748355665
665.0   15.137071256271412
666.0   14.282615112907934
667.0   14.235975478448808
668.0   13.748951984672402
669.0   15.305924712935195
670.0   14.705034688453168
671.0   14.586194345285293
672.0   15.176190039988796
673.0   15.547249856085699
674.0   15.256194860825104
675.0   15.39080087239509
676.0   12.619319410866439
677.0   15.760138647848578
678.0   14.631449405424746
679.0   16.931126160315557
680.0   18.457128517033624
681.0   16.038476054227885
682.0   17.649166083491707
683.0   18.682024279976446
684.0   19.452273171208077
685.0   18.333605173277334
686.0   17.506506222878244
687.0   17.912795193576926
688.0   19.851976931980033
689.0   19.940572245522986
690.0   20.608011514618624
691.0   20.05133128720118
692.0   21.732546543199902
693.0   20.585321836424924
694.0   19.176762992132694
695.0   21.887267893046896
696.0   21.140334107597624
697.0   22.407723618675988
698.0   22.205515809724147
699.0   23.249867342035344
700.0   23.370433102582638
701.0   23.253638882354124
702.0   21.309285829829122
703.0   22.14811904310693
704.0   24.709277679042543
705.0   25.64024247795834
706.0   23.075980269384218
707.0   23.564523802492914
708.0   21.716118006588943
709.0   23.28751180092732
710.0   21.31423261992404
711.0   21.612314561400268
712.0   23.145029196088217
713.0   22.7965840263239
714.0   20.70432086651502
715.0   20.148930354115777
716.0   19.249427296813025
717.0   19.355638745004597
718.0   19.180800412404636
719.0   20.881429046417338
720.0   18.767318898414572
721.0   19.686988838607647
722.0   19.662170883800684
723.0   19.632847703510265
724.0   20.419447919999982
725.0   19.102328943585633
726.0   18.798867199000114
727.0   19.30011930202525
728.0   19.069343000700314
729.0   17.484001978474737
730.0   17.697038289240794
731.0   18.52564786781548
732.0   16.44559446132706
733.0   17.22542446886561
734.0   20.618592030917966
735.0   19.386862621217034
736.0   20.597792730560855
737.0   20.057225174172345
738.0   16.405627499107595
739.0   17.894626470755668
740.0   18.712776639660547
741.0   19.357321677123906
742.0   19.70576441411376
743.0   21.013182495325538
744.0   17.41707228106469
745.0   18.255281854182783
746.0   19.782659603209908
747.0   19.387697079281992
748.0   19.52776158413613
749.0   18.017061335027506
750.0   18.84110162873094
751.0   19.632047767080508
752.0   19.593976878961854
753.0   21.507220623505418
754.0   20.33958135329013
755.0   22.62735400143987
756.0   21.524348417582075
757.0   21.952232223745483
758.0   24.33776910045745
759.0   27.01445590381769
760.0   24.108920277128504
761.0   27.415074297554895
762.0   27.163755983957856
763.0   25.9592892303707
764.0   27.471325541218476
765.0   28.10377038706747
766.0   26.751006753730564
767.0   27.252196322830088
768.0   29.98883781093005
769.0   27.609288843877465
770.0   29.485915381581947
771.0   29.251328911076826
772.0   29.136693009823972
773.0   28.54663920247461
774.0   28.832078969990306
775.0   27.66710937306533
776.0   26.927698837938436
777.0   29.245634708403287
778.0   27.980213725892128
779.0   27.732975214131642
780.0   28.780261452266956
781.0   28.436668844911424
782.0   25.554709226817465
783.0   27.135516798692407
784.0   27.18415894747298
785.0   25.005005107280567
786.0   25.3615269426474
787.0   25.16714460329743
788.0   22.456008423966125
789.0   24.23757488608163
790.0   23.492581871508577
791.0   20.566300508427048
792.0   20.649848938539577
793.0   21.098022306699903
794.0   22.590883392755217
795.0   20.548023320187497
796.0   21.811718113180092
797.0   20.05624143216417
798.0   19.91567126271957
799.0   18.268660113695972
800.0   18.828178222671795
