500.0   20.402341658558043
501.0   23.85643815127719
502.0   18.824740235405358
503.0   19.501570075972126
504.0   18.26215396925312
505.0   19.342800607841355
506.0   19.025502878878257
507.0   18.351172464127416
508.0   17.893871323261067
509.0   16.309255110821766
510.0   15.631218988166296
511.0   16.246767582119787
512.0   16.73764608412435
513.0   12.733588898509794
514.0   13.979350078561396
515.0   12.914891634909537
516.0   12.829956579354189
517.0   14.243287597061709
518.0   13.351681184466429
519.0   13.386136878489026
520.0   12.498959769421532
521.0   12.259487073552492
522.0   13.283158167941338
523.0   12.480223856104061
524.0   12.162521293477937
525.0   13.161227871306295
526.0   11.886694909755306
527.0   14.53906356443997
528.0   14.263581008462268
529.0   12.65241290460878
530.0   15.398083846629788
531.0   15.155703085116585
532.0   15.378563447315372
533.0   14.69557924922583
534.0   17.02958158123488
535.0   17.496565537394645
536.0   17.28436793741514
537.0   16.321493169164995
538.0   17.10545096774095
539.0   17.02809205230045
540.0   18.44873921283687
541.0   17.395471358577197
542.0   15.6698569178362
543.0   17.881322221955344
544.0   16.553394571246997
545.0   16.17848583836752
546.0   15.850208885223623
547.0   14.67293759851458
548.0   13.915114222518014
549.0   13.504071708145005
550.0   13.090125690968136
551.0   15.04024142170124
552.0   13.589343263287617
553.0   11.6493307389876
554.0   12.862563499419366
555.0   11.682533028240329
556.0   12.324823026938816
557.0   11.504382188925064
558.0   11.01096969155239
559.0   9.235296960284188
560.0   12.036178080283264
561.0   12.100912908389972
562.0   10.454223358175312
563.0   8.866101681119574
564.0   10.443216677174775
565.0   10.418841111326458
566.0   12.596196956691102
567.0   9.667550169526208
568.0   12.148923833678083
569.0   12.299182234733536
570.0   10.402101950726717
571.0   10.925204714894733
572.0   10.856634254323325
573.0   10.273689883388158
574.0   10.950837433252786
575.0   11.244378526001611
576.0   11.710083955451722
577.0   14.231198578828185
578.0   14.119980478963186
579.0   13.555580182886331
580.0   14.559470543453813
581.0   13.929547362351144
582.0   12.545091443786987
583.0   14.126427854723431
584.0   14.23927724903993
585.0   12.970422656603972
586.0   14.847194333123838
587.0   14.307309287294288
588.0   13.423878174213286
589.0   15.578423667624662
590.0   15.323171782031011
591.0   16.32668660340846
592.0   15.117607291810401
593.0   16.08959266071119
594.0   15.530498173600051
595.0   13.014463374361128
596.0   12.396725942331386
597.0   12.104232177097316
598.0   11.86967766249839
599.0   13.12606907488518
600.0   12.613445857403377
601.0   13.552662185137393
602.0   11.663756091044178
603.0   8.917651889354119
604.0   10.114785465493952
605.0   11.378116541107715
606.0   11.633993730437425
607.0   10.446105130725158
608.0   9.852584618973225
609.0   11.259132016877913
610.0   10.855787503803441
611.0   8.556249134861588
612.0   11.634377135602676
613.0   12.93800512433836
614.0   9.880193228403044
615.0   10.662900540302417
616.0   10.790755293791022
617.0   11.362538785356236
618.0   11.267127241380308
619.0   10.200738929230539
620.0   10.910737334022912
621.0   11.797911676530589
622.0   10.126701892881101
623.0   9.605797307942623
624.0   12.21030805989949
625.0   10.990544479905083
626.0   10.221489956585089
627.0   11.71626057668027
628.0   12.491948749350513
629.0   13.1219800969115
630.0   13.792345926732764
631.0   10.853273112641347
632.0   13.338145428771412
633.0   13.679725145332696
634.0   11.958676616304615
635.0   12.266546612828932
636.0   15.464866480919284
637.0   13.424500128627017
638.0   13.961662343737771
639.0   13.773834961878094
640.0   13.358876900401896
641.0   13.12086892208805
642.0   12.985751282901191
643.0   15.307773435905403
644.0   13.332827976344163
645.0   14.333356298126574
646.0   14.30422613828651
647.0   14.980479068584799
648.0   12.978253632138063
649.0   11.668268109196134
650.0   13.215738848640598
651.0   13.845649621792035
652.0   13.85406006619138
653.0   12.311040086779201
654.0   12.446729516351922
655.0   13.000087505630717
656.0   11.621237240165982
657.0   12.278223619628989
658.0   10.017529191251072
659.0   12.820110454357575
660.0   12.116448174773666
661.0   12.558233485908005
662.0   10.651302738776224
663.0   12.443997841219357
664.0   11.475329378142874
665.0   12.973759010575662
666.0   11.053668173445118
667.0   12.499568409256284
668.0   11.506626643250485
669.0   12.157892840865856
670.0   11.607365746482259
671.0   12.33325649692921
672.0   12.756021182295939
673.0   13.689848934163479
674.0   11.560319547939088
675.0   13.676417677989178
676.0   12.174371248151317
677.0   12.954123502633394
678.0   11.273106836667466
679.0   13.783888568046592
680.0   14.344214504586404
681.0   15.074010002867425
682.0   13.87717976562152
683.0   13.024570777727831
684.0   13.753492221457293
685.0   15.948600901836897
686.0   13.498183103835373
687.0   13.919661685785314
688.0   14.94602968462334
689.0   16.302654893031928
690.0   16.511339880937726
691.0   16.150723865801837
692.0   18.50431961955988
693.0   17.12198123252884
694.0   16.954237737463927
695.0   17.277499765495634
696.0   16.693320384233147
697.0   17.999792764632275
698.0   17.66021556184441
699.0   17.2732278704851
700.0   19.36669104036389
701.0   18.84186456403296
702.0   18.305689900406037
703.0   16.096038520156895
704.0   21.53498588087524
705.0   18.15701578839571
706.0   19.318756360093374
707.0   19.54339136513704
708.0   16.781879955525
709.0   17.780579264048583
710.0   18.372708694667125
711.0   16.7045571079434
712.0   19.062311649172557
713.0   17.068582409810432
714.0   16.18895741176155
715.0   17.057515151237936
716.0   15.399936810146443
717.0   13.444634493155547
718.0   15.869224787837254
719.0   16.410213360344528
720.0   14.327385658844918
721.0   14.567271892871531
722.0   14.53228109386302
723.0   14.66660153530998
724.0   16.292628637904386
725.0   13.52275761730624
726.0   14.189840120001975
727.0   12.550116078870872
728.0   14.171615099125376
729.0   13.799301491309564
730.0   13.32919106797084
731.0   14.51884522230938
732.0   13.185174583158044
733.0   15.080251485864665
734.0   15.11435838422156
735.0   14.365295252350762
736.0   14.937445451040276
737.0   15.489100494987895
738.0   11.806083759235463
739.0   14.802504078222142
740.0   15.049568958552555
741.0   15.400270244164233
742.0   13.346573553551252
743.0   17.161545145699876
744.0   12.866536803040788
745.0   11.79997692575347
746.0   15.131167733560687
747.0   15.84039303294756
748.0   13.782663022995507
749.0   13.968480048010434
750.0   13.103457459312352
751.0   16.16191637606741
752.0   14.871473161774304
753.0   14.652474292430838
754.0   14.037432378907596
755.0   17.139621012308254
756.0   15.273078894813352
757.0   16.073275185497636
758.0   18.88406870455927
759.0   20.488563791951037
760.0   18.542154131705956
761.0   19.830385029663034
762.0   19.717551602837574
763.0   18.44637435681932
764.0   20.205616670511972
765.0   18.68438121922918
766.0   20.01260467980211
767.0   19.659318162172042
768.0   21.18953525714747
769.0   19.279897477059677
770.0   20.315816567434666
771.0   20.65143449688975
772.0   20.751696708634825
773.0   20.004783355197816
774.0   20.062863197686056
775.0   19.120652135645173
776.0   21.874337200020307
777.0   19.599248399932748
778.0   18.010247530890496
779.0   19.86702111381649
780.0   19.776493304110204
781.0   21.01897736506615
782.0   18.067182480536843
783.0   18.115770051319686
784.0   18.62167810949086
785.0   17.4915875336917
786.0   16.980933104018533
787.0   16.57355499083357
788.0   14.241534743652636
789.0   16.464214839179107
790.0   15.543642808592523
791.0   13.255617756774825
792.0   15.321972899348935
793.0   15.737818733527916
794.0   14.03474073094344
795.0   14.277912331647144
796.0   15.7750128073925
797.0   13.847665902445442
798.0   12.293601677033166
799.0   12.369811003559846
800.0   14.30050600822014
