500.0   26.184756040681833
501.0   28.178463231895705
502.0   25.324044954441234
503.0   25.222397998986196
504.0   23.884723341744916
505.0   24.187558304610036
506.0   23.722025786026506
507.0   21.77512226218053
508.0   21.106795926220144
509.0   19.437490265670533
510.0   20.196768059770108
511.0   19.97467829785765
512.0   20.39333270937405
513.0   16.72115116765417
514.0   19.106781638086858
515.0   16.397574334373644
516.0   15.449437587591945
517.0   17.926860321458918
518.0   15.403964216495808
519.0   16.089346481577735
520.0   14.571913241554398
521.0   16.444208678633117
522.0   15.13423172441182
523.0   16.407546286567168
524.0   15.963669575469225
525.0   15.669816223584746
526.0   15.443746183295929
527.0   16.79742163336863
528.0   18.577739484697616
529.0   16.041173220719173
530.0   18.24800372709555
531.0   19.546393301405658
532.0   19.627397832558728
533.0   20.100829385835567
534.0   20.631958162727415
535.0   21.926663840181845
536.0   21.956731389398215
537.0   21.300314086517858
538.0   23.64012374314362
539.0   21.381269425100783
540.0   22.377462183662175
541.0   20.729056365461304
542.0   22.78132146297989
543.0   22.374032386026727
544.0   22.435813947884384
545.0   22.019277556325278
546.0   19.57384896430088
547.0   18.559165463137845
548.0   18.85757454437379
549.0   17.27135070780531
550.0   16.83565794737234
551.0   17.14748331221037
552.0   17.02954379889374
553.0   17.10886658839027
554.0   16.281584418112573
555.0   15.776244792448466
556.0   14.760123961160161
557.0   14.815097821532248
558.0   14.293533474648427
559.0   12.264332233100731
560.0   14.232802568753783
561.0   15.022771900269817
562.0   13.130368491215961
563.0   13.164398545271894
564.0   12.11656610833225
565.0   12.653987392709382
566.0   15.220478476403372
567.0   13.519883369512826
568.0   14.249365655803103
569.0   15.2200955755375
570.0   13.532313702824808
571.0   13.169399041576867
572.0   13.385606296362823
573.0   14.949042922289607
574.0   15.975448638507942
575.0   14.53878415946113
576.0   15.890108131263503
577.0   17.22115830296957
578.0   17.5148397403552
579.0   16.68336712544928
580.0   18.504581182262683
581.0   16.516530196423133
582.0   18.417279156204444
583.0   18.110750039689236
584.0   17.403169249783105
585.0   17.1515708675592
586.0   18.70171790475834
587.0   17.58531485176138
588.0   17.70436713317133
589.0   18.80180250246937
590.0   18.460827508971192
591.0   17.242507502622374
592.0   17.164201643538235
593.0   18.894666495400088
594.0   19.710559640311686
595.0   15.863448956899077
596.0   15.014781772488845
597.0   14.13878824899308
598.0   14.37053918776789
599.0   15.014251361728896
600.0   14.25836711761292
601.0   15.512194283320639
602.0   13.97843496403172
603.0   13.538323363910251
604.0   11.264954134339405
605.0   12.924693494288022
606.0   13.671442181509462
607.0   14.282768991127682
608.0   12.757138100375869
609.0   13.017818146957325
610.0   12.748658642030392
611.0   11.835241164970682
612.0   13.990400296621601
613.0   14.20511866316906
614.0   11.80009750986207
615.0   11.074277718539463
616.0   12.809915187374287
617.0   12.557406808195623
618.0   12.062940615762699
619.0   12.158355196563093
620.0   14.149000475867837
621.0   13.635387751145089
622.0   11.998815513409255
623.0   11.73520942444702
624.0   14.371067644192266
625.0   13.080266972940876
626.0   12.292472978513814
627.0   14.493334398995103
628.0   14.40113229029322
629.0   14.035600887496372
630.0   15.851286270840234
631.0   13.568688422873976
632.0   14.792097064952543
633.0   16.763081939530252
634.0   14.537076794282598
635.0   15.524384730756083
636.0   17.95819656377762
637.0   15.60353198086679
638.0   16.873614966190218
639.0   15.512393351321293
640.0   17.062040249115256
641.0   15.691610475126396
642.0   16.09579381331531
643.0   17.550677332699223
644.0   16.46707535686309
645.0   15.088282571818041
646.0   16.111581367226563
647.0   16.313307667060144
648.0   16.260782211379137
649.0   14.889547920368926
650.0   16.230890933888617
651.0   15.660618181949616
652.0   14.754498932638057
653.0   14.955524621485637
654.0   13.179437053743982
655.0   14.28782948147682
656.0   14.652042084558644
657.0   13.981228310559402
658.0   11.43549226810498
659.0   14.127510366247748
660.0   14.154801715547507
661.0   14.600906151382901
662.0   13.861859664326403
663.0   13.070114368205452
664.0   12.223022767886818
665.0   14.001248596424489
666.0   13.512074096409009
667.0   13.901657760814004
668.0   14.105604785269264
669.0   14.571059688512548
670.0   13.078865304737064
671.0   14.7569662518207
672.0   14.49356884258458
673.0   15.490532088489516
674.0   13.262974226108867
675.0   15.242283713980612
676.0   12.95274326169752
677.0   13.811155297738566
678.0   13.362375627374064
679.0   14.122524358503853
680.0   16.582110191607768
681.0   16.204632293252104
682.0   14.837635424378618
683.0   16.507675240640765
684.0   16.149196946565326
685.0   16.22532190587731
686.0   15.503080631058253
687.0   15.275088498735528
688.0   17.477479759897705
689.0   18.37529672387376
690.0   18.78624858402361
691.0   17.654249834153916
692.0   20.037023226491982
693.0   18.659737955401766
694.0   18.25118958745219
695.0   18.510989906745436
696.0   16.533001346432513
697.0   19.39704032174754
698.0   19.247482126081337
699.0   20.046418604126814
700.0   19.031158850497945
701.0   18.866415438901612
702.0   20.48848250545595
703.0   18.147403584396585
704.0   20.998436147800163
705.0   20.47292038237009
706.0   19.459989624228143
707.0   18.923467444515296
708.0   16.894744482253913
709.0   20.700561190587734
710.0   19.372042104209555
711.0   18.80719933351554
712.0   18.521069354394342
713.0   17.917857383054894
714.0   17.594997850120393
715.0   17.816340200138114
716.0   13.75583900556336
717.0   16.380738167950625
718.0   16.874864756396647
719.0   17.65501464174102
720.0   13.504762425253773
721.0   15.61735566469045
722.0   15.040122741715692
723.0   15.48326331720773
724.0   16.22212808160205
725.0   15.555005716883699
726.0   14.91328772199077
727.0   14.703114907594795
728.0   15.07100860247391
729.0   14.497299833198497
730.0   14.156748553197332
731.0   14.09771268331204
732.0   12.700500791099387
733.0   14.446574793298367
734.0   16.10768170700814
735.0   14.200144462440704
736.0   14.377240872427734
737.0   16.425567707275206
738.0   13.267906470872362
739.0   14.376682289043458
740.0   14.695161837483084
741.0   14.604150194856743
742.0   14.794517308663984
743.0   17.83081920786219
744.0   13.765181406949154
745.0   14.27920488522426
746.0   15.10329693936174
747.0   13.346344509102295
748.0   13.852091709689887
749.0   14.690666023154392
750.0   13.94971204316036
751.0   15.491960000726124
752.0   14.704158400038523
753.0   15.79378427525262
754.0   13.999173766592975
755.0   15.087465100668794
756.0   16.248317915410865
757.0   16.060899717658515
758.0   18.747148302609475
759.0   19.615907758567744
760.0   18.46180083242271
761.0   17.71299510862019
762.0   20.390787447216752
763.0   17.75536324689088
764.0   19.678925954726395
765.0   18.588421206010622
766.0   19.121081101610343
767.0   19.649694906409394
768.0   19.359005708694326
769.0   17.932054021545923
770.0   18.960314565571764
771.0   19.19507736487006
772.0   19.50097468255248
773.0   19.477522781303463
774.0   20.067165242572173
775.0   19.08807230454721
776.0   18.201673626497666
777.0   20.16203075879855
778.0   17.896210429386684
779.0   17.737555685672476
780.0   18.051134332272596
781.0   20.0509603606138
782.0   16.50462212845295
783.0   16.870370206817398
784.0   17.17304040125012
785.0   15.681543251585452
786.0   15.564246842195217
787.0   15.640080247691941
788.0   13.143417654684526
789.0   16.213777610841902
790.0   13.978373833175226
791.0   13.054648237237899
792.0   13.922917361733312
793.0   13.676247587655382
794.0   15.632552612988917
795.0   12.268658398394763
796.0   14.92895985627959
797.0   13.473764852038641
798.0   13.58674133196223
799.0   11.526849269284014
800.0   14.413225689106412
