500.0   30.351474960549467
501.0   32.44058025979186
502.0   29.23993467380987
503.0   29.21885754290284
504.0   28.657017197313763
505.0   29.69121245009805
506.0   27.0111272856318
507.0   25.081148988706474
508.0   25.999202364738125
509.0   24.04647012078584
510.0   23.768586484659238
511.0   23.65541135570203
512.0   23.186616002927593
513.0   20.17243670856365
514.0   20.020671286706232
515.0   20.929270720273024
516.0   19.394364147120484
517.0   20.890725980391466
518.0   20.031893710079856
519.0   19.583429896741706
520.0   18.233662488292453
521.0   19.685195353882676
522.0   18.87891488523988
523.0   17.770456400791602
524.0   20.199035742853198
525.0   17.758146477078185
526.0   18.555198717517527
527.0   21.548062559217612
528.0   20.671644670785696
529.0   20.46577152407022
530.0   22.171555911377368
531.0   22.261289074822713
532.0   21.940308310826396
533.0   22.951010061806983
534.0   24.901521569751026
535.0   25.35209773991039
536.0   25.679059746972058
537.0   25.293526993128694
538.0   26.63384867090727
539.0   26.083705200265626
540.0   25.91792364371088
541.0   23.598947543723824
542.0   25.112377856882176
543.0   25.470634943753026
544.0   26.371236626841068
545.0   25.63375753286985
546.0   22.507998237628442
547.0   22.26825182245338
548.0   22.636546429601168
549.0   20.58105238629406
550.0   19.876997751519298
551.0   22.311054136437605
552.0   18.446984549207087
553.0   18.10478151298517
554.0   19.652442944200402
555.0   19.081605439959304
556.0   17.926767364856374
557.0   17.218878882965186
558.0   16.356851860086948
559.0   14.866926099108127
560.0   17.884162550330274
561.0   17.10591164206241
562.0   15.1970565560313
563.0   14.975170720418333
564.0   16.132934723092347
565.0   15.460506584072391
566.0   17.10913265402897
567.0   15.492595209284872
568.0   15.849446080037836
569.0   17.09619684435657
570.0   16.24535704946115
571.0   15.654580628580334
572.0   18.00487522359805
573.0   17.735382533254324
574.0   18.584206846876867
575.0   16.92360986200748
576.0   19.27607317491365
577.0   20.784845158310873
578.0   19.972186889039506
579.0   20.18591932405684
580.0   20.789087229511324
581.0   19.451094323017372
582.0   21.042065195874557
583.0   21.601867236132705
584.0   20.52377971089132
585.0   19.83277387326308
586.0   22.257403504757207
587.0   21.000799329481566
588.0   20.343622760709053
589.0   21.55061131923216
590.0   22.78011848792397
591.0   22.749655232651833
592.0   20.986636746554296
593.0   22.79416798096284
594.0   22.487241928806128
595.0   19.0759710192537
596.0   17.823426090081313
597.0   17.37807698931357
598.0   18.782662178596354
599.0   17.555974746634547
600.0   17.19765506243172
601.0   17.64482024629916
602.0   15.211435382727558
603.0   15.985622556790474
604.0   15.975628327138509
605.0   16.65764530173047
606.0   16.66906823894695
607.0   15.7352912949857
608.0   15.020043661969538
609.0   15.457760332915711
610.0   16.73126638849601
611.0   14.859375096535501
612.0   15.444592322810962
613.0   16.440127016192207
614.0   13.453444759268052
615.0   15.739766640672144
616.0   14.953651832344775
617.0   16.43400661802434
618.0   13.916151329529555
619.0   13.97368482826053
620.0   15.882233420923257
621.0   15.768250174999167
622.0   13.97372996794482
623.0   15.797527957700709
624.0   16.49281634001713
625.0   14.93406633944835
626.0   16.52564175663369
627.0   16.26803916386976
628.0   16.957719250845457
629.0   17.442020924438424
630.0   18.668790213376155
631.0   18.62173346725831
632.0   17.693322120702817
633.0   18.68724657917329
634.0   16.36178053026964
635.0   18.407171155052282
636.0   18.762161902460605
637.0   18.786682868254246
638.0   19.171614919169457
639.0   18.604071495483254
640.0   19.82274928933009
641.0   18.945408744384082
642.0   18.100929298173043
643.0   19.58093281715739
644.0   18.767880308761107
645.0   19.053367458295497
646.0   18.979167654037894
647.0   19.54085888135512
648.0   17.849450648515443
649.0   17.529669443987387
650.0   19.75104543712706
651.0   17.120248135287113
652.0   17.5884919327315
653.0   17.183310511685903
654.0   16.192845280140602
655.0   16.497794102323496
656.0   16.494915750173078
657.0   15.830188033935514
658.0   15.159256667997909
659.0   17.04856259488065
660.0   17.14019205575451
661.0   16.4897676538572
662.0   15.139571630768927
663.0   15.826136744212363
664.0   14.85422938987432
665.0   16.46086177756223
666.0   15.186911819330817
667.0   16.317222749757065
668.0   15.490596966487345
669.0   16.85364861168273
670.0   15.56171779801042
671.0   16.729390726798755
672.0   16.140527623493796
673.0   17.15136420605137
674.0   15.765495752212473
675.0   16.516297492732775
676.0   15.880238411140851
677.0   16.909299823887693
678.0   14.9209465125262
679.0   18.35242783982605
680.0   17.56331593872244
681.0   18.63412375523899
682.0   16.425564812691704
683.0   18.952364646610164
684.0   17.74833895658975
685.0   18.84569075128971
686.0   17.904184039214925
687.0   19.41887786191066
688.0   20.359568195940426
689.0   20.526074337254784
690.0   21.442370705632555
691.0   20.770362258473284
692.0   23.24092205115224
693.0   20.96161278102886
694.0   21.115695755865715
695.0   21.74632669656586
696.0   19.990374143287454
697.0   21.28712177670863
698.0   22.014004013037265
699.0   22.060956703530564
700.0   24.182357525629186
701.0   21.68449359399142
702.0   22.342844416446496
703.0   21.29610123123041
704.0   23.652723992597544
705.0   23.817258423979553
706.0   24.248571554872342
707.0   21.77965333572402
708.0   20.031845121902563
709.0   23.489314521316345
710.0   20.95520460460753
711.0   20.924195520209764
712.0   21.1897606142835
713.0   20.197453226894964
714.0   20.453634663702218
715.0   18.428020159363484
716.0   17.495045170464607
717.0   17.23308851253941
718.0   17.877458196817912
719.0   20.137451779802063
720.0   16.746881286280058
721.0   17.666679048695443
722.0   16.57499834226698
723.0   17.235304357987758
724.0   19.088283608824156
725.0   17.27538870983301
726.0   16.493247014954306
727.0   16.05164562466186
728.0   16.584047959954006
729.0   15.160719160224943
730.0   16.535085529078373
731.0   15.427690039820362
732.0   13.85132370320656
733.0   16.359988022700293
734.0   16.09407831071792
735.0   16.82957287741445
736.0   15.358219587945882
737.0   17.506079030526507
738.0   14.804999571911878
739.0   15.74567717001321
740.0   16.261023667784883
741.0   17.664519675185346
742.0   16.81044123465071
743.0   20.275601192595218
744.0   15.265329048314754
745.0   14.139595321027429
746.0   14.805274120789704
747.0   15.341373122868617
748.0   14.625468611966312
749.0   15.625842613195857
750.0   16.40514067018549
751.0   17.319843195418997
752.0   16.943076252329774
753.0   16.45629565263991
754.0   14.718495409089883
755.0   17.781939117460837
756.0   16.775422923716036
757.0   18.135665306291315
758.0   20.065420487176453
759.0   21.736844597376432
760.0   20.259345608458688
761.0   22.149334143381225
762.0   21.181216960549193
763.0   20.41465538606991
764.0   21.035725680628843
765.0   19.863116346331623
766.0   19.919468142226293
767.0   21.143457281413816
768.0   22.459798687972466
769.0   21.070282461340668
770.0   22.804805272496083
771.0   22.686423603119806
772.0   20.691222622085206
773.0   22.009396566402614
774.0   20.368528411428542
775.0   20.101417984922534
776.0   20.938484185121297
777.0   19.54053553975652
778.0   18.70187947369564
779.0   18.448988844539542
780.0   20.030944031453714
781.0   20.398454823229144
782.0   18.852126329098837
783.0   18.138453939780874
784.0   19.58238215353603
785.0   17.463701396233375
786.0   17.315877172787395
787.0   18.633176194885976
788.0   15.609929914190474
789.0   16.49665548657191
790.0   16.618395615602367
791.0   13.984356547344106
792.0   15.332918914614964
793.0   15.589791336977441
794.0   15.2279249033989
795.0   14.851266169287669
796.0   14.914527804713998
797.0   12.981718634781856
798.0   13.176437396443362
799.0   12.034714186447871
800.0   13.99064542038002
