500.0   39.243701582028365
501.0   41.36208192221457
502.0   38.992915062140355
503.0   38.91520388273105
504.0   36.59857757482112
505.0   36.71854888696939
506.0   34.25841653653137
507.0   35.03153845003112
508.0   34.08353271807033
509.0   29.967561948603645
510.0   29.68561515233324
511.0   28.385032060550543
512.0   30.43600273558107
513.0   26.751704853120856
514.0   26.773626835831834
515.0   24.96853012282827
516.0   24.906846497509775
517.0   27.387920459354547
518.0   25.686316784921075
519.0   24.457627349682525
520.0   25.16899675972317
521.0   25.183203958526548
522.0   24.506982925844937
523.0   24.461936312299287
524.0   23.917468032819073
525.0   24.989226368151776
526.0   25.28268448042718
527.0   28.14427369344989
528.0   28.0097987655501
529.0   27.172236962018644
530.0   29.308301370569637
531.0   29.555254706926235
532.0   29.995387311431102
533.0   32.30139837650165
534.0   31.916342669134167
535.0   33.3201898583668
536.0   34.78685157112625
537.0   33.42092182036177
538.0   35.02847633706901
539.0   35.676007663164114
540.0   34.147314080215864
541.0   34.15374384207627
542.0   34.74281801001109
543.0   33.63825328989046
544.0   32.96331688095296
545.0   34.16073186197096
546.0   30.43928937854352
547.0   29.192736744887497
548.0   29.854924385519695
549.0   28.551581252732973
550.0   26.636471047677304
551.0   28.31876654245613
552.0   27.189944309654493
553.0   24.566622127711668
554.0   25.30172537124207
555.0   22.827126064227087
556.0   24.83535647612328
557.0   22.69477121284561
558.0   21.12088971591251
559.0   20.87899594561486
560.0   22.430926643222847
561.0   23.118584724802872
562.0   19.043000955670266
563.0   20.575351825173982
564.0   20.534423561534794
565.0   21.40113243375697
566.0   22.26488685031356
567.0   20.21019748431786
568.0   22.199731254085947
569.0   22.701391529984193
570.0   21.61648072173807
571.0   22.399907434059287
572.0   22.8668025205493
573.0   23.86984771867796
574.0   22.714161964262047
575.0   22.55983864983037
576.0   25.88591794561276
577.0   26.04010057753908
578.0   26.74373490199278
579.0   26.174307699688228
580.0   27.55764916114208
581.0   26.615346468730195
582.0   27.373139913852555
583.0   29.278316216351158
584.0   28.69490997088988
585.0   28.268297986670717
586.0   30.063718648633937
587.0   29.183042223643554
588.0   26.971918362320224
589.0   29.216127459355818
590.0   31.05361043551568
591.0   31.31417114872653
592.0   28.16873404418328
593.0   29.8234685875629
594.0   28.438942653721455
595.0   25.745994035835736
596.0   24.66447849625513
597.0   24.517976660874552
598.0   23.531613353607526
599.0   23.34451886315088
600.0   23.15953468596058
601.0   25.048790688100695
602.0   21.248410225578453
603.0   22.120142900520477
604.0   20.47504081038494
605.0   21.568445276208166
606.0   21.479091973730362
607.0   21.200471350121887
608.0   20.01053105084651
609.0   20.657051681133936
610.0   22.05162119410221
611.0   19.906742262229017
612.0   21.234219747096034
613.0   20.68100131202945
614.0   16.881521957537615
615.0   18.417073259077682
616.0   19.447437812779725
617.0   20.127288493199103
618.0   18.697500914995004
619.0   20.346866522039136
620.0   21.150056296359992
621.0   20.727704285956293
622.0   18.700902396395605
623.0   19.679761669520786
624.0   22.09718379061451
625.0   21.08695041948951
626.0   20.839170101482807
627.0   22.425111960716833
628.0   21.8431106465805
629.0   24.685269718562637
630.0   25.076224151994694
631.0   22.8617490510467
632.0   24.984733406770914
633.0   25.897720822854552
634.0   24.829479694154998
635.0   26.08266867317272
636.0   27.916648719202072
637.0   26.611674328011418
638.0   27.14481119693002
639.0   26.84488552500372
640.0   26.849278171337147
641.0   27.55589509593247
642.0   25.671647277886564
643.0   28.50605469290906
644.0   25.926283512447895
645.0   25.791454911074737
646.0   25.890721813513665
647.0   26.730258501244748
648.0   24.437630878852588
649.0   24.69809081510516
650.0   26.70699086868808
651.0   25.949593349117265
652.0   24.736162284511977
653.0   23.111142855995837
654.0   22.75451091890841
655.0   22.72671973306805
656.0   22.76607017840618
657.0   21.28791108242214
658.0   21.09566927622683
659.0   22.911940464197414
660.0   23.304583842320568
661.0   23.45230778901478
662.0   21.280334635577162
663.0   21.280215378419342
664.0   20.87188239701473
665.0   23.62313315641498
666.0   21.025498547926645
667.0   21.518551859147152
668.0   22.622019059519744
669.0   22.35070854307196
670.0   21.90281725882926
671.0   23.29384947695476
672.0   22.74841807730769
673.0   22.991726154296657
674.0   22.9243605007714
675.0   22.83650145255106
676.0   22.911832012742707
677.0   23.097254446366463
678.0   22.123891192513156
679.0   24.533197486125374
680.0   24.77077743562964
681.0   25.477867354459164
682.0   24.347702987006272
683.0   25.353828455725903
684.0   26.15209551485276
685.0   27.621247151897137
686.0   26.477526964664435
687.0   26.221370133117745
688.0   27.539913059885947
689.0   28.253190107836474
690.0   27.550853197689236
691.0   28.99904695661482
692.0   31.97206037253784
693.0   31.008156433376342
694.0   29.34601891443353
695.0   30.631293688984556
696.0   28.265409709631115
697.0   29.89346181591759
698.0   31.191885933120517
699.0   31.55677602728278
700.0   32.20680043037183
701.0   31.0222258206326
702.0   31.72214922773489
703.0   30.099265297414263
704.0   33.4709755662017
705.0   32.00462978314809
706.0   30.95193457087467
707.0   31.837915367586817
708.0   29.447520505418566
709.0   31.94818996704521
710.0   29.40456256327502
711.0   27.63766859525427
712.0   29.660246740313426
713.0   28.504877326343376
714.0   26.67366082650517
715.0   27.99063747765649
716.0   23.915318004194944
717.0   25.79425516625176
718.0   25.914155977953158
719.0   26.306579647212516
720.0   23.759905044019376
721.0   25.92090496655581
722.0   23.175979425694663
723.0   24.96502517490117
724.0   25.221278871386517
725.0   25.161203795788225
726.0   24.04829340072294
727.0   22.951097056757618
728.0   23.94260263038501
729.0   23.28322147116552
730.0   22.654970455881397
731.0   21.531952761557648
732.0   21.83080344143869
733.0   22.144857737579628
734.0   22.997520724839774
735.0   22.682836308356343
736.0   22.497029146447773
737.0   23.79537123890941
738.0   21.261896797101286
739.0   21.927874946760284
740.0   23.333944405674515
741.0   22.665740818909285
742.0   22.674420246502848
743.0   23.546246064089672
744.0   19.437341067544878
745.0   19.533291913827895
746.0   21.07132939645703
747.0   21.779833731162057
748.0   20.302345055986876
749.0   21.909115650848264
750.0   21.613403190686626
751.0   23.26920288477106
752.0   22.668377571205554
753.0   22.526974929881504
754.0   23.640409622421174
755.0   24.315688904786327
756.0   25.286434564470653
757.0   25.163241740940606
758.0   28.29107809468485
759.0   28.969456479660806
760.0   25.416497309352707
761.0   30.465620327709587
762.0   29.014493991604496
763.0   28.638862768958575
764.0   31.08164566850209
765.0   29.583569453359047
766.0   30.809404091229595
767.0   29.190201202885078
768.0   32.63169582214039
769.0   30.31023403395733
770.0   29.44706174280782
771.0   31.400116756790567
772.0   30.60341648967031
773.0   28.412774479230393
774.0   30.762142057119604
775.0   29.936939134586822
776.0   29.374436932849676
777.0   29.015842053819085
778.0   28.58338123850504
779.0   27.442130269156564
780.0   27.47887900569387
781.0   28.362281177029672
782.0   24.33530014766052
783.0   27.060560948426996
784.0   27.71407569985857
785.0   25.379312036056263
786.0   24.511053704213168
787.0   25.979566217116485
788.0   21.215821889196434
789.0   23.223035162758123
790.0   23.009846599892654
791.0   20.815637318659356
792.0   21.41118540684539
793.0   22.074254489752605
794.0   21.722509921031275
795.0   19.807531487383585
796.0   20.68922980978573
797.0   18.212588751632154
798.0   18.68738059953438
799.0   17.877682889463443
800.0   18.952211906049058
