500.0   45.112216080246014
501.0   48.104807719823214
502.0   45.68624410857845
503.0   44.55175933359533
504.0   42.11005186432115
505.0   41.594676449027986
506.0   40.568248749491886
507.0   39.06366869384976
508.0   39.84487250881267
509.0   33.427914423430195
510.0   35.44521948174369
511.0   34.43506855896686
512.0   35.32370051683145
513.0   32.05945015681755
514.0   30.13243274986209
515.0   30.69373391387458
516.0   30.36534783901294
517.0   31.384457686958086
518.0   30.36580827936433
519.0   30.10066210290296
520.0   29.248726414918423
521.0   28.555179120137637
522.0   30.39612669038908
523.0   29.674108605787126
524.0   29.55019341685656
525.0   28.888922210634377
526.0   29.817977854982274
527.0   32.449667247003134
528.0   32.17130249288462
529.0   32.073008376823964
530.0   34.188104149774915
531.0   36.197185408841506
532.0   35.69043009614731
533.0   35.51149317471504
534.0   38.49577885450151
535.0   39.29024915363212
536.0   40.07665743944051
537.0   40.44116663588957
538.0   42.167857330584695
539.0   41.59110019710377
540.0   41.82063428833109
541.0   41.02244101517417
542.0   40.429844456453964
543.0   40.917151033626766
544.0   41.578318168764326
545.0   40.26909769370289
546.0   38.6940604962021
547.0   35.422480117311665
548.0   35.190219426244
549.0   33.19455155160563
550.0   32.13478455744783
551.0   32.42291261344627
552.0   31.36973834298186
553.0   30.0148129716452
554.0   30.93820591205531
555.0   28.601053706713316
556.0   28.582334096389587
557.0   26.124550981612657
558.0   26.876899791528984
559.0   24.736084788153903
560.0   27.41038686593302
561.0   27.629397191042727
562.0   23.328671805393185
563.0   24.255691388619113
564.0   25.853392748895118
565.0   24.97801980924922
566.0   25.941388479878384
567.0   25.532165328902153
568.0   26.39991098748345
569.0   26.642699273908903
570.0   27.86390405927844
571.0   25.94260701548177
572.0   27.845227415281045
573.0   28.27925983105706
574.0   27.821441989231346
575.0   28.72549883863377
576.0   29.738693432398605
577.0   31.266210209762306
578.0   32.20552847232844
579.0   31.86459789337863
580.0   32.27825021942397
581.0   32.8304983845218
582.0   34.14526096664517
583.0   34.52055683664267
584.0   35.39872015195539
585.0   33.01584858923451
586.0   34.74639070226431
587.0   34.89687477420651
588.0   36.041792761120746
589.0   35.43218265853747
590.0   37.12396951922378
591.0   35.645398200724685
592.0   31.86442113297366
593.0   36.05660434606733
594.0   34.72899462469286
595.0   31.005261867765597
596.0   30.95408195486138
597.0   29.735786475943
598.0   29.86085927556539
599.0   28.52160900201102
600.0   28.042483537803577
601.0   28.167062892831353
602.0   24.43932753720469
603.0   26.15585067815408
604.0   24.59275797518015
605.0   26.61627880848883
606.0   26.203438120768396
607.0   26.5474838259139
608.0   25.661494581856118
609.0   25.304196714309228
610.0   25.28742431437911
611.0   23.794247848447412
612.0   24.645899528243746
613.0   25.3378012320037
614.0   23.274549632025895
615.0   23.527587323981777
616.0   22.588037810505483
617.0   25.019169133064764
618.0   23.74071878540704
619.0   23.21610977189019
620.0   23.888392467807506
621.0   26.246387473639544
622.0   23.655682132775098
623.0   26.33505340606993
624.0   25.1777142995264
625.0   24.843816883165687
626.0   26.92269778823129
627.0   28.449073702055017
628.0   27.802085132075177
629.0   28.21329997870791
630.0   30.50157048447079
631.0   29.16638821391848
632.0   31.141881198206477
633.0   32.279514543629034
634.0   29.55812467358726
635.0   31.004943670784826
636.0   34.63477471558039
637.0   31.326644562959757
638.0   34.39581464779641
639.0   32.55595885273931
640.0   34.03658205494037
641.0   34.18596688274073
642.0   33.45825923807982
643.0   34.84826246366458
644.0   33.54058373893719
645.0   32.945147781068755
646.0   33.16015646933428
647.0   35.06814677167472
648.0   32.13602415684511
649.0   31.358489308647478
650.0   32.37950015486112
651.0   31.66255088832304
652.0   31.042756780417875
653.0   29.386998960879595
654.0   27.97644159616553
655.0   28.66047575178399
656.0   29.281191237560222
657.0   28.647110719494748
658.0   26.21020273845849
659.0   29.04416779069723
660.0   29.013018942652167
661.0   29.922415028153864
662.0   28.475847111218627
663.0   27.720610554998075
664.0   26.79272315852768
665.0   28.69838742485129
666.0   27.429630446610588
667.0   27.48822226384354
668.0   28.67698829703582
669.0   29.154371802410964
670.0   27.294302690604184
671.0   30.02317418538803
672.0   29.81713624514697
673.0   29.33994350241565
674.0   27.815140608395723
675.0   28.43264778103685
676.0   29.037569984007717
677.0   28.346946173231572
678.0   28.379751539902344
679.0   31.834160427704745
680.0   32.424584190968886
681.0   31.829939830103058
682.0   32.42936849874508
683.0   33.049680147136684
684.0   32.706264055667305
685.0   34.91602895217662
686.0   34.33757844326104
687.0   33.92084172189848
688.0   36.35678494381534
689.0   37.167504550876004
690.0   36.30342770950094
691.0   36.055687746399
692.0   39.51687423888481
693.0   38.30189069867342
694.0   38.692453886774075
695.0   39.072982849548595
696.0   37.39892483848945
697.0   39.23944673804755
698.0   37.93314886985792
699.0   39.9189568110333
700.0   39.61088316099668
701.0   40.43114898245014
702.0   40.754441936696196
703.0   38.40037901222411
704.0   40.90654254318247
705.0   39.70929368085575
706.0   40.99559547394762
707.0   38.02853855443777
708.0   36.78669295119781
709.0   40.54286990050005
710.0   38.0592264483648
711.0   37.23021800064427
712.0   37.99371629906196
713.0   37.047161311889084
714.0   34.691565784245995
715.0   36.144848323124194
716.0   32.80968521184886
717.0   33.098434400974014
718.0   33.553418555435
719.0   34.155189582532444
720.0   30.382003427208815
721.0   32.023841807130424
722.0   30.973963357811158
723.0   32.249235242108824
724.0   32.03219765309575
725.0   30.95758458796766
726.0   30.660847289182016
727.0   29.99962329287152
728.0   29.883604349693115
729.0   28.789081616787797
730.0   28.148829514092796
731.0   27.852921234417238
732.0   27.503983600757977
733.0   29.857708267358475
734.0   29.824203272852372
735.0   29.137556959453008
736.0   27.51121106244969
737.0   28.392030456879382
738.0   26.094277288226294
739.0   27.640745732884227
740.0   29.379116782650982
741.0   28.632445271805665
742.0   28.930406571144204
743.0   30.85803737672589
744.0   24.918210498475275
745.0   26.126710136298357
746.0   25.710915584985315
747.0   28.420964267018945
748.0   28.229756051795874
749.0   27.511512991133003
750.0   27.88594027683095
751.0   28.08195704942358
752.0   28.627352298541837
753.0   30.945250372609706
754.0   29.383567816400785
755.0   31.073047688550133
756.0   31.745177540840444
757.0   32.88734616928667
758.0   36.70453909352628
759.0   37.89817026315103
760.0   34.27533849780454
761.0   37.00155015782198
762.0   38.965086009041244
763.0   39.28342770394761
764.0   42.215613666744815
765.0   40.581725138430215
766.0   40.45874439407467
767.0   40.21635615718199
768.0   42.498185422913934
769.0   40.19580819325864
770.0   39.76533631457005
771.0   41.72900162049163
772.0   39.95351658231979
773.0   40.97189458662169
774.0   40.90707433490263
775.0   40.29358313788393
776.0   39.40173796398156
777.0   37.996578500272676
778.0   37.773284785360545
779.0   37.801314893522516
780.0   38.613612410358854
781.0   37.357263129396216
782.0   35.52636615643769
783.0   34.62041283436099
784.0   34.39561508384486
785.0   33.602241793235464
786.0   32.497596623150315
787.0   34.055292189271114
788.0   30.73127665914467
789.0   31.483536725251923
790.0   29.731580014046045
791.0   28.8706826622398
792.0   28.246821068249545
793.0   27.692614304125954
794.0   28.356379734982255
795.0   26.751034573434396
796.0   26.74960527165564
797.0   26.32037038419952
798.0   25.40861766376861
799.0   23.366173255986126
800.0   25.493552993540334
