500.0   56.302136570073685
501.0   57.53766524865537
502.0   54.84275904189357
503.0   55.182001795392125
504.0   51.993782724037885
505.0   51.31127705579871
506.0   50.433505112068275
507.0   46.24320308263532
508.0   47.76381007237683
509.0   42.143099677290195
510.0   41.48691883975053
511.0   43.687861317753914
512.0   44.494961011721955
513.0   39.78436777087086
514.0   36.72748190987326
515.0   38.05542319447946
516.0   35.78014927128294
517.0   39.67646352064446
518.0   38.164889325835986
519.0   36.74787926458234
520.0   34.7517735184006
521.0   38.02815004284355
522.0   37.58777532460405
523.0   36.64202586286447
524.0   35.90026360240097
525.0   37.332824309414974
526.0   36.170158314476225
527.0   40.59360610101251
528.0   40.080204254923814
529.0   40.13209604625109
530.0   44.70258354553846
531.0   45.25165808012312
532.0   43.245207330952724
533.0   45.57661267658534
534.0   47.1655352547011
535.0   50.11253243518533
536.0   51.23963878118917
537.0   51.5236191555332
538.0   52.27653462471312
539.0   52.77760005436693
540.0   52.30595008030053
541.0   49.84660997702696
542.0   52.12184025641207
543.0   51.17331607905729
544.0   51.63186366835512
545.0   49.72063823608224
546.0   46.80760716674243
547.0   45.3286569171114
548.0   42.74391369827657
549.0   43.64229514165814
550.0   42.7897944262576
551.0   41.888313740062046
552.0   40.469387538949235
553.0   36.46679656124448
554.0   36.449076755695785
555.0   34.46136907236729
556.0   36.7126707150187
557.0   34.669068274429975
558.0   33.77433611756709
559.0   33.811254939490965
560.0   33.11397803409341
561.0   31.57099663101127
562.0   30.667072529627973
563.0   30.4889834075434
564.0   33.68926876126736
565.0   31.13894905932125
566.0   34.10303871903457
567.0   31.57484558156949
568.0   31.34919826053732
569.0   34.31353527329591
570.0   34.694493584291195
571.0   34.237561797842034
572.0   35.74895948518079
573.0   35.38980251719323
574.0   35.8196969086253
575.0   36.58983781371691
576.0   38.65832602033146
577.0   41.05890404199661
578.0   39.74925636432758
579.0   40.549099477171865
580.0   41.88333960080399
581.0   41.825090791076576
582.0   43.19543800172116
583.0   44.83642748075559
584.0   43.90453026054311
585.0   43.928574802312596
586.0   44.51281959535007
587.0   44.4965703066656
588.0   46.01205379670171
589.0   44.797455772366675
590.0   46.56278555499165
591.0   46.429701109663796
592.0   42.79335950850785
593.0   47.0841682046686
594.0   43.76922360878652
595.0   41.795263067267825
596.0   41.195335622337495
597.0   38.25931780524772
598.0   38.48509928320374
599.0   37.50719426120634
600.0   37.038720506552636
601.0   37.938639543965024
602.0   34.636616593318735
603.0   34.27509919943867
604.0   32.568249785863685
605.0   34.218156439718655
606.0   33.95178144831365
607.0   31.685767548413793
608.0   33.75068401639257
609.0   32.15042422402803
610.0   34.47327662043486
611.0   31.04408227946206
612.0   33.020145133633605
613.0   31.906733176039438
614.0   28.665580057461966
615.0   30.984072707304534
616.0   31.85614102286391
617.0   32.07262138638802
618.0   31.597442383613327
619.0   31.364648434135603
620.0   32.34113797495243
621.0   33.50731475380738
622.0   31.14498820315211
623.0   32.7107051903013
624.0   35.72294816197487
625.0   32.64047168331919
626.0   35.56151028327514
627.0   36.786870745616284
628.0   37.637010283841306
629.0   36.44324367591085
630.0   40.81502677459241
631.0   40.13481934345853
632.0   40.11765968989181
633.0   43.19944116441732
634.0   39.89969759748951
635.0   41.85498178961285
636.0   45.601122523030796
637.0   43.259294739422245
638.0   42.94391794583814
639.0   44.00511644697755
640.0   45.16114128102501
641.0   44.683268667761865
642.0   44.488426077264535
643.0   46.11355617776667
644.0   44.079035830191515
645.0   42.8783404451315
646.0   44.284631992538294
647.0   43.5501064441321
648.0   43.3833846094264
649.0   41.184518505138385
650.0   42.67735961516064
651.0   41.789246183117484
652.0   40.107891886276235
653.0   39.675878133775626
654.0   39.84455492559033
655.0   37.95818509593761
656.0   38.28172459788095
657.0   38.113859112563546
658.0   35.89484467576551
659.0   37.94033665086829
660.0   37.832549313579364
661.0   37.555643768855134
662.0   36.16722559699892
663.0   36.87187642658651
664.0   35.975452096201025
665.0   38.134654710246
666.0   36.031983227849565
667.0   37.25708540028177
668.0   37.23858115056956
669.0   38.43557972417116
670.0   37.81662482514824
671.0   40.66074168824994
672.0   39.65669465447439
673.0   41.464231277434976
674.0   39.33147456379993
675.0   40.35973147603934
676.0   39.00549941824369
677.0   41.059391160747964
678.0   39.27828859877923
679.0   42.446670084128726
680.0   42.327826352206785
681.0   42.38267317174177
682.0   42.504152275941834
683.0   44.82804770970165
684.0   45.503767194704636
685.0   46.70280282887495
686.0   46.05979397017498
687.0   45.76838707159092
688.0   48.2946980253399
689.0   47.65490360628047
690.0   49.75542346033285
691.0   49.85590826505367
692.0   53.35079701655516
693.0   52.89832139734091
694.0   51.19712280491558
695.0   53.2799930763542
696.0   52.06490364438602
697.0   52.52627314659276
698.0   53.170922191295915
699.0   54.90430071662013
700.0   53.98782257509589
701.0   53.74704268877318
702.0   53.772945097767405
703.0   52.79619336619331
704.0   55.419166131115674
705.0   52.97659160679072
706.0   54.585723338608034
707.0   52.5526130327105
708.0   51.05066204926507
709.0   53.455887232164486
710.0   50.90192159450848
711.0   48.58891426224764
712.0   50.442472481728885
713.0   48.64716727893202
714.0   47.22170204744452
715.0   46.48237402264485
716.0   46.408948499569135
717.0   43.45570252702484
718.0   44.55947858386301
719.0   46.33039324117007
720.0   43.120120974515146
721.0   43.52229238606668
722.0   43.052573144064496
723.0   44.18310517546308
724.0   44.71513105749213
725.0   41.39973115739866
726.0   41.986856611829694
727.0   41.449387116409724
728.0   40.6161507202163
729.0   41.59427714215536
730.0   39.89344866517703
731.0   40.42175666470564
732.0   39.506804123407676
733.0   39.33939657648031
734.0   40.23721150790087
735.0   41.41824046036726
736.0   38.262249189825354
737.0   39.14398252183611
738.0   36.43749471542992
739.0   38.39195496012451
740.0   40.52025535764068
741.0   39.28937320898061
742.0   38.27508636401362
743.0   39.83926104863983
744.0   36.01896558712846
745.0   35.71777598621455
746.0   37.84758123711981
747.0   36.92492299947139
748.0   35.52058773313797
749.0   36.1885995677512
750.0   37.29324342421771
751.0   39.71745020838847
752.0   38.72664419100187
753.0   43.052583360722906
754.0   39.955053839072576
755.0   44.97127806415372
756.0   45.10910361831452
757.0   45.74408986017414
758.0   49.646793793414844
759.0   49.65063483065245
760.0   50.7164133645054
761.0   51.896335411608845
762.0   54.845774433888835
763.0   54.77615972177347
764.0   55.34417390303756
765.0   57.013805314527104
766.0   56.71649091840419
767.0   56.64475295984019
768.0   60.47212778741755
769.0   57.576427435698974
770.0   58.33737904779002
771.0   58.934795844792234
772.0   58.30247792896043
773.0   57.37905320431881
774.0   58.5390013693565
775.0   56.05931329212521
776.0   55.514127007448224
777.0   55.57601560936547
778.0   55.08892494978372
779.0   53.5980106152835
780.0   53.815367977461136
781.0   54.4641223256788
782.0   51.42167748240189
783.0   50.18167697354315
784.0   50.30993962359838
785.0   48.35431744187113
786.0   47.02592840503834
787.0   47.00415823162746
788.0   42.97974003294368
789.0   44.45351855744909
790.0   41.66569118016878
791.0   40.19844130949525
792.0   40.05272563621804
793.0   40.067924913471046
794.0   38.71808735095942
795.0   38.0652202062538
796.0   38.74352460993333
797.0   35.7031513586235
798.0   35.3396695235175
799.0   33.61813317048663
800.0   36.422275036453584
