500.0   63.90725082206711
501.0   66.65104784363885
502.0   62.03429111653273
503.0   62.0919477282975
504.0   60.957874521445206
505.0   59.219895734864565
506.0   57.814914215421055
507.0   54.56337976536514
508.0   53.89685124831371
509.0   50.165319438653626
510.0   49.68752666672131
511.0   47.735509017694454
512.0   49.21507679420594
513.0   45.09692864779703
514.0   43.06703479958
515.0   42.78311665566659
516.0   42.75952925399318
517.0   45.23132886283304
518.0   41.25642364899056
519.0   43.58190413169115
520.0   39.90092688097178
521.0   41.25580131254367
522.0   41.48679432790664
523.0   41.26992616146342
524.0   41.45210876076325
525.0   42.605360792492036
526.0   42.781757591232804
527.0   44.55080896127518
528.0   46.08185045108863
529.0   45.88937232756564
530.0   50.47253920377241
531.0   50.793449492555595
532.0   52.685232793073254
533.0   51.95346314849678
534.0   54.701110031731844
535.0   58.141727612182166
536.0   59.15598530330135
537.0   59.383500397480816
538.0   61.60254817723123
539.0   60.56488028095086
540.0   62.62840326293389
541.0   61.46782938705374
542.0   58.93221077363049
543.0   59.29099288738985
544.0   59.68699200395835
545.0   57.96617245889138
546.0   55.337216656628584
547.0   53.80909910141867
548.0   52.61208246771042
549.0   51.997840365756616
550.0   48.424589099391966
551.0   47.84096666230073
552.0   46.46537778527204
553.0   42.609105381200266
554.0   42.81967500571332
555.0   41.70056991787561
556.0   41.85689946271654
557.0   41.024146950529115
558.0   41.387902300866784
559.0   38.06775940896176
560.0   40.363001520751794
561.0   39.2982097116774
562.0   36.02751587912991
563.0   37.00808271563375
564.0   38.46732069903294
565.0   37.943262557217395
566.0   41.48913779175069
567.0   37.8761825393907
568.0   37.248911451409896
569.0   41.24958783153167
570.0   40.92375625170561
571.0   40.420881529501344
572.0   41.333015837857914
573.0   41.29990438131949
574.0   43.65461289744391
575.0   43.77221233363926
576.0   46.07574393535893
577.0   48.21161004262015
578.0   48.154102323556714
579.0   49.11842748540465
580.0   49.86439221947194
581.0   51.057418676559706
582.0   51.95995033489967
583.0   52.08817106560073
584.0   53.495189726289254
585.0   52.24659800243893
586.0   55.68339392812376
587.0   55.20816359207018
588.0   53.88376684135264
589.0   54.36824800580939
590.0   54.74672059252424
591.0   54.54307641258771
592.0   50.80299002188664
593.0   53.52247136753195
594.0   53.193805341404556
595.0   48.29869158346014
596.0   48.9919863491109
597.0   45.36832818283088
598.0   47.247890257200226
599.0   47.06783655439597
600.0   44.892217867389036
601.0   44.66226556038694
602.0   41.063508770776
603.0   43.55990641764009
604.0   39.29212017419263
605.0   38.97244005878156
606.0   41.37982371401654
607.0   41.21005142699539
608.0   40.92729855818649
609.0   38.34697766534731
610.0   39.73326625904522
611.0   38.37168355330883
612.0   39.28540007930803
613.0   38.54429976877975
614.0   35.60002188340437
615.0   35.46807698371725
616.0   37.306800374317675
617.0   38.76539653006418
618.0   37.61909608546654
619.0   36.28373586183588
620.0   37.55523774791888
621.0   39.94096804095483
622.0   37.82298233396568
623.0   38.92921954277671
624.0   41.467606758092046
625.0   41.75462035329949
626.0   43.729361802637555
627.0   43.79797027072624
628.0   44.45008011721717
629.0   44.98923866389859
630.0   48.84242457365369
631.0   47.912342918817586
632.0   49.42821534719016
633.0   49.64064547297977
634.0   50.04763353130005
635.0   51.65300593635561
636.0   53.51325450052909
637.0   52.03712400717325
638.0   52.45288781467582
639.0   53.5715528151357
640.0   55.58034950005529
641.0   54.79630009166516
642.0   53.96650324736322
643.0   55.593109926868436
644.0   54.146796972890485
645.0   53.29923049089666
646.0   53.27444210932816
647.0   53.44772591822954
648.0   52.70677963366097
649.0   51.13411522237678
650.0   51.5206164872703
651.0   50.7491824794285
652.0   49.95579075126321
653.0   48.474025160317495
654.0   48.1858373331425
655.0   46.723943110534464
656.0   47.66539652231512
657.0   45.630796914455544
658.0   44.512133607835835
659.0   45.84752254002231
660.0   48.45625076654272
661.0   46.82063597196702
662.0   45.16478498186933
663.0   46.79274390686015
664.0   43.3352081915111
665.0   46.662897412038575
666.0   45.38170242054588
667.0   46.46706543300658
668.0   44.80129789674061
669.0   46.77538859865399
670.0   47.653128427156105
671.0   48.63392101249676
672.0   48.271429700484845
673.0   48.7391673399552
674.0   47.908391693217396
675.0   49.152096164900826
676.0   48.065698035800466
677.0   50.19145729878659
678.0   50.3897005813175
679.0   53.734176550837276
680.0   54.410480060936806
681.0   54.22163276516713
682.0   53.7769187558531
683.0   56.74651908899824
684.0   57.549391389227765
685.0   57.738933140360245
686.0   57.20801045020727
687.0   58.44733675923018
688.0   59.50819032986985
689.0   60.72921720964479
690.0   61.25573521150642
691.0   62.53094095028055
692.0   65.81759326940784
693.0   64.96576699895618
694.0   64.82496220521654
695.0   67.0690567287958
696.0   64.53879093634063
697.0   65.866162934378
698.0   67.07953418052398
699.0   68.90931352654422
700.0   68.98993868545307
701.0   67.21485112142807
702.0   66.79061122659385
703.0   65.54558025723523
704.0   69.3657681914051
705.0   68.90722391590765
706.0   66.2877773564878
707.0   65.74379853923708
708.0   63.8608451720072
709.0   66.30273041173359
710.0   62.187589095818396
711.0   62.56035844462346
712.0   63.34049202860197
713.0   61.19337994513964
714.0   58.50472256622328
715.0   59.0043480110829
716.0   56.849729448356186
717.0   57.766804296362494
718.0   54.837942155420166
719.0   56.85096050737033
720.0   54.02024646074014
721.0   55.48277035585829
722.0   52.16532090577152
723.0   54.08712261789006
724.0   55.93590873944734
725.0   54.04425519231026
726.0   52.23183140802064
727.0   52.20015145241803
728.0   51.876525326819575
729.0   51.92552368838503
730.0   49.14439931593128
731.0   49.76481591241219
732.0   49.354170419866165
733.0   51.61902719519091
734.0   52.26072138943411
735.0   51.250443631616776
736.0   46.78630761392603
737.0   49.51420582361183
738.0   48.192527057091695
739.0   47.525198338363595
740.0   51.99891862512061
741.0   50.045543363159794
742.0   48.1871854642406
743.0   49.39954213680082
744.0   46.13436381761889
745.0   46.13346152830002
746.0   47.4166033666412
747.0   47.482622558065145
748.0   46.9806807827909
749.0   46.89234143807144
750.0   48.30789768899089
751.0   49.873057322763486
752.0   49.84512258114063
753.0   53.60784671740595
754.0   53.39740260725614
755.0   56.19412080271417
756.0   56.740705423512566
757.0   59.298387854979495
758.0   62.86080994381794
759.0   64.5000769963462
760.0   64.63829097373852
761.0   66.94960533281639
762.0   68.51666063582832
763.0   70.8740509869844
764.0   73.729763059503
765.0   73.45243236095325
766.0   74.34994205152105
767.0   73.4566873415369
768.0   78.07908515131436
769.0   73.82617855450016
770.0   76.54223996818382
771.0   76.40306220645738
772.0   75.45955820128657
773.0   73.23429342297058
774.0   75.99735090550712
775.0   73.68138522377947
776.0   74.16365829214291
777.0   73.71643677539225
778.0   71.04153968908346
779.0   70.87393327291409
780.0   70.96549594856569
781.0   69.2537642092604
782.0   65.1830189952264
783.0   65.52006460088083
784.0   63.82312194090639
785.0   62.37683958916014
786.0   61.730840698974475
787.0   61.83324956813411
788.0   57.02414229350194
789.0   57.880984245220105
790.0   55.03222070723635
791.0   53.69513303423798
792.0   52.99749505707311
793.0   53.389214351655085
794.0   52.267914609021176
795.0   50.16771111201862
796.0   49.147003721693096
797.0   48.02322007959805
798.0   46.38792700179431
799.0   44.065653632036486
800.0   44.993706892189834
