500.0   75.13392711830068
501.0   78.93794650759952
502.0   74.20331503785386
503.0   72.46601296066447
504.0   72.25407699437335
505.0   68.96302559952312
506.0   68.67279691441198
507.0   65.17036744974638
508.0   64.8107556714987
509.0   58.551586745337886
510.0   57.54927144829372
511.0   56.417135385374706
512.0   57.872276366422426
513.0   53.841150660775185
514.0   50.96677585635189
515.0   51.701502018860765
516.0   50.760560247445454
517.0   52.86242043592068
518.0   50.49993624972055
519.0   51.27605080972549
520.0   48.59615491999216
521.0   49.26365128059987
522.0   50.64365480442885
523.0   50.17446236902413
524.0   49.909723133123606
525.0   51.09728100661863
526.0   51.441554496782146
527.0   55.70467695749511
528.0   55.91019828903822
529.0   57.130439790769344
530.0   60.19583632311131
531.0   62.27489835381621
532.0   63.15021480098383
533.0   62.608207908819395
534.0   67.9204725481639
535.0   69.17164187382872
536.0   71.81733476128875
537.0   71.36921309114308
538.0   73.28025063484986
539.0   74.27029524107087
540.0   74.49810017659897
541.0   72.24789363778106
542.0   71.75667140912628
543.0   74.58499525197928
544.0   71.0625287118877
545.0   71.884344148993
546.0   67.68350454376343
547.0   67.05571157338301
548.0   62.96499566787497
549.0   60.27241222820595
550.0   59.52782346962823
551.0   58.71870463529035
552.0   55.89320717393437
553.0   53.06301172379858
554.0   53.76569793022355
555.0   51.42895988262259
556.0   51.55621693116828
557.0   49.10022902678614
558.0   49.074946661582345
559.0   45.775808754975316
560.0   48.37898231498079
561.0   48.07731989058121
562.0   44.4433762664824
563.0   44.42289153801465
564.0   45.31508019684239
565.0   46.204603818137485
566.0   48.538093311271325
567.0   48.253036010264395
568.0   46.95014301829292
569.0   48.777217683876245
570.0   49.38889391305409
571.0   49.555263500051694
572.0   50.5544677546321
573.0   50.76804842143824
574.0   51.8280432812893
575.0   53.38832552213924
576.0   57.087056846982506
577.0   56.83944643546755
578.0   58.293312235122414
579.0   60.1927179765903
580.0   62.64900064039051
581.0   62.086514576855734
582.0   64.88485478757937
583.0   64.46523911342916
584.0   65.10630137826155
585.0   65.50954472062097
586.0   65.87412511146007
587.0   66.45354638691887
588.0   66.95927060349024
589.0   68.77956447759365
590.0   67.26752035850029
591.0   67.13294411545118
592.0   63.3531894688534
593.0   66.65708467411608
594.0   62.68808593113607
595.0   61.14307438656019
596.0   59.39819906800838
597.0   57.1113044491116
598.0   57.03892916928319
599.0   55.922905513055554
600.0   55.952603703028814
601.0   53.84322803485509
602.0   49.61545976486386
603.0   50.64499691568608
604.0   50.37334945386306
605.0   50.06507694479092
606.0   50.83605750593628
607.0   49.63318823256037
608.0   49.95238037014062
609.0   47.66441065938173
610.0   47.53610913944928
611.0   45.59150320119653
612.0   49.73165420161516
613.0   47.79412777625774
614.0   44.85633391608232
615.0   44.036148464390266
616.0   46.51882883791387
617.0   48.0837151604625
618.0   45.96804374237317
619.0   45.152598647392125
620.0   46.233883904189014
621.0   49.59968840837763
622.0   47.39777025843455
623.0   49.27290768570836
624.0   51.414207844530154
625.0   52.10235810697665
626.0   52.05468035277974
627.0   56.04256887010885
628.0   56.59440367328466
629.0   57.75810256603373
630.0   59.03907907453342
631.0   61.18525018194089
632.0   62.44280031105751
633.0   63.48385444844669
634.0   62.10934655160358
635.0   64.7497824430612
636.0   68.6182508060549
637.0   67.57366350215216
638.0   66.75392078848003
639.0   66.93425441051872
640.0   68.67775883668978
641.0   69.80954908916885
642.0   67.73835173660157
643.0   69.47389701024878
644.0   68.13827499362569
645.0   66.56908414747224
646.0   68.1523194556845
647.0   67.40047394501522
648.0   64.73215998439696
649.0   64.50643339480371
650.0   65.28778702736713
651.0   64.79373661914414
652.0   62.447344630903274
653.0   61.69091210094311
654.0   59.63159882563923
655.0   58.70558897034152
656.0   59.707471118035926
657.0   59.3382435861098
658.0   57.42297518735262
659.0   59.214648170129095
660.0   59.33192410829275
661.0   57.86089265972137
662.0   58.22821814250477
663.0   57.43624126832938
664.0   57.5356196293385
665.0   60.18037778219798
666.0   57.762589641779044
667.0   58.68925718473315
668.0   58.24336805413151
669.0   60.21067463574997
670.0   59.03999119064821
671.0   62.36349316040588
672.0   61.478441266174656
673.0   61.622837628079424
674.0   60.962757806012235
675.0   62.00236031210355
676.0   62.26196330142585
677.0   64.37752595418814
678.0   62.8305214551811
679.0   66.82249445761803
680.0   68.63078684957668
681.0   68.97161441752874
682.0   70.15144936603866
683.0   69.15792024996574
684.0   70.40471305989556
685.0   73.5776789205085
686.0   73.33834488969643
687.0   74.04025907919626
688.0   76.35808062312609
689.0   79.38535027565285
690.0   79.8269285265635
691.0   81.03980878510495
692.0   86.18620063473773
693.0   83.77600501091601
694.0   83.40246377534629
695.0   85.20483280157222
696.0   83.64915157596502
697.0   84.81305414540691
698.0   87.11445845240519
699.0   86.72440405270527
700.0   87.59829366710323
701.0   86.1438815110576
702.0   86.59027881284868
703.0   85.49977290501735
704.0   87.63967150329557
705.0   86.9474312944132
706.0   85.99648826576652
707.0   86.06469978315405
708.0   83.0971538415067
709.0   85.70076406663273
710.0   82.42946322886834
711.0   80.98939667711551
712.0   79.6113936112659
713.0   79.26583774163896
714.0   76.59868063829259
715.0   74.94655098718229
716.0   74.04050032920992
717.0   75.94934547786536
718.0   72.56865457901787
719.0   74.58128693398783
720.0   70.4999166982794
721.0   71.12272073544023
722.0   69.87577710807187
723.0   70.95693862302477
724.0   70.8097192895558
725.0   67.9993171593475
726.0   68.48470275565145
727.0   67.04896396056833
728.0   67.35857227251546
729.0   65.08381655876073
730.0   64.4035433500371
731.0   64.9561727480584
732.0   64.34281089007186
733.0   65.29376963477114
734.0   66.53895577670173
735.0   65.70544477385258
736.0   62.03926655269649
737.0   62.969554880774695
738.0   62.62187074941775
739.0   62.401924368305544
740.0   65.7293781585966
741.0   62.86787222507158
742.0   63.327818231590214
743.0   65.15654508400206
744.0   58.67666467045615
745.0   58.9282456444696
746.0   61.17735882458487
747.0   60.7627830336551
748.0   59.73049716500202
749.0   61.69088270646836
750.0   61.57213033965897
751.0   65.81328350995625
752.0   65.13481656453763
753.0   68.16366010457494
754.0   68.75071086595239
755.0   72.52059569390809
756.0   75.81320246573512
757.0   76.8127515486861
758.0   83.95564742356342
759.0   84.35461315736791
760.0   85.50509971866677
761.0   89.92228435966021
762.0   92.33446381068052
763.0   91.94494230834692
764.0   98.1330597195473
765.0   95.1024800771574
766.0   99.02325099338867
767.0   97.81551945766398
768.0   102.49495777525107
769.0   100.68085131280318
770.0   101.28859167456312
771.0   102.35242727148358
772.0   100.07764802955577
773.0   97.98105246425294
774.0   100.80972494807963
775.0   97.21961751361928
776.0   96.51480548135149
777.0   97.72619175925678
778.0   93.78667085207994
779.0   93.111110613243
780.0   95.16989001628244
781.0   93.85407228091594
782.0   89.04737123174732
783.0   88.30790624748673
784.0   85.96685929692586
785.0   83.06118996280054
786.0   83.04423186245543
787.0   80.85848084454094
788.0   76.151192370725
789.0   79.45114656708276
790.0   74.7449234296976
791.0   72.35197233949214
792.0   71.12450396011843
793.0   70.08206611193808
794.0   69.16770226589071
795.0   65.98213967222546
796.0   66.62460174272599
797.0   63.72639105707526
798.0   61.845627258589985
799.0   58.70994813796128
800.0   59.385735260645674
