500.0   82.62779729296182
501.0   83.79641614546779
502.0   80.62107066527895
503.0   80.79626706075285
504.0   78.29451036853624
505.0   76.69884492730932
506.0   76.25933538079008
507.0   72.41026344900013
508.0   72.41389390325583
509.0   65.93206694089099
510.0   62.97915734684065
511.0   62.01014777217813
512.0   62.01529062377281
513.0   58.65108354325807
514.0   56.422013611708735
515.0   56.83203404417256
516.0   56.08278803163381
517.0   58.19160852803441
518.0   55.484538991793556
519.0   57.1884440146614
520.0   54.02325650244268
521.0   55.34072223258295
522.0   56.87560463578126
523.0   56.021465095899686
524.0   55.54230282758974
525.0   58.40189923600781
526.0   57.406662259431414
527.0   61.26823317717543
528.0   62.85341339334528
529.0   64.25493416343187
530.0   67.51198675457863
531.0   69.49267310952504
532.0   68.96735774854781
533.0   73.33690930105962
534.0   76.48370769645362
535.0   78.07386017061407
536.0   81.59969918707236
537.0   80.39737214893984
538.0   84.26554856381355
539.0   81.98350177071734
540.0   83.77095835514174
541.0   79.95887821691949
542.0   81.52387525937337
543.0   81.59766031261316
544.0   80.9826947144939
545.0   78.73579906318142
546.0   75.81942777409898
547.0   72.01432047252126
548.0   71.31733532365931
549.0   70.02103480346625
550.0   67.90882672622521
551.0   66.0770613656031
552.0   64.54358019367109
553.0   58.93137037453121
554.0   60.443935111373605
555.0   58.17040950996463
556.0   57.689208706548015
557.0   56.18560522470037
558.0   54.983287899710916
559.0   51.669666245705315
560.0   54.03363925500659
561.0   52.52828325956705
562.0   51.51805126298751
563.0   50.634740189690376
564.0   52.89698036714029
565.0   50.38414957674081
566.0   54.93487652745617
567.0   53.00880496990513
568.0   53.24811437335555
569.0   54.810737579039795
570.0   56.889818949347614
571.0   55.600927552196794
572.0   56.43015124457588
573.0   57.456882648929366
574.0   59.39798971772302
575.0   61.068841067132354
576.0   63.73670426499589
577.0   65.6137643141571
578.0   66.19442984936609
579.0   67.08636839388765
580.0   70.15276649204412
581.0   70.16889872522981
582.0   73.1548678788229
583.0   72.96407220998242
584.0   73.59476876515203
585.0   74.57514366089373
586.0   76.33082547845166
587.0   74.85489199230724
588.0   75.78823413663596
589.0   78.05725705193302
590.0   76.95967550057219
591.0   76.82583581454426
592.0   74.53827782277031
593.0   76.80326291909225
594.0   75.29887681851184
595.0   70.48886062546052
596.0   68.8414074908581
597.0   65.7132244648109
598.0   65.21282291759809
599.0   65.49651558377104
600.0   63.38440040378006
601.0   63.505003672855054
602.0   58.210535111775215
603.0   57.90833249402101
604.0   58.52111938221478
605.0   57.42482796118975
606.0   58.766940326538815
607.0   58.333151568551926
608.0   56.82256683628091
609.0   53.72448829383771
610.0   55.028763990906526
611.0   54.56178180145153
612.0   57.42332368997262
613.0   55.21445424744519
614.0   49.91119660038066
615.0   52.07779945956548
616.0   53.47833094566508
617.0   55.083750636231116
618.0   50.974568986935594
619.0   53.16151996807608
620.0   56.15138739445251
621.0   57.17453550990305
622.0   53.528338033224685
623.0   57.7074432338039
624.0   59.9077818670159
625.0   58.89105076398266
626.0   60.881891303008445
627.0   64.577694884516
628.0   64.52282177723549
629.0   66.22522040355742
630.0   70.29055331272033
631.0   68.43988465366249
632.0   71.11411821242908
633.0   73.7944616214659
634.0   72.64020029338462
635.0   75.07139227836811
636.0   77.93388569511615
637.0   77.84333334502998
638.0   78.66492477814168
639.0   79.68730779725232
640.0   80.45148626811695
641.0   80.313361077075
642.0   79.79080565781024
643.0   81.65499367595129
644.0   79.29055667921554
645.0   78.91962479088531
646.0   80.10759008676695
647.0   78.81451247249237
648.0   76.8173137086253
649.0   74.94671807684944
650.0   76.4514468795287
651.0   74.22255531376453
652.0   72.69126046094519
653.0   70.91169144019548
654.0   70.48050793155772
655.0   68.52435037351248
656.0   67.95798968383366
657.0   69.4424066475855
658.0   65.56333537957232
659.0   68.65327385356846
660.0   68.91993272193736
661.0   67.129794415106
662.0   68.57688512640698
663.0   67.40906380948678
664.0   67.18941636829209
665.0   70.7949064745618
666.0   68.12169552877972
667.0   67.85167039158424
668.0   66.16169293783202
669.0   69.35787014847926
670.0   70.2673473761422
671.0   71.33061710424116
672.0   71.54952061719194
673.0   72.34128244137457
674.0   72.21293464806607
675.0   75.18455363461746
676.0   74.87845408646808
677.0   75.61526414427215
678.0   75.28394483607343
679.0   78.5810141129925
680.0   79.99545827928011
681.0   79.34603114073323
682.0   80.57798586676392
683.0   84.43060767187484
684.0   84.35562012155569
685.0   88.46683568484872
686.0   87.47867282699872
687.0   87.82407890984868
688.0   90.15528455406914
689.0   92.76033977500259
690.0   94.05747044428063
691.0   94.54850995000848
692.0   99.5665400214967
693.0   100.15379063510781
694.0   98.14175040123973
695.0   101.31689037526994
696.0   101.27005624473938
697.0   98.38232426671988
698.0   100.20483590261955
699.0   104.41823290359105
700.0   103.4195954812281
701.0   102.01192516262051
702.0   104.20980816930364
703.0   100.19623857427607
704.0   107.32549046796674
705.0   104.18284005903507
706.0   102.12463764821149
707.0   102.06098213065937
708.0   98.43215134152061
709.0   101.56525141661089
710.0   98.65864432415177
711.0   94.28163855543283
712.0   96.24872801482047
713.0   93.60502700263828
714.0   91.15293476379333
715.0   90.78036115475217
716.0   87.64708433154385
717.0   88.06566918441885
718.0   86.2321620418854
719.0   87.527390121807
720.0   84.36640423433275
721.0   84.72438586620638
722.0   83.75513966216414
723.0   84.23821297421887
724.0   84.67193447184928
725.0   79.65182965161429
726.0   79.84406679827472
727.0   80.54925666718387
728.0   79.92119141888816
729.0   80.67428988684932
730.0   76.22229918282332
731.0   77.5781053253026
732.0   78.24093342080585
733.0   78.80209668168135
734.0   79.37906664895254
735.0   78.41826105595746
736.0   74.18049412482623
737.0   76.06533754505986
738.0   73.56181167029533
739.0   73.89582673488582
740.0   78.24148964675925
741.0   74.26376152415085
742.0   76.71729736451462
743.0   75.77604300241597
744.0   73.4458723148332
745.0   72.14447661916898
746.0   72.05858316582021
747.0   72.48249274091597
748.0   72.47426796494545
749.0   73.78980884033624
750.0   73.81561390574333
751.0   76.65749643155453
752.0   77.7134739029641
753.0   81.29147084089192
754.0   82.97048024246078
755.0   87.9587296276232
756.0   89.24469209286207
757.0   91.93753417768283
758.0   99.72088544435897
759.0   101.48519710823666
760.0   100.67176409245485
761.0   107.3929643894572
762.0   109.16994713314267
763.0   111.58168885943672
764.0   115.64242263094133
765.0   117.62064062874833
766.0   119.58989030584792
767.0   118.43681645611923
768.0   123.93757382436587
769.0   120.4579392680129
770.0   125.12324406708666
771.0   124.13268837588413
772.0   122.30271501454732
773.0   119.3137113936339
774.0   121.8177552928218
775.0   118.38139589341196
776.0   117.81113196127373
777.0   117.51388784712276
778.0   117.41120905610578
779.0   114.1200212496368
780.0   113.80416619054208
781.0   112.38229602472899
782.0   107.09826285985122
783.0   106.15541376442198
784.0   105.09830907433758
785.0   101.59381022623154
786.0   97.17827963253279
787.0   99.15929135012723
788.0   93.27216292283791
789.0   94.11107314952963
790.0   90.77279672389395
791.0   88.39234619663404
792.0   87.12107346982572
793.0   83.72406320598023
794.0   82.08520011526778
795.0   79.47265985110357
796.0   80.42654968840964
797.0   78.23532884711997
798.0   76.04886458386204
799.0   70.49839954419562
800.0   71.81642989000795
