500.0   95.19507958200757
501.0   96.90333625765896
502.0   90.70840316998712
503.0   89.90592600963939
504.0   90.65569533526752
505.0   87.45769658072595
506.0   84.86987504787251
507.0   81.61251788912364
508.0   80.86334870993704
509.0   75.07373966908108
510.0   73.18693402904697
511.0   72.54777430874702
512.0   71.57847337105326
513.0   67.4414431892711
514.0   65.81839926709935
515.0   65.04016162196768
516.0   64.44823875099559
517.0   66.64829999478852
518.0   64.43061472441579
519.0   64.57045618827752
520.0   60.76854539032206
521.0   63.41679157082467
522.0   64.59319004968529
523.0   63.61669799479748
524.0   62.79487542875151
525.0   66.19626802056138
526.0   65.07533468703804
527.0   71.55746694100029
528.0   71.42575612645021
529.0   72.31440727038483
530.0   76.13462933367629
531.0   81.35996914231814
532.0   80.92880915978341
533.0   83.59045496489506
534.0   84.83923135417933
535.0   87.65535758108774
536.0   91.98580914395029
537.0   92.36905810727626
538.0   96.367603327875
539.0   96.69581509897858
540.0   97.2293572562078
541.0   94.67881180093505
542.0   96.06855232216208
543.0   93.68741383065512
544.0   93.57824274659345
545.0   92.09679959531113
546.0   87.05488566597018
547.0   85.2172685014774
548.0   82.49436359324469
549.0   81.57621317503623
550.0   77.68543455360881
551.0   76.08682402190641
552.0   75.88516339850523
553.0   69.08109245014515
554.0   71.63468189700382
555.0   66.39103757764892
556.0   65.90510333291931
557.0   63.50046706611536
558.0   65.050787169357
559.0   60.761562943989276
560.0   61.765906771056876
561.0   60.29310364326773
562.0   59.2227765607027
563.0   59.48620149189941
564.0   61.01541280355639
565.0   61.90830812962531
566.0   62.666245072362926
567.0   63.977421474392855
568.0   61.749421035892055
569.0   65.37326727619055
570.0   65.88265230730218
571.0   65.87580048345222
572.0   66.24281475937104
573.0   68.67609947954759
574.0   69.4283935624706
575.0   70.58096785444351
576.0   74.17626920377879
577.0   77.83225873771636
578.0   77.58804679288491
579.0   77.75506134097242
580.0   81.04202801977834
581.0   82.16230762392476
582.0   84.43259274829725
583.0   87.29571048597296
584.0   84.94443501454856
585.0   88.99444075730031
586.0   90.59877271695242
587.0   87.27811998653013
588.0   89.41277763640088
589.0   92.02775166189193
590.0   90.07720544624482
591.0   90.89743867132361
592.0   85.86383996205663
593.0   89.62729488394407
594.0   86.66324685523657
595.0   82.0199042968008
596.0   81.46697489956756
597.0   78.3661781625743
598.0   77.97915779469002
599.0   76.25801295958621
600.0   72.7447240518334
601.0   74.58442415228618
602.0   69.46898095111143
603.0   69.13596564778999
604.0   68.89939419613916
605.0   66.41426657921403
606.0   68.53574286685077
607.0   67.29112967593193
608.0   67.62874496072948
609.0   63.62563182399052
610.0   64.40009139128284
611.0   62.995319352244366
612.0   65.07343219460557
613.0   63.9652308257005
614.0   59.7794624117561
615.0   60.89169616144446
616.0   62.81880481009193
617.0   64.48707234182439
618.0   61.22933670912889
619.0   61.59817943691533
620.0   64.06510744811376
621.0   67.50504619338676
622.0   65.42580439350851
623.0   67.58817227244444
624.0   68.66348356729014
625.0   70.5922197957691
626.0   74.00643579703544
627.0   76.10706855502838
628.0   79.53330651939228
629.0   79.62144932069307
630.0   82.61916829284283
631.0   82.40089268295588
632.0   86.58955174921917
633.0   87.28451630848983
634.0   88.88531663859459
635.0   89.91334095167585
636.0   94.13633681817225
637.0   92.61162287958558
638.0   93.89711633211724
639.0   94.04959453853101
640.0   96.05709880045086
641.0   94.99821712517434
642.0   94.77382977427939
643.0   96.00122071398715
644.0   94.24073114318324
645.0   93.43385953745755
646.0   96.15837155546137
647.0   95.44151989831124
648.0   90.94003806051086
649.0   89.24993361747687
650.0   91.4266474665024
651.0   88.40294334869361
652.0   85.68571439908837
653.0   84.81620660874947
654.0   84.02644984383613
655.0   82.72658334420802
656.0   82.64235415833633
657.0   82.79678642998724
658.0   80.90052466114435
659.0   81.32425163516348
660.0   81.80433105096984
661.0   81.31347875443095
662.0   80.0953244748984
663.0   80.22766491540716
664.0   81.8790859697624
665.0   84.26100657287913
666.0   82.11182794039811
667.0   83.16569140063868
668.0   80.89909073116036
669.0   83.3625042727275
670.0   84.98910981353066
671.0   87.21264269330013
672.0   87.02580805594687
673.0   86.82110750290843
674.0   86.64320123551218
675.0   88.92131908355319
676.0   87.80621714607292
677.0   90.08764742984346
678.0   90.09384080441095
679.0   93.14539750523826
680.0   96.16956609005604
681.0   98.00823390678974
682.0   98.01534539228743
683.0   100.40130909845476
684.0   102.15335821122702
685.0   107.35385768680862
686.0   107.41997622333236
687.0   106.18102296262131
688.0   110.85696246397177
689.0   112.47457074089459
690.0   114.15874688204048
691.0   116.1414526011396
692.0   118.10498123390343
693.0   120.31033806153155
694.0   119.11944321533537
695.0   121.87526961431175
696.0   121.66064330076031
697.0   121.60376391261053
698.0   124.9778252570992
699.0   124.78077559364806
700.0   126.00912219450004
701.0   124.65465875171742
702.0   125.86363165801492
703.0   122.64926799684153
704.0   125.61510036067688
705.0   125.31634238026288
706.0   123.28927656764569
707.0   122.45803669162578
708.0   118.15319307992243
709.0   121.62436263629431
710.0   117.2875274901966
711.0   113.72229729992125
712.0   115.95145666098523
713.0   113.1454115678531
714.0   111.12771767801848
715.0   110.90801722571379
716.0   108.09303264697525
717.0   109.85724090542053
718.0   104.41879613631116
719.0   107.7987063796948
720.0   101.54190573953267
721.0   103.3953121761815
722.0   102.08053166852847
723.0   102.1023841965008
724.0   103.14431932354165
725.0   101.13087572055431
726.0   98.98786076818433
727.0   98.55243428117817
728.0   94.82964759589174
729.0   97.7230403759527
730.0   92.26614817183511
731.0   95.25386193927108
732.0   93.00306677565857
733.0   96.1836820458937
734.0   96.74544530271524
735.0   95.6218344109495
736.0   90.89677845320722
737.0   92.71327096720981
738.0   90.84792708098857
739.0   91.04938554203909
740.0   96.04044920725124
741.0   92.5112709917199
742.0   93.47232469227512
743.0   92.09585449603583
744.0   88.84322265246772
745.0   88.18442187193227
746.0   89.37896374568192
747.0   89.38473124496988
748.0   88.46033559150635
749.0   89.2434484455139
750.0   90.3055662623735
751.0   93.50935203781017
752.0   97.06039741137499
753.0   99.06545480942697
754.0   101.49567525916655
755.0   108.27225480524743
756.0   111.47463158827543
757.0   113.85939012511375
758.0   121.26699576267308
759.0   123.65465491375602
760.0   125.56196390772385
761.0   132.3626305923967
762.0   134.2983936908251
763.0   138.0175535273591
764.0   139.31357228184498
765.0   145.41238889355805
766.0   146.37363672137076
767.0   147.25979997080606
768.0   152.92604477802666
769.0   150.12166008811644
770.0   153.15491398084345
771.0   153.0846997835922
772.0   153.94365569210518
773.0   147.98734184887653
774.0   149.7999372578915
775.0   148.7294290337763
776.0   143.33911622451572
777.0   146.97004005503254
778.0   144.76316539471648
779.0   140.09537678316514
780.0   139.84205608634878
781.0   137.74870371292292
782.0   135.41456685975953
783.0   129.99659786440694
784.0   127.83490413532314
785.0   126.14149978001535
786.0   122.30133983185857
787.0   122.13856778331902
788.0   114.73573461685035
789.0   117.13688124333888
790.0   112.93660094743333
791.0   108.35954704267476
792.0   108.93381192936539
793.0   105.48957543517119
794.0   103.44384575663602
795.0   99.42460585964972
796.0   98.11694398810204
797.0   98.29731465074312
798.0   94.02351385420855
799.0   88.31733990455078
800.0   90.6228821210878
