500.0   105.1234699456623
501.0   108.91506018209122
502.0   103.78035857073516
503.0   100.88968812752776
504.0   100.88817816356823
505.0   97.66871410329634
506.0   96.00624986938445
507.0   92.1135215857629
508.0   89.33408702977493
509.0   83.5161158121191
510.0   82.16950064914951
511.0   80.87418005059806
512.0   81.51489309612984
513.0   77.8001413456943
514.0   73.14151143632975
515.0   73.34261710660684
516.0   73.29420682605229
517.0   76.36611640166066
518.0   72.44864679912035
519.0   72.83464488793743
520.0   68.50352430164651
521.0   70.66652538170717
522.0   73.515453791276
523.0   72.6445860234318
524.0   71.64308552728752
525.0   75.22161420334089
526.0   74.17490004064285
527.0   78.89522448398517
528.0   79.81642404826277
529.0   82.74256272346344
530.0   86.42384512627183
531.0   90.35839754814961
532.0   91.0803103879463
533.0   93.2718961904672
534.0   97.22789914193305
535.0   100.59779989512657
536.0   102.68603559667764
537.0   104.62422366842344
538.0   108.8849375638562
539.0   108.8376043733287
540.0   108.74681339877921
541.0   106.99017472434937
542.0   107.65224128467167
543.0   108.29623300580099
544.0   107.30282803220518
545.0   103.74067879565186
546.0   100.20211164683161
547.0   96.35669258951663
548.0   91.70775590196703
549.0   90.2864909525498
550.0   87.23016734888424
551.0   86.42917895254044
552.0   85.34566194484265
553.0   79.78199056283387
554.0   78.1824120058601
555.0   75.31044364853958
556.0   75.81213992578816
557.0   71.71764757594349
558.0   73.04970848351846
559.0   68.87720860299277
560.0   71.43334311818538
561.0   70.42061439703829
562.0   66.84079856584435
563.0   68.75980112718776
564.0   70.67022784427795
565.0   68.23356747025292
566.0   72.25698619316242
567.0   70.98378364889493
568.0   71.64828840212056
569.0   73.74622728861303
570.0   76.85934118448631
571.0   74.87311029481259
572.0   73.4358283402598
573.0   76.53244756559604
574.0   78.08613226898689
575.0   81.28192395385216
576.0   84.9523878166722
577.0   87.49771387867582
578.0   86.79051941772414
579.0   90.47041862976192
580.0   93.55640481820666
581.0   94.29596937076221
582.0   93.84991005346231
583.0   99.07508517459769
584.0   99.8883332733177
585.0   101.39830108388549
586.0   103.10824225183572
587.0   101.7454416723676
588.0   101.97652206189363
589.0   103.95476501319084
590.0   105.8548634071945
591.0   102.71969699615542
592.0   98.77077275704383
593.0   100.05684542802524
594.0   99.06607828670471
595.0   94.90034227694309
596.0   94.32716985159556
597.0   88.36750455672095
598.0   88.05755238555656
599.0   86.8542685529593
600.0   84.25508148754497
601.0   84.0100693178654
602.0   78.40118236343571
603.0   81.68513361601464
604.0   79.03636574653979
605.0   78.67751319223089
606.0   79.19299904903855
607.0   78.84294189598421
608.0   79.16310931592994
609.0   71.34911606155643
610.0   74.8637519887221
611.0   74.05111340662438
612.0   77.23938011277784
613.0   73.7011066446479
614.0   67.37062672943435
615.0   69.81784884581367
616.0   70.30924068451307
617.0   73.35896014943924
618.0   70.4663176642612
619.0   72.63552790207788
620.0   73.46384833405384
621.0   75.71458708183127
622.0   73.71190825230357
623.0   78.43089272439707
624.0   80.15533366243449
625.0   79.65330188877135
626.0   84.65624444382414
627.0   88.00105447235768
628.0   89.00424771719548
629.0   92.69788468132097
630.0   94.30729349319282
631.0   95.11062672764513
632.0   99.49113512356351
633.0   101.51793189758351
634.0   101.01476254346454
635.0   104.2712901319247
636.0   108.23403672230307
637.0   106.96298803776119
638.0   107.71196064133792
639.0   108.41104921092082
640.0   109.51316028561249
641.0   111.06059107844305
642.0   109.10353144351117
643.0   111.6698281192829
644.0   108.26485452041541
645.0   107.17319510023461
646.0   108.83966959131214
647.0   107.8540349267791
648.0   104.77027421073063
649.0   103.05132260843544
650.0   102.53053963964356
651.0   102.3366396178186
652.0   102.88404589164091
653.0   99.09087322119163
654.0   97.51498294563845
655.0   96.81483449386153
656.0   97.93961189512726
657.0   96.9564338565423
658.0   91.83810660275265
659.0   95.70033986848631
660.0   94.88577656134174
661.0   94.3896875272419
662.0   92.78626669022589
663.0   92.23652318152944
664.0   92.91192962710369
665.0   98.20426145094063
666.0   94.72051225068364
667.0   95.06184459795415
668.0   94.38573945331035
669.0   97.10446197703175
670.0   98.71964375191556
671.0   100.71024503589084
672.0   101.6930993983629
673.0   100.85498065963611
674.0   100.37878987352533
675.0   104.33625382242198
676.0   104.15290994225046
677.0   106.49552061150246
678.0   106.71445944166834
679.0   111.13976351132473
680.0   111.35548144875628
681.0   114.33778459486095
682.0   115.26897146294436
683.0   118.41306586414714
684.0   119.00457329270458
685.0   123.9888968668908
686.0   125.29122769257606
687.0   125.2360295987057
688.0   128.15943434131063
689.0   130.8269175385803
690.0   133.61566142981377
691.0   136.39427983380463
692.0   140.75570301683175
693.0   141.95486269061453
694.0   142.27735740674507
695.0   144.6957076133124
696.0   142.013880544788
697.0   143.8236499108162
698.0   146.63944169742848
699.0   147.48864210965723
700.0   147.58803797407495
701.0   144.15259726098003
702.0   148.15569437966855
703.0   143.59553255290754
704.0   148.41944561631175
705.0   145.16466071314488
706.0   145.29576043689792
707.0   142.18979392428847
708.0   139.40743988978173
709.0   141.37437647231562
710.0   137.2728027851725
711.0   135.84568367788717
712.0   135.2880449522496
713.0   133.9943892484768
714.0   130.92420568109986
715.0   129.51899271872574
716.0   126.32246054774339
717.0   130.81634893488874
718.0   122.216403679877
719.0   125.03438798085074
720.0   121.31522745053016
721.0   120.73819770954361
722.0   120.10944786194773
723.0   119.16270055666223
724.0   120.94928813618787
725.0   115.5618779327659
726.0   114.85091441105939
727.0   116.05058524461182
728.0   115.21703565894177
729.0   114.59740327411876
730.0   108.80026705847715
731.0   111.48419454033063
732.0   111.52035777585274
733.0   113.69404657444505
734.0   114.59359049208152
735.0   110.61507885061386
736.0   105.93894915752384
737.0   108.8710543709897
738.0   107.24557994752936
739.0   105.86800778897509
740.0   111.14898250535907
741.0   108.06448313693963
742.0   109.82393376546841
743.0   108.48570954416209
744.0   104.61717607038656
745.0   100.5944017537546
746.0   102.58223553859995
747.0   104.15693606302113
748.0   102.54970587875584
749.0   104.54787735705932
750.0   108.5217961202446
751.0   109.84658197335295
752.0   113.1673586883872
753.0   117.51689165178959
754.0   121.22200997390831
755.0   127.60507988676738
756.0   128.579717155031
757.0   133.88692518453684
758.0   144.07943608678997
759.0   147.06331680708308
760.0   148.53895700008883
761.0   155.9234389625585
762.0   161.94179085068936
763.0   163.82083518971592
764.0   166.7665505251287
765.0   171.30731294487424
766.0   174.4113283792642
767.0   173.1476942558392
768.0   180.65026850322283
769.0   179.3796428987567
770.0   180.90521684501317
771.0   180.38465513420653
772.0   182.14040566468898
773.0   174.00377837800661
774.0   178.59760467447052
775.0   174.3270176586801
776.0   172.39554936584884
777.0   173.75710311377804
778.0   172.81165057146652
779.0   168.03572016761797
780.0   166.90977852551978
781.0   166.03996971414063
782.0   161.04591527723483
783.0   156.92033473997154
784.0   154.30602323488574
785.0   150.13246334125216
786.0   147.46364415400177
787.0   143.05563601130305
788.0   140.0219286069271
789.0   138.36177956674456
790.0   135.31278045587217
791.0   130.01727667631366
792.0   129.14023235452436
793.0   126.45111353606862
794.0   121.56654531788789
795.0   119.7370870774161
796.0   115.66576753018722
797.0   117.35072052627399
798.0   110.09676754069648
799.0   107.00295530323754
800.0   106.54911964064917
