500.0   120.59262073700194
501.0   123.25058916470749
502.0   118.99547210721042
503.0   116.94771000256114
504.0   114.54122641099252
505.0   112.18220467823386
506.0   111.07804695204746
507.0   105.90043227750789
508.0   101.12771178970058
509.0   96.23576385926805
510.0   94.8279968905517
511.0   94.16670339038336
512.0   92.44083670849577
513.0   87.32367529836276
514.0   83.69102759793415
515.0   82.68646350681365
516.0   84.51225358046042
517.0   85.97278092158231
518.0   81.15591458513063
519.0   87.57963806719079
520.0   80.09235671433356
521.0   82.29389306279347
522.0   84.95669965089422
523.0   83.37746091073504
524.0   82.92471006716019
525.0   85.63400491839639
526.0   87.17751840280039
527.0   92.09515946372434
528.0   94.47358266178105
529.0   94.7433233690196
530.0   101.10957086400987
531.0   104.11862684335316
532.0   105.54396655572705
533.0   107.22548597186375
534.0   111.20764996207748
535.0   114.63529065471397
536.0   121.61920267878969
537.0   122.93919180710196
538.0   125.27341698871808
539.0   127.04183269050282
540.0   127.51639374245033
541.0   124.92972678980547
542.0   125.43669089491334
543.0   123.85509565266509
544.0   122.2240535510972
545.0   121.38819382264657
546.0   114.72952299444256
547.0   111.88513987530206
548.0   107.85202770057518
549.0   107.30902941834859
550.0   102.84771414072051
551.0   99.07910395749064
552.0   99.09245018701958
553.0   90.85441328365931
554.0   91.25212762019913
555.0   89.58732630713794
556.0   87.32400149425635
557.0   83.6175598377227
558.0   84.70758938776086
559.0   81.3567298257006
560.0   83.39256283198327
561.0   82.96017497457487
562.0   77.70501911501054
563.0   78.33257243502749
564.0   81.8863243257284
565.0   78.9297246601721
566.0   84.31076036356697
567.0   82.82930778296907
568.0   82.24831664397601
569.0   87.47576500096838
570.0   87.81289795390325
571.0   89.33483197686525
572.0   90.29806878720964
573.0   90.22664688153571
574.0   92.1327835481303
575.0   94.97831312785527
576.0   99.17457087291243
577.0   100.28107068086462
578.0   102.06100240730896
579.0   105.17236136332036
580.0   108.94570266043974
581.0   111.47497124837716
582.0   111.39845195022829
583.0   117.39088515681232
584.0   115.80676059060625
585.0   116.98204376477355
586.0   122.41180975112891
587.0   118.89572457437865
588.0   119.24857438431653
589.0   122.19519408242198
590.0   120.00618866918205
591.0   121.05527659168948
592.0   115.67409741187865
593.0   119.1790805123039
594.0   116.77378109690696
595.0   109.61840893443372
596.0   109.08012829895989
597.0   104.5864533512482
598.0   103.68627671940044
599.0   101.0999618134278
600.0   97.71788495693781
601.0   99.18750748301599
602.0   92.40745986668921
603.0   96.90004101545475
604.0   91.98820664788815
605.0   91.22065706226789
606.0   93.03608609181148
607.0   90.24702190033003
608.0   89.79069790518611
609.0   87.71033746135166
610.0   87.63757289532677
611.0   85.33108543686865
612.0   88.87017650858184
613.0   84.95381147777636
614.0   81.6120950639872
615.0   81.08043272112332
616.0   84.634462110731
617.0   87.86052482343555
618.0   82.30726864499977
619.0   83.4873878440703
620.0   86.21448939575473
621.0   90.57708813304362
622.0   87.67066620817624
623.0   92.5317656386101
624.0   96.41008638920658
625.0   93.76962561834239
626.0   99.54447307706991
627.0   102.64005378837948
628.0   104.63520992023678
629.0   106.269726519334
630.0   112.75996770646643
631.0   111.99257576233367
632.0   116.74507048424104
633.0   119.33291595273167
634.0   120.0692292493955
635.0   122.35388603623946
636.0   126.27341619899772
637.0   126.00615840909126
638.0   128.98680419804876
639.0   129.89024568404355
640.0   131.89612434101028
641.0   129.41776531349058
642.0   131.07394836058543
643.0   130.9891030120054
644.0   130.23245348226786
645.0   127.68475196966054
646.0   129.37236438669623
647.0   128.39103476194015
648.0   124.17492092610149
649.0   124.4331265264849
650.0   123.82369120618
651.0   120.71688051194894
652.0   120.15537765535319
653.0   117.22320322529882
654.0   115.88361223516728
655.0   115.24810957788739
656.0   116.06043020241918
657.0   113.76482625232703
658.0   111.55927553328928
659.0   114.17911739568808
660.0   113.33716978266318
661.0   111.78837644860022
662.0   110.82727301764834
663.0   111.22926987310109
664.0   112.69032436720062
665.0   118.78017568733662
666.0   113.7601499503347
667.0   111.49411539921496
668.0   110.441783009088
669.0   114.90506539699311
670.0   118.27697807630426
671.0   119.37582061785324
672.0   122.29113979025817
673.0   120.3541246666561
674.0   120.42753303381497
675.0   123.92647337570563
676.0   123.35513678231257
677.0   127.83941645088413
678.0   127.68877647765356
679.0   130.63034297725002
680.0   136.8741563300365
681.0   135.69393578355366
682.0   137.3851452501401
683.0   142.27620779741562
684.0   144.15255081012592
685.0   147.9268384790971
686.0   148.35247027194288
687.0   151.47539884794557
688.0   154.41773508080237
689.0   159.34401125540234
690.0   159.47519417495658
691.0   163.1911926236224
692.0   167.87396578850544
693.0   169.05069397945132
694.0   168.69145563765113
695.0   172.17567448734198
696.0   172.2829925089898
697.0   168.21115834176862
698.0   176.87429005892267
699.0   178.9488337002103
700.0   176.26359372062694
701.0   173.12085355025016
702.0   174.6927128966504
703.0   173.50679584071386
704.0   175.7853027715484
705.0   175.426868216198
706.0   176.36875098625995
707.0   174.0110388119464
708.0   168.30274358423216
709.0   171.40394526663167
710.0   168.36016939949863
711.0   164.27449837592468
712.0   162.41601071970405
713.0   161.95278494915607
714.0   158.42528329669238
715.0   156.57914840926972
716.0   154.2653732229051
717.0   154.34842602550557
718.0   148.12173002920915
719.0   153.00129057676116
720.0   146.28928039534023
721.0   146.4668968243434
722.0   145.13562142533368
723.0   144.88598691109894
724.0   145.65090792547556
725.0   141.33391029493802
726.0   138.39617722780358
727.0   139.7956667526059
728.0   137.93817632554845
729.0   138.66061261927157
730.0   131.58672742853983
731.0   132.92394643423597
732.0   136.53084165024904
733.0   136.8187655267414
734.0   137.6797587360983
735.0   135.8489437500539
736.0   129.27167149722703
737.0   130.1974659587361
738.0   130.12872344000297
739.0   128.31191456815725
740.0   135.71715902069684
741.0   131.89636061721748
742.0   132.64564891913201
743.0   131.6217924366631
744.0   124.31255388538835
745.0   123.50895407502315
746.0   123.84187461758188
747.0   126.3689827004153
748.0   125.087405047993
749.0   127.07671243315437
750.0   129.7979146080772
751.0   133.70161443247702
752.0   137.856481212382
753.0   142.81613303210196
754.0   145.56033374921537
755.0   153.40665180298078
756.0   158.61574282570888
757.0   163.30117586051676
758.0   174.31278904945404
759.0   177.48363817082515
760.0   181.6491383367872
761.0   188.89379452565097
762.0   193.5642526443587
763.0   199.9283391331394
764.0   205.01236157315867
765.0   207.3816605164327
766.0   210.39794861004157
767.0   209.708675504236
768.0   220.33681937230284
769.0   216.46908753574982
770.0   220.39433091552348
771.0   220.7360998096213
772.0   221.90255194897347
773.0   212.4885764582909
774.0   216.5191819998202
775.0   214.83750742938824
776.0   209.6489447386401
777.0   213.1342424435482
778.0   208.76475617884094
779.0   204.00831496990128
780.0   204.05078324455926
781.0   199.81683641338412
782.0   195.01674009732074
783.0   190.31338304079773
784.0   187.6837677282822
785.0   181.113907664007
786.0   179.02440783054357
787.0   175.9808316541897
788.0   169.4307586580845
789.0   167.9418201764869
790.0   164.78157760832866
791.0   158.42218779859513
792.0   156.60802670576362
793.0   151.10769237675285
794.0   148.07676906358054
795.0   143.03818097385954
796.0   142.29590575219487
797.0   142.60422544374555
798.0   135.5811718051624
799.0   128.07100971152246
800.0   128.43197196741454
