500.0   126.31476241329239
501.0   129.04104497687507
502.0   125.90705623921437
503.0   121.91343820368624
504.0   119.32378262534098
505.0   115.49789423959965
506.0   115.73020821331036
507.0   110.84235068067602
508.0   106.11713899231285
509.0   102.59215905768679
510.0   97.99411000579309
511.0   96.98363818879187
512.0   97.00876727071724
513.0   94.17703380176496
514.0   86.31697910261622
515.0   86.60573831968037
516.0   87.43505808822306
517.0   91.9313221020594
518.0   86.87367134424403
519.0   88.65223548881545
520.0   83.74619839861668
521.0   86.52333555102433
522.0   88.48433421529052
523.0   86.64308611052664
524.0   84.91064436782679
525.0   90.3551687398425
526.0   91.32032935298395
527.0   97.70197562244132
528.0   98.05188908218162
529.0   99.1652246470178
530.0   106.30791422569615
531.0   109.62146209743625
532.0   109.99522602930497
533.0   112.11855336192332
534.0   116.05376145127235
535.0   123.2615667841946
536.0   126.13997298041681
537.0   126.63415377779387
538.0   131.6929203976279
539.0   133.39479084398954
540.0   133.34097037298622
541.0   131.85763208566183
542.0   130.85146031644535
543.0   131.82856001395558
544.0   131.24305013263347
545.0   127.01351415852085
546.0   121.07887072415377
547.0   118.09099839800405
548.0   113.87575189086326
549.0   110.19992906968844
550.0   107.14201669137586
551.0   103.68403905894246
552.0   104.75889837861317
553.0   98.74968137497098
554.0   98.49729713002341
555.0   93.7575567666166
556.0   92.31953574323765
557.0   88.95864177446884
558.0   88.80831136839132
559.0   86.05051485676182
560.0   87.7774720385647
561.0   86.06001057887735
562.0   81.53193368556941
563.0   82.36665081556077
564.0   85.92353916591193
565.0   83.74620849729354
566.0   89.00332692570336
567.0   87.2633515440736
568.0   87.54767810960863
569.0   91.62171755535914
570.0   92.70757521846599
571.0   95.01889482240563
572.0   93.18774197590554
573.0   95.65953988864857
574.0   97.98847644133895
575.0   101.62071675345916
576.0   105.40234582769128
577.0   107.97148368527945
578.0   111.67853776640729
579.0   112.10215187047078
580.0   114.98971903284206
581.0   117.2304754327777
582.0   118.90021218763658
583.0   122.20806365330071
584.0   125.32832100111756
585.0   126.23753813893256
586.0   128.26210277029602
587.0   129.10856875610105
588.0   128.72512171061103
589.0   129.68039705900063
590.0   130.21395487098596
591.0   126.922540723695
592.0   124.24356002286609
593.0   125.47270341422998
594.0   123.94211583602308
595.0   119.54341387724617
596.0   114.95312575177809
597.0   111.66916550066261
598.0   113.11427298433665
599.0   108.28462590634985
600.0   107.54678806620407
601.0   105.51087568539404
602.0   99.60091902611563
603.0   102.35987854653695
604.0   97.56324143186265
605.0   97.06701734075568
606.0   99.18810398462298
607.0   97.63051423231605
608.0   97.6971409599505
609.0   94.33524224768703
610.0   94.84785854001402
611.0   92.59810028448919
612.0   94.81830411512357
613.0   91.48357227647028
614.0   86.2071705070662
615.0   88.18391856920954
616.0   90.50590561146672
617.0   91.19280947790165
618.0   89.46094930929266
619.0   91.89129141984952
620.0   92.6437849527284
621.0   95.64773942496822
622.0   93.82046228685559
623.0   100.06972548730366
624.0   101.13730911191817
625.0   103.03147865262343
626.0   108.36759413194008
627.0   109.149901244673
628.0   113.81247306181484
629.0   118.91851165850264
630.0   119.88376090167307
631.0   121.8847585322668
632.0   125.40426340381262
633.0   131.40909764492991
634.0   129.1654594018077
635.0   133.26061300721196
636.0   136.46191471958804
637.0   140.06445069949154
638.0   138.20173409731254
639.0   139.3132562116419
640.0   142.39700152992586
641.0   142.67129876347616
642.0   140.53642882307165
643.0   142.093403567341
644.0   140.23391996437525
645.0   140.17387368141377
646.0   140.71688853615677
647.0   139.4060165318732
648.0   136.31501038287416
649.0   131.72563805130795
650.0   133.0021058812361
651.0   132.41652265048276
652.0   129.54455249104964
653.0   127.81647468007267
654.0   125.36599015645396
655.0   124.37024566054473
656.0   123.80562770335149
657.0   124.6536753723307
658.0   119.62236734667744
659.0   121.78579709661523
660.0   123.87836120751871
661.0   121.2487842694938
662.0   119.85202792372235
663.0   120.74217755794592
664.0   120.87154284851539
665.0   125.44164851504007
666.0   121.94784745180223
667.0   123.82736531494717
668.0   121.75800546783898
669.0   121.93375596942752
670.0   125.7255704394517
671.0   128.10842176513822
672.0   129.52548146200388
673.0   129.5605178825653
674.0   129.4571006653845
675.0   135.1183810387826
676.0   132.85655589019404
677.0   137.17203667847093
678.0   137.89997636140356
679.0   143.93657093160746
680.0   147.6988561699613
681.0   147.1341480644721
682.0   151.05317859615144
683.0   153.41735506699308
684.0   157.2040076615829
685.0   160.92086096609137
686.0   161.32006332150382
687.0   164.32174192413228
688.0   165.69994713133312
689.0   172.0248045391656
690.0   175.2339964070058
691.0   174.11914206160404
692.0   180.45111071520782
693.0   183.0985385514372
694.0   182.2705879506613
695.0   185.5350324222338
696.0   183.86352668746238
697.0   183.2435597120135
698.0   189.981362080542
699.0   192.75576825479982
700.0   193.16342730975924
701.0   187.4271348297118
702.0   189.83855768598545
703.0   186.64268097951546
704.0   192.10047384686288
705.0   190.00424097120265
706.0   187.33327816561183
707.0   186.5424444157304
708.0   182.28636680224824
709.0   184.3693927842211
710.0   180.66024350029338
711.0   178.01201094130238
712.0   176.31198512852558
713.0   173.2796408869358
714.0   171.94768618633327
715.0   167.53616830611415
716.0   167.2816570173411
717.0   166.22574066247498
718.0   162.72595784492634
719.0   165.6723841530656
720.0   157.76448738420115
721.0   157.10045864154392
722.0   158.0774873143145
723.0   156.88563389043333
724.0   158.64952412472718
725.0   150.91185833435267
726.0   150.50287723853907
727.0   151.15562762819795
728.0   149.6573620592751
729.0   151.98390214757555
730.0   142.2652091841966
731.0   145.32272698526867
732.0   147.01504234492165
733.0   149.010967141038
734.0   149.27770997941397
735.0   147.23476365219622
736.0   141.43592508166597
737.0   142.68375542731437
738.0   140.01260484818116
739.0   139.74376481373434
740.0   146.75869605809487
741.0   141.06831590047156
742.0   146.3751446039909
743.0   141.2806937816993
744.0   138.2255259512375
745.0   133.92575453612392
746.0   135.5801872478974
747.0   134.18615713939596
748.0   136.47612437552488
749.0   136.70429064334817
750.0   141.21453158211924
751.0   146.3255406969463
752.0   149.2547808099008
753.0   156.47985537712242
754.0   159.760079700022
755.0   167.9316309124534
756.0   174.22760709665494
757.0   178.17640702937427
758.0   191.12386074423094
759.0   192.96917716218718
760.0   197.66951735972555
761.0   207.58226143092574
762.0   211.9903799955652
763.0   219.19066930577304
764.0   223.99288488652383
765.0   227.27860203677744
766.0   232.31479962550196
767.0   231.56574832655497
768.0   241.88115942342296
769.0   236.97766913790397
770.0   240.05419886143437
771.0   241.9484970098656
772.0   240.51288050709215
773.0   235.00785397404573
774.0   237.92066785775955
775.0   232.23511577613183
776.0   231.54452150239737
777.0   233.34818265386053
778.0   230.50444509081362
779.0   223.7952509690591
780.0   224.73250593164502
781.0   220.09344251588573
782.0   214.4006287908644
783.0   207.9503638621824
784.0   206.4830174196328
785.0   199.43905708615392
786.0   197.96537973906322
787.0   193.2340295121766
788.0   185.22285649817113
789.0   184.3838944998541
790.0   179.24742828795078
791.0   172.3774241117681
792.0   172.28914020057994
793.0   167.62707118879578
794.0   161.94704525278073
795.0   157.4500519614851
796.0   158.40329211676232
797.0   157.11082511588873
798.0   147.8874120507412
799.0   140.30247630645582
800.0   140.8556788467783
