500.0   139.70169840204062
501.0   143.79725492225754
502.0   138.50929312555579
503.0   133.86403237378275
504.0   134.16462931965214
505.0   128.5247148613047
506.0   126.55554404212634
507.0   121.89153033116241
508.0   118.96073948214433
509.0   112.42299545735045
510.0   107.6601451094846
511.0   106.83604457399701
512.0   107.87886443179659
513.0   101.15598437911328
514.0   97.95995574588815
515.0   97.39327847864786
516.0   97.6525398759448
517.0   100.33477736573255
518.0   95.30992814061801
519.0   96.94433094706875
520.0   94.09100791481063
521.0   94.82405702217295
522.0   99.26415785800168
523.0   95.32538851063859
524.0   96.06629170882016
525.0   98.81665508884902
526.0   101.46935280065435
527.0   107.80534538299688
528.0   109.85746931148293
529.0   111.1191679478199
530.0   116.81179123299069
531.0   121.60394444859779
532.0   122.07521853066831
533.0   126.64986960597616
534.0   130.08804199779894
535.0   134.4454753805827
536.0   142.1865257129494
537.0   144.5221343128773
538.0   146.43806247578428
539.0   147.8287220119264
540.0   148.75218580284255
541.0   147.1732701815454
542.0   147.0961376026919
543.0   148.00189513759076
544.0   145.6683613046116
545.0   141.11914530372607
546.0   136.17097346510246
547.0   131.04873946926654
548.0   126.21224318122691
549.0   124.62807615586951
550.0   120.84115732487234
551.0   116.552284340408
552.0   115.41464552430759
553.0   106.94730864434956
554.0   108.15859719498195
555.0   105.56728417906933
556.0   103.95623169996978
557.0   99.10425888484639
558.0   99.60382414853908
559.0   94.16693429491585
560.0   96.8903958486056
561.0   98.37395516386894
562.0   91.05995050586944
563.0   92.0556802517579
564.0   96.3011307130628
565.0   95.07704770185086
566.0   100.45370310126359
567.0   98.88806976704922
568.0   97.5985283285267
569.0   103.25823648877449
570.0   105.46489326881931
571.0   106.59659218935673
572.0   104.38567785407568
573.0   106.41888261446013
574.0   110.3435736599331
575.0   114.97923276019608
576.0   117.26045020135919
577.0   121.32946210429782
578.0   123.24439840614619
579.0   125.21082329887213
580.0   129.63534057577033
581.0   131.0354414583712
582.0   135.6679963656255
583.0   137.98176681211646
584.0   138.5581848590162
585.0   140.93680629639437
586.0   144.66129018888407
587.0   143.19154866450592
588.0   144.29617903376905
589.0   146.5112537106095
590.0   144.64288209356346
591.0   144.24118648097053
592.0   137.97169629747916
593.0   140.53580703878671
594.0   138.06012977725257
595.0   131.80879313641623
596.0   129.9358375423937
597.0   128.0423345283526
598.0   123.27881145828678
599.0   120.89402635976569
600.0   118.48560633324402
601.0   118.17843889924993
602.0   112.45290636187397
603.0   115.12711122146067
604.0   109.5772825390539
605.0   110.16108972294279
606.0   111.34085778379804
607.0   110.7135995859972
608.0   110.83448500229673
609.0   103.18613632335163
610.0   107.15206941459186
611.0   103.51406688500191
612.0   107.06450013464672
613.0   104.33856500342586
614.0   98.01417080836015
615.0   98.70341124229941
616.0   101.20058493961935
617.0   104.27270060501857
618.0   100.95049132741806
619.0   102.20801544884554
620.0   103.03919974438892
621.0   107.64115961883493
622.0   105.35526770213343
623.0   110.35486199812235
624.0   113.16814645396715
625.0   116.23899564277912
626.0   121.35237301662963
627.0   125.25419751271562
628.0   127.02764925926095
629.0   131.3282264668903
630.0   135.5030607510549
631.0   139.64229321118358
632.0   141.58493560474457
633.0   145.36605416157468
634.0   143.70098214353771
635.0   150.8884684627748
636.0   155.24822756661547
637.0   152.70866785681636
638.0   152.993000298495
639.0   158.50630893333832
640.0   159.2127506891849
641.0   161.05369880347484
642.0   160.00684864354977
643.0   159.2841959164545
644.0   158.10919820599864
645.0   157.66278015603402
646.0   159.83219310001834
647.0   156.0938548257489
648.0   153.16066081622586
649.0   151.20094417108027
650.0   151.1865890600177
651.0   149.75490413576983
652.0   148.92850498873108
653.0   145.08932574283827
654.0   143.07962292976322
655.0   141.60165653110525
656.0   141.74230868160532
657.0   140.5511863977218
658.0   137.93684893771723
659.0   139.76216075493068
660.0   139.3878629299764
661.0   137.6893360107092
662.0   136.82718908760728
663.0   137.91583246898352
664.0   137.3015400510081
665.0   141.40810124643662
666.0   138.95162134062033
667.0   139.46595936749432
668.0   138.34480440144205
669.0   139.65504748852106
670.0   145.13853541226518
671.0   146.29694748365014
672.0   148.94918479077057
673.0   147.62643385952805
674.0   148.43149559021137
675.0   151.29902780504457
676.0   151.09630564427187
677.0   155.46465548058632
678.0   155.9580770142121
679.0   161.59813246824197
680.0   165.58661522269273
681.0   167.40626978237404
682.0   172.1517663478271
683.0   173.7705668564725
684.0   176.55613615912782
685.0   183.27248994445648
686.0   183.91530349915132
687.0   186.51258163733118
688.0   191.02298852001528
689.0   194.54966433574685
690.0   199.20711387907176
691.0   201.07430312054223
692.0   206.5199710676399
693.0   209.9874876094473
694.0   209.70356739589158
695.0   213.99858546781704
696.0   210.36222005880663
697.0   210.85081705233654
698.0   219.69529448600258
699.0   219.03112778596312
700.0   218.56339879320302
701.0   213.81756585084503
702.0   217.30889657203682
703.0   216.20097588252187
704.0   218.94370704882203
705.0   218.46763623203879
706.0   215.93361950708197
707.0   214.74118964657734
708.0   209.90729052722943
709.0   209.88539143389616
710.0   207.30610862823116
711.0   201.60612023105415
712.0   202.95261304033585
713.0   200.566249943897
714.0   195.25518490864562
715.0   192.6459595237097
716.0   189.12336241047234
717.0   190.20628099098812
718.0   186.31677100762633
719.0   188.73924235060827
720.0   182.27770134738668
721.0   180.94714412812965
722.0   181.62380829737862
723.0   180.4561094323018
724.0   180.0792202178847
725.0   175.30886070821944
726.0   171.8041743113657
727.0   173.55015354020222
728.0   170.63276766367272
729.0   171.6845059076076
730.0   163.10254494159753
731.0   166.55478364141322
732.0   168.7395724199668
733.0   170.31966458448096
734.0   169.86521914349206
735.0   168.43327063617224
736.0   163.14587212224137
737.0   163.0365277305631
738.0   160.7891323360429
739.0   160.27618297782107
740.0   168.32625229507266
741.0   161.07418499557357
742.0   163.82962661886395
743.0   163.18815056451712
744.0   159.50340938689357
745.0   153.9903076177132
746.0   155.5380036385073
747.0   156.66852604114627
748.0   156.17465296772207
749.0   157.71592246752144
750.0   164.72691618926072
751.0   165.00782027966557
752.0   169.72975252909362
753.0   176.52587747818137
754.0   183.43043277877956
755.0   190.410011364759
756.0   199.55333365796554
757.0   206.41759814171292
758.0   216.15732446309042
759.0   221.60870765453365
760.0   227.63896347567953
761.0   235.94840076975575
762.0   243.35693145727146
763.0   250.96149524831327
764.0   256.8076011922864
765.0   260.6050608208939
766.0   268.78019526764245
767.0   266.2096263558332
768.0   276.2509223746546
769.0   272.02538135298016
770.0   276.36066855518567
771.0   278.1357666161938
772.0   273.9284133184776
773.0   269.48707971245994
774.0   274.81308856291696
775.0   270.5372638203153
776.0   264.4184905752679
777.0   268.0276502425013
778.0   266.85807309690824
779.0   257.6523203204246
780.0   258.2120574899468
781.0   252.32009967013852
782.0   247.01090016848553
783.0   241.68705436170913
784.0   235.92587414785874
785.0   230.2745691215647
786.0   228.03152114492633
787.0   221.24134472644548
788.0   214.05736548793365
789.0   211.83184169524142
790.0   206.66004708151124
791.0   200.77072064797562
792.0   197.72884986419007
793.0   192.45545230398855
794.0   188.89102530411063
795.0   181.70357893996828
796.0   180.88400388618146
797.0   179.33288913305378
798.0   169.73673873806302
799.0   162.54639177215935
800.0   162.8267669219935
