500.0   151.03927389499398
501.0   151.23924195334877
502.0   149.19344003110447
503.0   145.4931301345692
504.0   144.38061857102502
505.0   139.9090895558851
506.0   135.00511262277863
507.0   132.7907614973393
508.0   127.37585419210217
509.0   120.85261577047487
510.0   116.15440947630609
511.0   118.09841883960809
512.0   115.39871254390201
513.0   109.72050132979862
514.0   104.40523356914625
515.0   106.31703795702145
516.0   105.31086077536452
517.0   107.78133190569153
518.0   102.60055806738245
519.0   105.99668696247477
520.0   100.28569031783081
521.0   104.09699707767965
522.0   107.92405584643637
523.0   104.4723581333295
524.0   104.58075949033199
525.0   109.95838514930949
526.0   111.15326324725817
527.0   116.4746686504366
528.0   118.59047108659183
529.0   120.0796232482769
530.0   126.36748776530891
531.0   131.92483293204853
532.0   133.78283331989738
533.0   138.3599432956957
534.0   143.0192468731991
535.0   148.61625785240716
536.0   152.2848988592877
537.0   154.33704588688767
538.0   159.9633082235067
539.0   160.44969730536423
540.0   161.80033376730913
541.0   157.18758113288962
542.0   159.72453717200767
543.0   160.68832300738868
544.0   158.10375017415322
545.0   153.66539921866192
546.0   148.72817419914566
547.0   144.07345618037692
548.0   139.03158465217436
549.0   133.56692706778188
550.0   130.65466488605873
551.0   126.45494993343004
552.0   125.69435224701417
553.0   118.71966534098641
554.0   117.66769188386934
555.0   114.2424106658577
556.0   112.73568619069133
557.0   108.54095420628249
558.0   109.60698865071382
559.0   104.56353619526982
560.0   107.78760870308636
561.0   105.9019077896144
562.0   98.55173566663075
563.0   100.84342280877365
564.0   106.19965458203055
565.0   101.06308084405651
566.0   110.9403966269754
567.0   108.14786252264048
568.0   108.29898570861224
569.0   112.47648174241291
570.0   115.0003491773287
571.0   115.82128519018949
572.0   113.6815414631038
573.0   116.28378929220702
574.0   120.87100021220766
575.0   125.09999824871088
576.0   128.84277236666983
577.0   132.14172338230566
578.0   133.37596281966043
579.0   137.32246256504817
580.0   142.57786221354598
581.0   142.29949039937193
582.0   146.30192818773227
583.0   151.32725368019737
584.0   153.18158695020537
585.0   154.01924880150233
586.0   158.01951369011866
587.0   157.5196662453814
588.0   157.36193619596125
589.0   160.83427027490515
590.0   159.42698094477868
591.0   158.56085517062982
592.0   152.51885785363058
593.0   153.56776672854127
594.0   152.689615987618
595.0   145.69027775375054
596.0   144.37132692286946
597.0   138.38197770711517
598.0   136.75892783417174
599.0   132.3976592358951
600.0   129.88825893332844
601.0   128.26753476848293
602.0   122.62545962343947
603.0   125.43662689483966
604.0   121.3254333448964
605.0   121.52980262183331
606.0   123.13944512403188
607.0   121.52073846297918
608.0   122.18846060343736
609.0   113.66417253815646
610.0   115.34984351949308
611.0   113.1168924909066
612.0   118.13269881160886
613.0   113.21347560765417
614.0   106.94227817805879
615.0   107.78176891553619
616.0   110.97945500434022
617.0   115.71764797935387
618.0   109.51865892612179
619.0   111.9200877249958
620.0   115.37780653136443
621.0   117.82131021506007
622.0   117.24881045606813
623.0   122.34615060402749
624.0   125.58104235819314
625.0   128.45298086072086
626.0   132.53504380941357
627.0   137.6264463310498
628.0   141.67881154871958
629.0   145.19811029986604
630.0   150.42261973857742
631.0   153.01888420256643
632.0   155.9344885712146
633.0   159.5478843676519
634.0   162.8602542971073
635.0   163.71024097671656
636.0   169.16193338362046
637.0   172.16112440867886
638.0   169.47976461345624
639.0   175.09321467266383
640.0   176.15050963516322
641.0   177.82049444476223
642.0   176.265596322145
643.0   174.7839688470956
644.0   175.94728578693926
645.0   172.66212376361463
646.0   174.08813964275134
647.0   173.28492359571027
648.0   171.17577200415082
649.0   167.6225782626537
650.0   168.27092727820155
651.0   165.26389974225742
652.0   163.43114272292402
653.0   161.4722951120455
654.0   161.3898821882434
655.0   158.02114604838434
656.0   157.48689933423879
657.0   155.25303281549665
658.0   150.0845704733419
659.0   153.19814020284957
660.0   155.6172941014401
661.0   152.47800851176976
662.0   152.73536270559737
663.0   153.01915877343646
664.0   152.6304692420802
665.0   158.9743441285225
666.0   154.32477670181888
667.0   155.6284065122289
668.0   151.85162167762076
669.0   157.05735835098653
670.0   160.2391490275122
671.0   161.84196976480072
672.0   165.77800115048768
673.0   165.93962499280605
674.0   164.01354542809318
675.0   169.81925988921697
676.0   170.15412862326315
677.0   175.08573860470506
678.0   176.26052211829693
679.0   180.65244661545054
680.0   183.0088341702978
681.0   187.4548023023788
682.0   188.8966746219183
683.0   196.642433470887
684.0   197.45265468389792
685.0   202.38743281953265
686.0   205.1734308713177
687.0   209.56629642233295
688.0   211.86940374718293
689.0   216.16344307719646
690.0   222.39492025190697
691.0   221.62522738877593
692.0   232.00261414933786
693.0   233.78126016482244
694.0   233.18150131534657
695.0   237.31651860128122
696.0   235.75595415826703
697.0   234.14037178304773
698.0   244.5381240173843
699.0   246.55563985973862
700.0   243.25142945914507
701.0   236.84651792990252
702.0   243.67501694034735
703.0   238.79908704410153
704.0   243.16593175492613
705.0   242.54588544739482
706.0   240.89574074278312
707.0   238.36386131679123
708.0   232.83028113180936
709.0   235.7485568094829
710.0   227.95588499269067
711.0   225.3031902449663
712.0   225.8104082169786
713.0   223.75667126576087
714.0   218.90139842781838
715.0   215.4979864094482
716.0   212.30434748493474
717.0   215.3001234201058
718.0   206.54716926723015
719.0   210.15959742249157
720.0   203.3462139105757
721.0   202.41941682132824
722.0   202.38957314459634
723.0   200.44825780576565
724.0   203.00127334232684
725.0   197.8519615659266
726.0   193.34355323880723
727.0   194.50396722647818
728.0   190.50903994236762
729.0   192.6241917777165
730.0   182.80743703940848
731.0   188.46961073836945
732.0   189.16307246192952
733.0   190.46098705799199
734.0   192.25996920555943
735.0   188.47803940733726
736.0   178.1867720944768
737.0   181.4546316629688
738.0   182.73452742839234
739.0   180.05792748768556
740.0   188.881451330069
741.0   182.67889226403113
742.0   184.2936202828105
743.0   183.1849787503475
744.0   178.17996924344504
745.0   174.44582234303755
746.0   175.30195834302486
747.0   175.1661301751871
748.0   173.49202734289486
749.0   175.62620411673427
750.0   181.75565048682327
751.0   185.6347267156861
752.0   190.8106674709967
753.0   198.96272375695793
754.0   204.51824949529708
755.0   215.8065286039045
756.0   226.03373730923
757.0   230.7891272774001
758.0   245.9490287629271
759.0   249.56895156320888
760.0   254.82864987550005
761.0   264.45844058604746
762.0   274.6884180138483
763.0   279.97524794214235
764.0   288.9237417572646
765.0   295.8453062838969
766.0   297.8078692050255
767.0   298.78038394457457
768.0   313.0908344978351
769.0   304.4533522279296
770.0   310.31002255772086
771.0   310.5613583235527
772.0   310.853320673202
773.0   302.2534308652448
774.0   305.0109015742281
775.0   300.34191964543277
776.0   299.89869414867155
777.0   300.1361205603215
778.0   296.6346054020031
779.0   290.4986440315601
780.0   288.47345588681253
781.0   283.761329646018
782.0   276.2244165336448
783.0   272.37182227359483
784.0   266.51731551578723
785.0   259.44924613306233
786.0   254.96533808971162
787.0   249.7802238022272
788.0   240.878830905589
789.0   239.529136680824
790.0   233.6365086700395
791.0   224.2755059977908
792.0   220.6972070066273
793.0   217.4489441590579
794.0   210.71258873563673
795.0   204.68869368367655
796.0   203.81696076131874
797.0   203.13250687200437
798.0   189.87768685982712
799.0   184.42049765705647
800.0   181.60461944285817
