500.0   167.60127770213006
501.0   167.44372197109118
502.0   164.36844212164905
503.0   160.24946277347576
504.0   159.13603155779032
505.0   154.6505215718587
506.0   151.62986052618245
507.0   144.57472211462903
508.0   139.94814347005138
509.0   132.55663185143266
510.0   129.15032472465842
511.0   126.68151268378006
512.0   126.83552142425154
513.0   121.58933843110694
514.0   114.5300172945845
515.0   115.29473271647595
516.0   116.00029493858233
517.0   120.63587565173353
518.0   114.13306694717056
519.0   118.06137338700785
520.0   109.76884430538445
521.0   113.3019924418341
522.0   117.38524879864258
523.0   115.9636391416316
524.0   116.08123773156322
525.0   121.79858204313774
526.0   122.09023893009567
527.0   128.42151346155336
528.0   130.52663842459953
529.0   134.60393489848258
530.0   140.12362834732028
531.0   145.16493504151205
532.0   146.26323083062326
533.0   152.30343111078838
534.0   157.0461465762907
535.0   161.76921217476604
536.0   166.98309101861656
537.0   171.4544350959073
538.0   176.93502504814475
539.0   178.7736779920769
540.0   179.3212053395401
541.0   177.0012795749357
542.0   177.79292220605498
543.0   176.54315902954048
544.0   176.95609538953926
545.0   169.75735177157478
546.0   163.69282143354263
547.0   158.97818832001025
548.0   153.00858584176305
549.0   148.7867974730858
550.0   144.8526606469068
551.0   138.26134304044047
552.0   141.14966703282167
553.0   130.98200095103226
554.0   131.0376752958665
555.0   126.74070257469228
556.0   125.8012788718519
557.0   120.7749312678522
558.0   122.37458653067657
559.0   115.25284247632095
560.0   118.37356578727864
561.0   117.34266398600036
562.0   109.88979209146538
563.0   111.91862914467731
564.0   117.87952095793267
565.0   115.14141654713109
566.0   121.49547201965342
567.0   120.03396227395018
568.0   118.74741166014911
569.0   126.00137820854937
570.0   127.10206233081925
571.0   130.10284435603165
572.0   126.73363488056648
573.0   130.33081337932515
574.0   134.0823877165098
575.0   138.6374231205152
576.0   141.5323108576449
577.0   147.50751791951808
578.0   149.6338503550476
579.0   152.4148547406515
580.0   157.75949697804788
581.0   158.9898092714179
582.0   163.01926777763012
583.0   168.8006607938093
584.0   170.68324931801743
585.0   174.54075251882938
586.0   175.21236813936932
587.0   175.7195620651738
588.0   175.70006783395198
589.0   179.26157464173477
590.0   177.72200059131836
591.0   177.07700946520842
592.0   167.35150624611808
593.0   172.44962457390434
594.0   169.57279206569498
595.0   161.31019154007828
596.0   160.4142079826779
597.0   154.31796818874173
598.0   151.94974680976947
599.0   149.63138859419718
600.0   145.39928266055253
601.0   145.4275768575055
602.0   137.0805356290367
603.0   142.15267534839882
604.0   136.589941853026
605.0   135.85560617477603
606.0   138.5245715643292
607.0   135.41146974674342
608.0   133.22633468130175
609.0   125.1347887861941
610.0   128.99789432523156
611.0   127.28742998343125
612.0   131.08903583162828
613.0   127.40547411176448
614.0   120.42738788602563
615.0   120.70833928528845
616.0   124.52210317223964
617.0   128.22230787636389
618.0   122.81529475792652
619.0   124.7319043719867
620.0   129.73067034581325
621.0   133.00922901091803
622.0   132.52821932045808
623.0   135.87609020496106
624.0   140.63469793059835
625.0   143.3152268263364
626.0   150.49486587376717
627.0   154.63069642123315
628.0   156.25497020485847
629.0   163.3733194191498
630.0   166.5595756541483
631.0   171.50029551329737
632.0   173.92003060752157
633.0   179.14611768009004
634.0   178.52600155208302
635.0   185.09790207643394
636.0   191.57970692638594
637.0   191.41831451879574
638.0   190.84387016365693
639.0   196.59645812436938
640.0   197.14195604452462
641.0   197.58983343981993
642.0   197.21533473712165
643.0   197.4457386457575
644.0   196.50110398155292
645.0   194.93057691931793
646.0   194.4130597905609
647.0   194.5394367771986
648.0   189.55667992341483
649.0   188.24837907859643
650.0   188.03862059931475
651.0   187.73290650401748
652.0   184.07167007375378
653.0   179.49059776237507
654.0   179.78362615756794
655.0   176.224662909233
656.0   175.8337249956063
657.0   174.29437766955286
658.0   170.87224160190658
659.0   173.82690422251557
660.0   175.2750440442365
661.0   170.66949552537943
662.0   171.85344487738217
663.0   171.40925491569044
664.0   171.74212562711938
665.0   176.582525182493
666.0   173.2308690173426
667.0   173.24394649151375
668.0   171.9826441165307
669.0   174.86855752073836
670.0   178.97664273429012
671.0   184.230958489872
672.0   187.4905328839356
673.0   185.2717217796719
674.0   184.45262740641513
675.0   189.58695309785017
676.0   187.37308765077648
677.0   194.35961842497863
678.0   198.23564289228813
679.0   203.05537623302743
680.0   209.75418035833775
681.0   209.53463998480746
682.0   215.89484502592518
683.0   217.7642539163665
684.0   221.40592616312992
685.0   230.51782889575816
686.0   232.5775583737725
687.0   232.06476178350866
688.0   234.86345384437502
689.0   244.99635451585925
690.0   249.85671863257062
691.0   251.66980467430707
692.0   259.9177349168193
693.0   264.04451419990187
694.0   263.3887604658103
695.0   268.75049846218474
696.0   265.45286679362425
697.0   264.77656490137497
698.0   274.65984866668083
699.0   277.0390402932754
700.0   273.9303899075104
701.0   269.94547356813916
702.0   272.573029494094
703.0   269.87411945606675
704.0   274.4851159893224
705.0   272.472700010244
706.0   269.90511756048096
707.0   268.74220627565876
708.0   263.73700815382085
709.0   263.9446631924511
710.0   258.7485193435872
711.0   254.2782866951884
712.0   255.89938368593602
713.0   249.18423143989065
714.0   246.24518469282805
715.0   245.11365869258205
716.0   238.62745622702982
717.0   242.35491257190418
718.0   234.4213082751635
719.0   239.03172604147733
720.0   229.15123936482976
721.0   231.30356886429684
722.0   229.9859396561847
723.0   227.48145078347352
724.0   228.61888367325702
725.0   221.25387367414615
726.0   219.94713655040638
727.0   216.70185496023012
728.0   218.29936162726648
729.0   218.84176429335488
730.0   207.43677928302216
731.0   212.44259989870415
732.0   214.61121511057058
733.0   216.50319838963043
734.0   215.64096379524213
735.0   213.17139080426776
736.0   202.4104925339662
737.0   205.9212061474942
738.0   205.80376712411456
739.0   206.72471762273898
740.0   214.87402196894868
741.0   207.8218305383485
742.0   211.4611556906818
743.0   205.8931419258165
744.0   202.7889402167201
745.0   196.75530476343658
746.0   197.59826607278364
747.0   198.19187993077662
748.0   198.3533876617459
749.0   200.7977760093746
750.0   205.0649887257717
751.0   210.0210880841069
752.0   216.5648623477556
753.0   224.92120443222586
754.0   231.25481005594582
755.0   245.3698330602311
756.0   252.6640967246313
757.0   260.81260581776667
758.0   275.56626662398037
759.0   280.9269679649193
760.0   289.6898849997915
761.0   301.10797719652476
762.0   310.7395423760903
763.0   319.54627081951895
764.0   326.9752256175129
765.0   332.03504975809705
766.0   336.3895927850829
767.0   339.012076636758
768.0   354.52146352853555
769.0   348.21076062054317
770.0   352.1552863585093
771.0   352.363693921887
772.0   352.46285393025596
773.0   343.5007416406654
774.0   344.632247886583
775.0   339.7753112147652
776.0   339.9907568414163
777.0   341.7485787079761
778.0   337.4060120548713
779.0   327.7652396092041
780.0   328.61570687011454
781.0   323.4394326918247
782.0   316.3713040862574
783.0   308.120690687555
784.0   302.62666993683916
785.0   295.6846445525925
786.0   289.77018665597296
787.0   283.17287095843255
788.0   274.7991534979076
789.0   272.20676897568126
790.0   265.9634286229725
791.0   258.81535019138465
792.0   252.97823397334315
793.0   247.12137645928752
794.0   241.59712731646485
795.0   234.73123112146146
796.0   229.58417100533887
797.0   229.35330962743095
798.0   217.03417184449978
799.0   208.43385624931702
800.0   208.09359447514902
