500.0   171.87634053632644
501.0   174.03708948298305
502.0   168.352724902294
503.0   164.32830563275544
504.0   163.32722834091805
505.0   157.915564727422
506.0   155.00308505114518
507.0   149.0018153736923
508.0   144.11741928907406
509.0   137.8920015190788
510.0   133.22709873613096
511.0   132.7607880304531
512.0   131.60816120730428
513.0   125.81299136589703
514.0   119.58456717140282
515.0   120.26790335457912
516.0   121.6575535940579
517.0   123.95020351243508
518.0   118.1543497178975
519.0   121.27573181428198
520.0   115.59058559675964
521.0   117.47489986801241
522.0   122.09837710753112
523.0   120.63458639457687
524.0   120.25168556016999
525.0   124.3764666751523
526.0   126.94102472352017
527.0   135.52225473093242
528.0   136.91651907926007
529.0   137.22511464633493
530.0   146.68081834502328
531.0   153.21137705527596
532.0   152.87342907120373
533.0   160.55866907953612
534.0   165.25831319294167
535.0   169.98288444471712
536.0   177.81865560631786
537.0   178.6869935916763
538.0   185.2237871637902
539.0   186.5475389196131
540.0   186.60884748386948
541.0   185.09957659489916
542.0   185.19213590884988
543.0   184.61607442033934
544.0   181.51599486028982
545.0   177.3967648911923
546.0   171.48958658716543
547.0   168.05663246594418
548.0   161.11379484068877
549.0   156.02863043060768
550.0   152.5967933214126
551.0   147.3359836820281
552.0   147.25555165357125
553.0   138.36249377688642
554.0   136.62531859656127
555.0   134.14059702073413
556.0   131.8868728828314
557.0   126.78140298214583
558.0   126.4205777285575
559.0   121.09346102349792
560.0   124.85723397479549
561.0   125.20757840953425
562.0   116.98028171418446
563.0   116.2794786524475
564.0   125.59847140437691
565.0   120.34593879578989
566.0   127.03424225438673
567.0   127.28995272848516
568.0   125.54743823322144
569.0   133.46260089201397
570.0   132.4402276953394
571.0   134.94435904028472
572.0   134.5493661844637
573.0   137.43747329237044
574.0   139.63936679122293
575.0   145.26842866075052
576.0   149.54352569056115
577.0   152.6937325800829
578.0   157.40311038284793
579.0   162.42486364607748
580.0   167.22337159308245
581.0   168.44786088751763
582.0   170.25441427457227
583.0   177.56876290489282
584.0   177.2666746161757
585.0   179.85750344214875
586.0   184.90558524873242
587.0   183.6902594546904
588.0   183.5349723846126
589.0   187.4572811527551
590.0   184.61999894358945
591.0   186.66359085428942
592.0   179.21062917708278
593.0   181.20370868532174
594.0   177.12685572330818
595.0   172.90939712420328
596.0   168.0632077431937
597.0   161.6349175414667
598.0   162.97378596781988
599.0   156.48657790733677
600.0   153.23498867938454
601.0   154.26470158319202
602.0   144.1607746823299
603.0   150.00569563522805
604.0   142.96999484284862
605.0   143.55588339237465
606.0   144.85259526839454
607.0   143.29947692375703
608.0   143.02975530548258
609.0   134.38635807220655
610.0   136.8611938054183
611.0   133.6786186307076
612.0   139.95203662679086
613.0   135.1041923933331
614.0   126.3951409008038
615.0   128.56717433009146
616.0   131.5994907466508
617.0   134.83790456136754
618.0   130.43989006321019
619.0   133.85544914609883
620.0   135.35597213511525
621.0   140.95390890819021
622.0   138.4743146279247
623.0   144.90695998133222
624.0   149.74313260465163
625.0   149.9490986873849
626.0   157.57403378018282
627.0   160.31934197234244
628.0   167.71985352850817
629.0   171.362194991012
630.0   177.21471050733894
631.0   180.87452689593056
632.0   185.5730565388022
633.0   188.47991297701518
634.0   193.77902324277164
635.0   196.59986624313652
636.0   202.80629798476514
637.0   202.3687585758991
638.0   201.8997518207531
639.0   208.94740138460068
640.0   208.74719602475133
641.0   209.09596276827807
642.0   209.82599682125172
643.0   208.22082927326363
644.0   208.668223647921
645.0   205.48618742024993
646.0   207.57845081533821
647.0   205.27973465461122
648.0   199.636662977544
649.0   198.47221143768144
650.0   199.54295374272988
651.0   195.39382042301236
652.0   194.7573786465833
653.0   188.89734961461764
654.0   188.6948000817469
655.0   185.56331871508516
656.0   186.55119454038754
657.0   185.2410203242175
658.0   179.56520583977732
659.0   182.26489542862532
660.0   183.56023221367667
661.0   183.82632458277374
662.0   180.25432903677557
663.0   180.1872704903614
664.0   182.80619275644875
665.0   188.11956580621631
666.0   183.32815889217275
667.0   183.1697942070302
668.0   181.87790550610777
669.0   185.05737375095703
670.0   190.375308121292
671.0   194.14043203825386
672.0   195.5954177789037
673.0   194.9373249880524
674.0   195.4707789970296
675.0   202.37751244041257
676.0   200.79639215923459
677.0   207.12992251776518
678.0   207.66375762670793
679.0   214.75127603150318
680.0   219.19239551865502
681.0   222.57254719877258
682.0   227.83576374547727
683.0   229.73455851335763
684.0   236.3030852054646
685.0   241.2197294349341
686.0   245.79674162298937
687.0   247.37049919474217
688.0   248.5856930580094
689.0   257.9958200908266
690.0   262.8811257464459
691.0   264.135075546317
692.0   277.1908829101893
693.0   280.03604826770004
694.0   277.5713395547843
695.0   282.7702781076515
696.0   283.2116031006726
697.0   277.17607181803606
698.0   288.36872863525065
699.0   290.08129995167826
700.0   288.4559484749261
701.0   285.726632070696
702.0   286.08298376051414
703.0   283.51046807412115
704.0   290.05524275132353
705.0   290.1680679234799
706.0   285.85463388221547
707.0   285.57814604403666
708.0   279.4865018456544
709.0   280.52480009895476
710.0   272.9521773492411
711.0   268.8239338903778
712.0   270.873069867658
713.0   265.72043554793487
714.0   261.91020281177276
715.0   256.5569572081963
716.0   252.105679474471
717.0   256.5560770752512
718.0   248.53400304071843
719.0   252.56634275111588
720.0   243.04235647266378
721.0   241.09527643308178
722.0   242.3358265237356
723.0   241.36934936120298
724.0   243.59071221104472
725.0   234.31458055659246
726.0   233.19837727132924
727.0   234.95451416901486
728.0   230.44242728826998
729.0   230.98975621632658
730.0   221.64814815912516
731.0   223.02319625321076
732.0   229.50284168592555
733.0   230.22368689947604
734.0   228.41358025698733
735.0   226.48948414123848
736.0   216.31602260451052
737.0   217.7274757757639
738.0   218.52910742135023
739.0   215.88821113955464
740.0   227.30841280940479
741.0   218.59270738220053
742.0   224.34777372706978
743.0   218.1615333841171
744.0   214.83947755401493
745.0   208.00920972701175
746.0   209.20682033629788
747.0   210.00881867993837
748.0   208.41700068016138
749.0   214.40277835896742
750.0   218.88437448051465
751.0   225.51937976916213
752.0   230.87525997956038
753.0   238.6435123622784
754.0   244.80874830770233
755.0   258.2377709444107
756.0   268.5611765955558
757.0   276.69762829795604
758.0   293.2131710614336
759.0   298.7680719391372
760.0   308.5400311399009
761.0   318.79109048505063
762.0   327.5842390835304
763.0   340.15469268588464
764.0   345.8824327677435
765.0   349.9912916606317
766.0   359.6358208856465
767.0   358.8055493871266
768.0   375.2418585907862
769.0   365.8320166720126
770.0   374.60226890678047
771.0   373.77503871185735
772.0   371.1174275092757
773.0   364.8161447113755
774.0   369.3497825502628
775.0   361.41395735293077
776.0   361.05901920230133
777.0   364.0840638696792
778.0   359.97227563303466
779.0   349.6388805756031
780.0   350.1744368076852
781.0   343.3144772250229
782.0   333.08551464765617
783.0   328.1749752551332
784.0   322.9651235234414
785.0   314.61272103512385
786.0   308.4983183004909
787.0   301.73645983254266
788.0   293.1834334058051
789.0   290.37202060405184
790.0   281.0695047475708
791.0   274.48283856217023
792.0   269.80504353224705
793.0   262.2482689402193
794.0   254.45501895380087
795.0   249.46456750381827
796.0   244.37117443500148
797.0   248.15510320979868
798.0   232.35577859454008
799.0   222.21926314028318
800.0   219.89872167326774
