500.0   185.87489329622525
501.0   187.61924773502955
502.0   184.21303176302806
503.0   178.1214171498643
504.0   177.44691598699728
505.0   173.53965662787664
506.0   168.3288326373437
507.0   161.89236854675454
508.0   156.42602917182137
509.0   150.63139728057496
510.0   145.07931022972699
511.0   141.58959982426825
512.0   143.3750048352986
513.0   138.5495266422785
514.0   128.9533475946823
515.0   131.57472213298013
516.0   130.18550335404728
517.0   133.75799742572914
518.0   129.56128367061063
519.0   133.43651203024768
520.0   123.69917735755342
521.0   127.01689441397048
522.0   131.592687607635
523.0   129.64105589618893
524.0   129.6592032749094
525.0   134.68999297296187
526.0   138.19658168365146
527.0   145.46655327923085
528.0   146.99733871160083
529.0   151.11846616932178
530.0   157.53432767026305
531.0   164.42793836243786
532.0   166.29926674550583
533.0   171.82580894486216
534.0   179.72730249978804
535.0   180.60946521121923
536.0   192.16486166436857
537.0   193.44270852367714
538.0   199.80640136649552
539.0   202.4930374206449
540.0   203.52290122784385
541.0   201.14818074585898
542.0   201.9620787754966
543.0   203.52222252565994
544.0   200.39124278909287
545.0   192.78392998731007
546.0   186.0477687963368
547.0   180.99098444147188
548.0   176.9780863617481
549.0   167.80052723035436
550.0   166.24231324533682
551.0   160.7960348926115
552.0   159.2980572416727
553.0   150.6186379700796
554.0   148.631335568287
555.0   143.50207566883043
556.0   141.44087581552677
557.0   137.31364284414963
558.0   140.09344550616916
559.0   132.12145831566085
560.0   134.78551493555685
561.0   132.30563859281867
562.0   126.47170107446192
563.0   126.80724699965663
564.0   132.24553466033885
565.0   129.25029467398673
566.0   139.57614922903437
567.0   137.3473295156121
568.0   135.39812138840978
569.0   144.19580281218637
570.0   146.22301688553574
571.0   149.35728608514574
572.0   147.5506448927346
573.0   150.20204245333525
574.0   153.2825058460931
575.0   159.36657145176966
576.0   162.4449028870358
577.0   167.41833483294266
578.0   169.28888058975056
579.0   175.26313134434065
580.0   180.30654292735636
581.0   182.9740473018704
582.0   188.7727325069487
583.0   193.07821768480096
584.0   193.78286015992597
585.0   198.9303816278727
586.0   202.09369430788362
587.0   200.99580941673034
588.0   200.03744103506315
589.0   206.68999455757503
590.0   203.49606641459013
591.0   202.7992123654915
592.0   196.25061824451186
593.0   197.15012859114253
594.0   193.44283690448034
595.0   186.5071738662225
596.0   183.01126112840547
597.0   178.83298770822293
598.0   177.0428342406907
599.0   171.2924010347698
600.0   166.88320128929084
601.0   166.18354641563056
602.0   157.78826365531066
603.0   161.53065489866964
604.0   156.34803802249832
605.0   155.7396356265724
606.0   157.59020082325932
607.0   156.59748943838844
608.0   155.4120620884537
609.0   148.00832548222402
610.0   150.85072767653477
611.0   146.38074817618218
612.0   153.17211371765848
613.0   146.72063314844632
614.0   138.3849471914655
615.0   139.05393034604435
616.0   144.92125953574512
617.0   148.26944827821032
618.0   141.20364012487036
619.0   146.35851155339853
620.0   146.1970353425722
621.0   152.78087770423775
622.0   151.9132191968345
623.0   157.62900559944651
624.0   164.09784380953374
625.0   164.9651098929952
626.0   174.65813026042193
627.0   178.54063283214214
628.0   183.10323610863253
629.0   188.6849474272756
630.0   196.04404081321096
631.0   196.54533008339303
632.0   202.90223021242267
633.0   207.8110734636126
634.0   208.86189318413938
635.0   215.8939830161942
636.0   221.5171001559827
637.0   221.76056033574042
638.0   223.2849228425321
639.0   228.6760376074748
640.0   232.7787227831192
641.0   230.8867326551985
642.0   229.16522318038452
643.0   229.1668254882715
644.0   227.76394337781008
645.0   227.08800619546392
646.0   228.17895560087072
647.0   228.21116310529987
648.0   220.6467158127586
649.0   216.59931726878312
650.0   217.05361477641338
651.0   214.40332958020764
652.0   213.66443404660524
653.0   210.46279269896561
654.0   206.94934317036353
655.0   205.9577382693324
656.0   204.57325046405884
657.0   204.8401865785127
658.0   198.4022828118422
659.0   203.3519840501242
660.0   199.67214293412417
661.0   199.23740262483187
662.0   198.84388515656667
663.0   199.66486005857934
664.0   200.83300619907016
665.0   209.30861200229208
666.0   200.08441745734373
667.0   203.40510548046083
668.0   201.38365470119982
669.0   204.36879472785438
670.0   212.99775131227477
671.0   215.56669108412652
672.0   216.46917391224798
673.0   215.45101352748753
674.0   217.0766297572425
675.0   222.42734136833698
676.0   220.60220828962315
677.0   226.6502544939554
678.0   231.72092688200377
679.0   236.78373234605786
680.0   243.9561590018057
681.0   246.63321246934473
682.0   250.62994968599958
683.0   257.19255927578786
684.0   263.0523930801669
685.0   267.31951710626066
686.0   270.7135289721541
687.0   275.2108514553356
688.0   279.3350289776739
689.0   287.0029305953064
690.0   292.8060134912755
691.0   292.21000070490834
692.0   304.82617891496193
693.0   308.0323404637073
694.0   304.41031302782704
695.0   313.92759553073756
696.0   308.70588986192445
697.0   308.60664901808923
698.0   321.96694878285484
699.0   320.54355686862493
700.0   319.7763604865376
701.0   312.8418513154522
702.0   320.8808408065017
703.0   315.6258261637861
704.0   319.68048948827635
705.0   319.40840450268917
706.0   317.8335699019835
707.0   315.54887422723357
708.0   309.2670460863775
709.0   309.1387156616404
710.0   304.4146673484248
711.0   300.08957985867795
712.0   296.20774545246707
713.0   291.27387960807397
714.0   287.75723843322623
715.0   285.2465930592409
716.0   280.778617080962
717.0   285.4533752348975
718.0   274.92761105118154
719.0   278.46641196059346
720.0   269.1059661366511
721.0   269.86031935596895
722.0   269.96738745123525
723.0   267.67125228886465
724.0   268.1554470319544
725.0   259.2748468675294
726.0   258.63647195983754
727.0   255.55106227566247
728.0   255.218200520319
729.0   257.62483010163623
730.0   243.35863094508542
731.0   248.2127538412841
732.0   251.88211814520344
733.0   253.62109675450097
734.0   251.25158815906988
735.0   249.04181569699355
736.0   238.12665041213728
737.0   241.99956034162207
738.0   241.51313269830777
739.0   236.092127845417
740.0   248.16911427180503
741.0   241.66152994335104
742.0   245.39395228539203
743.0   242.5097734430285
744.0   236.40783808634626
745.0   229.6369840073092
746.0   229.66184616509884
747.0   232.3778079582395
748.0   233.46191126368655
749.0   238.18723289978422
750.0   242.55785204475953
751.0   247.99989186271614
752.0   254.14597905209996
753.0   263.73508880851745
754.0   273.4553421556568
755.0   286.0376351877112
756.0   298.5193034849451
757.0   307.56979402084795
758.0   326.26070158837524
759.0   326.79796035041556
760.0   341.51136090783194
761.0   353.0216877739555
762.0   364.9097308551293
763.0   377.30645230588624
764.0   385.0905510096738
765.0   392.17757511665053
766.0   400.867464218851
767.0   401.4813332738105
768.0   417.4575592054644
769.0   408.88035200504055
770.0   412.5935897712189
771.0   415.98634764904676
772.0   415.5262912732844
773.0   405.8085837836079
774.0   408.67555063690935
775.0   400.9328779966628
776.0   400.7994608398128
777.0   402.2186011541993
778.0   401.787308995133
779.0   389.1562023457571
780.0   386.77020337716647
781.0   377.6263216506164
782.0   373.5016972690537
783.0   362.96591115066974
784.0   355.33669430780657
785.0   346.62413079701474
786.0   338.6128600751235
787.0   335.5788508426383
788.0   328.5275097935307
789.0   321.2947358689445
790.0   315.0312103766755
791.0   300.6391485771057
792.0   299.4310951511385
793.0   291.3469747748951
794.0   284.20635026736306
795.0   279.0499904763708
796.0   275.3695225029932
797.0   273.7299706291549
798.0   257.96509928894244
799.0   246.58068577065436
800.0   245.59263079407367
