500.0   194.50953498027246
501.0   194.02997902540392
502.0   190.12098527306645
503.0   185.52817491411585
504.0   185.12216462552942
505.0   179.45085096780946
506.0   176.26514072067587
507.0   168.9807127914779
508.0   164.3306344453888
509.0   156.71996011114283
510.0   152.24277173098122
511.0   148.09837214199007
512.0   149.4647863764542
513.0   142.58117409604634
514.0   136.06475158961806
515.0   136.8130223728508
516.0   138.09433430920552
517.0   139.26393191115469
518.0   137.32490819502453
519.0   137.42433942576668
520.0   130.42752342312428
521.0   134.442856186146
522.0   137.33462318122503
523.0   134.91882948755037
524.0   137.28389026213043
525.0   142.07451521385872
526.0   142.74813873663254
527.0   150.67408829068958
528.0   154.77382903509488
529.0   158.10556866626672
530.0   165.98169686914923
531.0   171.69573290744054
532.0   174.49291913287905
533.0   179.22440607778384
534.0   185.27980944283172
535.0   194.04757328271103
536.0   199.9692355016129
537.0   203.1879142584209
538.0   209.78874442789063
539.0   212.94029248120518
540.0   212.35094517273578
541.0   209.66353992178844
542.0   210.47114303642348
543.0   209.66299553424395
544.0   207.80863153139273
545.0   203.27007599529733
546.0   197.02823199143455
547.0   191.96252832356657
548.0   183.63453160367132
549.0   179.194190156893
550.0   174.1470373221034
551.0   166.13614261637798
552.0   168.99227173443396
553.0   157.5072974850503
554.0   155.71166663250585
555.0   152.72414610369
556.0   150.13305125050212
557.0   145.4458450896355
558.0   146.21439751239214
559.0   139.7169374899172
560.0   141.29325926456525
561.0   141.91784651060667
562.0   133.54813247602993
563.0   134.38032594384174
564.0   139.49501186990634
565.0   137.51932515267856
566.0   146.48448237014244
567.0   143.37273784530942
568.0   141.6987843238412
569.0   150.0635421585533
570.0   153.34754053860814
571.0   154.33040342274722
572.0   152.7310174196276
573.0   158.54555388678602
574.0   161.51428279988352
575.0   168.21520414172622
576.0   170.7749359615984
577.0   178.01032223299347
578.0   182.0827845456794
579.0   185.77094554967044
580.0   190.14164025337357
581.0   193.00524684547062
582.0   198.93688224551877
583.0   204.40159581192245
584.0   204.81656087728055
585.0   207.86071318167654
586.0   213.81112207514659
587.0   211.76569080384772
588.0   211.95279266028214
589.0   217.98462790157967
590.0   212.99533659729923
591.0   212.4530632567469
592.0   205.76461800147015
593.0   208.72871629170922
594.0   203.93817882556797
595.0   197.77597802355405
596.0   193.7096300374456
597.0   186.18580283429233
598.0   188.32804527684465
599.0   181.88419080377435
600.0   176.88071320727389
601.0   173.6988744434204
602.0   166.83998866017728
603.0   170.810327579859
604.0   165.20097591811754
605.0   164.4251743061813
606.0   166.8524031034381
607.0   165.34003245857974
608.0   162.9077743850268
609.0   156.12240162115555
610.0   158.35853264523283
611.0   157.6633881246168
612.0   161.0507025376681
613.0   153.65374809711886
614.0   146.7714553620547
615.0   149.1393472518929
616.0   151.92130329951922
617.0   155.95760924646615
618.0   150.43174185432306
619.0   154.69051515001317
620.0   155.1974967409209
621.0   163.72861602019162
622.0   160.4629904460924
623.0   169.3411652373641
624.0   175.01517982311083
625.0   177.38501682634973
626.0   183.08974425175003
627.0   190.5313346754403
628.0   195.46839614188104
629.0   200.80297127943894
630.0   205.5178606787343
631.0   210.14082845547478
632.0   215.94358947107557
633.0   221.75214749668848
634.0   221.59621110273594
635.0   228.21955356386
636.0   234.61574392350292
637.0   238.5377273698586
638.0   234.978113498858
639.0   242.7605025314286
640.0   243.09786249025913
641.0   243.55363942144362
642.0   245.99109462394253
643.0   244.33722465120326
644.0   240.86249389330973
645.0   240.7097140292839
646.0   242.4761863169195
647.0   237.24540246658137
648.0   235.08606538498879
649.0   230.81085501726528
650.0   231.2130893702689
651.0   228.87513755848602
652.0   225.94392978224138
653.0   222.34802662016605
654.0   222.66143444000824
655.0   218.68157709613823
656.0   217.49610381721368
657.0   217.37430714711118
658.0   211.8910286768509
659.0   215.24874732404413
660.0   216.0884457565313
661.0   211.957933578194
662.0   211.45409528032462
663.0   213.18592197000044
664.0   213.24532245455686
665.0   220.95044270935438
666.0   216.1535888734987
667.0   215.8801086109348
668.0   212.57709246357228
669.0   216.48512112406257
670.0   225.3107295772113
671.0   228.60286064953604
672.0   231.9510706764392
673.0   229.41525641103607
674.0   230.24373998657975
675.0   236.5423074244014
676.0   234.72849262547157
677.0   244.46592772672295
678.0   244.97669524231566
679.0   253.73768742565048
680.0   259.97500425757505
681.0   263.4077775761143
682.0   267.87538889985035
683.0   270.9428149607606
684.0   278.65752354414224
685.0   283.30416753791286
686.0   287.4710484870961
687.0   293.6853378405559
688.0   297.24403810742456
689.0   305.8425514693313
690.0   310.16483918331784
691.0   310.59660960410395
692.0   324.71016462437524
693.0   327.3891650903157
694.0   327.2803077435937
695.0   334.45382598882065
696.0   330.09573425215433
697.0   329.06095135280964
698.0   341.77807070914764
699.0   343.4920819989651
700.0   341.5443844083888
701.0   331.44004884051793
702.0   342.58435471093634
703.0   336.5116829059999
704.0   341.9176909800388
705.0   342.5221135713821
706.0   337.8845510807967
707.0   339.01083189600433
708.0   330.5582045020035
709.0   331.0703882666136
710.0   327.5913065146349
711.0   318.64719728057065
712.0   318.5221975559836
713.0   311.2196713189832
714.0   308.97465378641397
715.0   302.367919510678
716.0   300.2288784855005
717.0   302.8657412158567
718.0   295.58306924758745
719.0   297.7641732488559
720.0   285.932261634313
721.0   286.29865921758125
722.0   288.4842612756463
723.0   286.0392211819486
724.0   285.2510569035208
725.0   277.3131591613567
726.0   277.5822620029629
727.0   274.5017860539979
728.0   271.5156452135187
729.0   274.8660855348812
730.0   261.1002264459888
731.0   267.2509965320275
732.0   271.4106904813456
733.0   270.2632738367765
734.0   270.0668388847781
735.0   265.5158956374205
736.0   254.99832634928697
737.0   258.85200530956297
738.0   259.52835368585124
739.0   255.48006191812385
740.0   266.2254417165602
741.0   260.29650483046896
742.0   265.5427461352832
743.0   258.8244359498306
744.0   254.54999396321278
745.0   248.55975239734892
746.0   250.32723812361314
747.0   248.7589076583502
748.0   248.17844648573833
749.0   253.13503863011115
750.0   257.07041764893165
751.0   264.2331831309091
752.0   275.7209527178644
753.0   284.27199682140036
754.0   293.5834528380744
755.0   305.7329069762383
756.0   319.89808731513546
757.0   329.5722379069366
758.0   349.0342588038101
759.0   356.3723766959366
760.0   364.76861336085943
761.0   379.6869179417895
762.0   390.500509209047
763.0   404.64313839574294
764.0   411.22618305684676
765.0   419.73764262611354
766.0   427.05591972963106
767.0   429.29918625662515
768.0   447.58074652565966
769.0   437.615131838916
770.0   450.2322594241405
771.0   446.4160157242729
772.0   444.42724833115096
773.0   436.25040555240696
774.0   438.68394653248293
775.0   432.3529343006287
776.0   431.329758895038
777.0   434.6963977824038
778.0   429.65254382665705
779.0   418.25880058916556
780.0   415.33774248923396
781.0   405.5210449525138
782.0   400.3193958615602
783.0   390.6048221840847
784.0   383.7405099983841
785.0   373.0513701503534
786.0   367.5501650830958
787.0   359.1346453727365
788.0   351.6859086604055
789.0   346.608414230255
790.0   339.47579376526403
791.0   328.3291296345055
792.0   323.1099120756966
793.0   314.9108526408536
794.0   304.90013207516404
795.0   297.3950723582181
796.0   292.5666775088227
797.0   292.38251699364855
798.0   278.45237770914497
799.0   264.81689458725964
800.0   267.3561623906172
