500.0   211.6603975154378
501.0   214.28963864873424
502.0   211.23728566027827
503.0   207.24633836506533
504.0   204.98505387474336
505.0   199.42033992677398
506.0   195.6767442231022
507.0   185.85187210628743
508.0   179.33068336317467
509.0   173.125156106747
510.0   165.90872371400488
511.0   162.81849515184507
512.0   162.14804445941226
513.0   157.91375980220928
514.0   149.17437129662372
515.0   150.8459240554202
516.0   152.64488302505123
517.0   153.84266228036986
518.0   148.2296620876332
519.0   151.66130168105354
520.0   145.12151698994165
521.0   147.00358201934029
522.0   151.87044316585298
523.0   150.36143841852353
524.0   148.9068484443895
525.0   157.01976544599535
526.0   157.56388754971982
527.0   166.92199062254812
528.0   171.77731321278918
529.0   175.34042925905862
530.0   183.03372881797088
531.0   189.07364378894866
532.0   192.85803607045207
533.0   200.91467477169834
534.0   204.80713285615332
535.0   213.14464160448352
536.0   221.7171095279964
537.0   226.85859289045487
538.0   230.6974254782293
539.0   235.50330256118258
540.0   236.3114361162654
541.0   232.8751851914179
542.0   232.56832961594893
543.0   234.59642649552578
544.0   227.33717839201455
545.0   224.69421869468428
546.0   216.6467437224249
547.0   211.09729357483468
548.0   205.83534591827944
549.0   198.2192942235419
550.0   193.00538725178464
551.0   182.66747866507052
552.0   186.16748714737443
553.0   173.419251088885
554.0   173.31935868465985
555.0   168.23280895370831
556.0   166.17568389725128
557.0   160.36556430614485
558.0   161.47492475913927
559.0   153.45840967229225
560.0   156.44041215823617
561.0   157.27702348257347
562.0   147.77005241470385
563.0   150.03304299344774
564.0   154.31255363433465
565.0   152.44952245752836
566.0   162.00593801433277
567.0   158.6253996131622
568.0   158.34578742747783
569.0   166.33927222159897
570.0   171.42541702821035
571.0   170.54967463214
572.0   169.5557286230035
573.0   174.99575456273385
574.0   178.5731409913646
575.0   187.68990349436942
576.0   189.30017194009574
577.0   196.34180043692226
578.0   198.76563491489023
579.0   205.0833701399713
580.0   209.65768509489698
581.0   214.63742523801463
582.0   219.12685907222092
583.0   225.85845623940827
584.0   227.5351924826727
585.0   232.33245825884615
586.0   237.75122412390007
587.0   234.78252213773507
588.0   234.95910001586813
589.0   238.6622913271357
590.0   237.23560844222294
591.0   238.48821162377286
592.0   229.04792510317034
593.0   230.73614588341357
594.0   223.25796764071632
595.0   219.78075189008973
596.0   215.28735753209895
597.0   209.12902042194
598.0   205.28122405935864
599.0   204.73407552513453
600.0   195.54375418751172
601.0   191.9760363370779
602.0   184.16523922552787
603.0   191.1413829220342
604.0   183.51290810606116
605.0   181.60002121069277
606.0   185.2682595937437
607.0   183.2326358365246
608.0   180.8800092018913
609.0   172.3239092779697
610.0   175.56299310467628
611.0   173.76667968886056
612.0   179.26168383346112
613.0   172.51732188503894
614.0   162.53234300739123
615.0   164.41165601779016
616.0   168.28321183323018
617.0   172.77196275913676
618.0   169.5930651420409
619.0   171.00373218472802
620.0   172.43325489421906
621.0   182.14096080212505
622.0   179.55639215971362
623.0   186.61215492693069
624.0   191.60388924405527
625.0   197.43926601326967
626.0   205.05919622748118
627.0   211.93301931462264
628.0   213.57669911612567
629.0   223.20366450928864
630.0   229.7257482656593
631.0   233.64586923428874
632.0   238.35348157397996
633.0   245.59630829839435
634.0   249.14227423200873
635.0   253.5698579371825
636.0   261.823455133465
637.0   263.93621844635436
638.0   259.9321688710538
639.0   268.7208725426366
640.0   269.0697259917496
641.0   270.40525757355914
642.0   269.7538759117357
643.0   270.43725808069024
644.0   268.15181225815013
645.0   267.6331283534988
646.0   270.0308797732364
647.0   265.15942695760685
648.0   262.9417217400636
649.0   259.9295189418572
650.0   259.1555976602523
651.0   254.6282696037631
652.0   250.55900874577932
653.0   247.02005401286837
654.0   246.61367152989595
655.0   242.73872760205901
656.0   241.38561986894007
657.0   242.0631962465977
658.0   236.40376293600588
659.0   240.56762280089083
660.0   239.85715812649596
661.0   237.37385181604458
662.0   237.72340004816914
663.0   236.29287840334945
664.0   236.95711957687854
665.0   245.79543035473813
666.0   239.72039659366894
667.0   240.3731045441651
668.0   238.47545410794618
669.0   244.4892013444013
670.0   249.9765978608117
671.0   252.44206851181733
672.0   258.7109391066677
673.0   255.24347372324848
674.0   256.6950109814726
675.0   264.6155519383809
676.0   263.7123333004951
677.0   270.6362768910286
678.0   274.26937096082605
679.0   283.9312742112893
680.0   288.32295044311167
681.0   294.94078411432906
682.0   297.33826583583294
683.0   304.23620277682664
684.0   309.90424200577695
685.0   318.4570150322001
686.0   322.4204723805335
687.0   328.44813395411256
688.0   330.61372926411025
689.0   339.1305394558991
690.0   347.73065916562774
691.0   348.67875737591737
692.0   361.1932955778443
693.0   367.8302998622096
694.0   364.78696861837415
695.0   370.72628756153676
696.0   369.2673065262178
697.0   366.4479969089234
698.0   383.1135539504777
699.0   384.14628148455165
700.0   379.1528981480712
701.0   374.7245862232522
702.0   382.151328200667
703.0   374.8682596027829
704.0   381.54125193327167
705.0   378.4869341153087
706.0   376.8746246763206
707.0   373.37016539953584
708.0   369.2448487835652
709.0   369.1628529730417
710.0   362.0013075085816
711.0   355.9136057791995
712.0   355.553212826269
713.0   350.0255336945973
714.0   347.2171856091929
715.0   339.3969995844916
716.0   337.3045502117226
717.0   338.2038186742534
718.0   330.4129961312681
719.0   332.95819131189324
720.0   321.42725104791737
721.0   320.8287063032598
722.0   323.2472340100326
723.0   318.6689470232104
724.0   321.13861402731703
725.0   311.00324135921494
726.0   306.62698486337126
727.0   305.950802861296
728.0   304.39112882696344
729.0   305.7733661750607
730.0   291.24495479859513
731.0   294.9741896373209
732.0   303.1704305435915
733.0   301.9026098281485
734.0   301.40639872474515
735.0   298.42527813905895
736.0   285.02528652464775
737.0   290.5796137422334
738.0   291.3980038154192
739.0   286.41260994229214
740.0   300.81338591917813
741.0   291.820297757527
742.0   293.8783254618527
743.0   290.9759519057543
744.0   284.0252324967873
745.0   277.2663542741591
746.0   277.55631909970566
747.0   280.5801958784457
748.0   280.01448648191604
749.0   281.68143008581046
750.0   290.25957125017953
751.0   297.82779656348
752.0   305.95282734681183
753.0   316.9122156478124
754.0   327.59668327252706
755.0   343.5389234830017
756.0   357.56067504223233
757.0   369.20556329637157
758.0   389.5356588175051
759.0   397.2846958869495
760.0   406.804970663902
761.0   426.8791319309489
762.0   437.78349137027647
763.0   453.27502556718895
764.0   462.8426754526536
765.0   471.0301964488329
766.0   479.49232186525495
767.0   482.45199344107266
768.0   502.3886562028969
769.0   492.02683036433245
770.0   500.55941724790017
771.0   502.33072074929606
772.0   497.5855889961989
773.0   486.1859035177491
774.0   494.5605224847487
775.0   485.65430903156755
776.0   480.19267771239504
777.0   484.9648228917283
778.0   480.9892738294733
779.0   468.68363581707325
780.0   466.7327579915045
781.0   457.5635713995592
782.0   448.7753356683993
783.0   437.2547461077238
784.0   432.0434024803257
785.0   419.59885705064613
786.0   411.4171599424307
787.0   404.7262163940585
788.0   396.7990234871929
789.0   388.0496512299288
790.0   379.56235007586304
791.0   365.5618291569662
792.0   360.0597132040294
793.0   352.1564147002417
794.0   339.6273587810671
795.0   336.6416246249457
796.0   328.32004659125715
797.0   330.95052731501676
798.0   312.4599107427935
799.0   297.09150926878885
800.0   296.4223683869712
