500.0   213.57844397716633
501.0   215.35790846135887
502.0   211.2950942242882
503.0   207.62769571911505
504.0   204.10999666925312
505.0   197.6050600097705
506.0   195.35918497480637
507.0   186.66557242625106
508.0   180.2164834750905
509.0   173.4900933158118
510.0   167.29456610002788
511.0   165.45749064049852
512.0   163.01711912238127
513.0   160.71042605167824
514.0   148.05872548664595
515.0   150.16731367057446
516.0   151.43593259955912
517.0   154.30403069107595
518.0   151.13305228704098
519.0   152.8114889261114
520.0   143.7282752521022
521.0   148.8030910876115
522.0   152.12601367942727
523.0   150.43256877895473
524.0   151.37740491298436
525.0   156.0388981232128
526.0   160.28766271268302
527.0   170.12256343634434
528.0   171.88880741578362
529.0   175.79161073550273
530.0   184.35681181425872
531.0   192.13620862864693
532.0   194.45948343596282
533.0   200.69094093828306
534.0   207.75182526506154
535.0   213.6721414276298
536.0   222.29558370087227
537.0   227.84749659140778
538.0   234.3830698418465
539.0   237.69844317210163
540.0   239.45810071373174
541.0   234.43347888021722
542.0   235.405335795503
543.0   235.77826806551494
544.0   229.7195482897954
545.0   226.00181615440792
546.0   220.14956678396845
547.0   211.2578765777463
548.0   206.33926657204117
549.0   199.9058639129247
550.0   195.04429220778488
551.0   186.16788922756365
552.0   188.13229618844704
553.0   174.4964426018459
554.0   175.35004195261354
555.0   167.98311348619873
556.0   167.8900842281952
557.0   160.61161381164555
558.0   164.34750107250753
559.0   154.4950386755106
560.0   158.06245585247902
561.0   158.20536377743056
562.0   150.01682688081814
563.0   150.04579131308867
564.0   157.1295955969874
565.0   154.51319427193067
566.0   163.08011804395804
567.0   159.7262428766374
568.0   159.09703254388165
569.0   170.4648737921863
570.0   172.80410167533125
571.0   172.98627097223886
572.0   170.47174070033813
573.0   173.65232372554942
574.0   181.98257263773104
575.0   192.23322113502294
576.0   191.30620081876557
577.0   199.54672031053735
578.0   202.77632309212234
579.0   207.2225327613038
580.0   214.96938368770833
581.0   217.50723074088202
582.0   220.78640905425917
583.0   228.6634138185646
584.0   229.49138964550497
585.0   234.734288401534
586.0   239.51719894085429
587.0   239.15689463483054
588.0   239.3207275189553
589.0   240.92530655638487
590.0   240.8563483562661
591.0   240.29482517677687
592.0   231.40726831556972
593.0   231.7711174055958
594.0   228.57632968543308
595.0   221.72358079858827
596.0   218.45088192061286
597.0   211.89252364801953
598.0   207.8910183192874
599.0   206.5287675739736
600.0   199.00412763848473
601.0   195.86310083572985
602.0   188.47767893170104
603.0   193.6444152304344
604.0   185.54404651910227
605.0   185.12573675728868
606.0   188.6895330682507
607.0   187.02455751846776
608.0   184.15499455883253
609.0   175.18267757519115
610.0   180.97995847089473
611.0   175.23588628474806
612.0   182.2356368045842
613.0   174.1340107582588
614.0   165.29893210470047
615.0   166.2009920107779
616.0   170.89717118685778
617.0   175.17742630452167
618.0   171.4290292375849
619.0   174.20186542980375
620.0   175.770066083177
621.0   183.8976479091869
622.0   179.40546075476
623.0   191.30168860647083
624.0   194.40855166684935
625.0   199.15442848110445
626.0   209.4775266647956
627.0   212.5540308538222
628.0   219.2680789123666
629.0   227.2477854904062
630.0   232.36379715857547
631.0   236.01618537822117
632.0   244.68229133956802
633.0   249.00951544691853
634.0   251.43403482815046
635.0   258.2265429401234
636.0   267.3642010721952
637.0   268.1194146521155
638.0   266.81034945002955
639.0   273.94995969330455
640.0   274.8169229500206
641.0   276.35416043760694
642.0   276.73514318526907
643.0   276.00209590205156
644.0   270.66419735727914
645.0   271.07246995420417
646.0   275.2674217584836
647.0   271.32040264070156
648.0   266.18623617362897
649.0   263.57833030608543
650.0   262.4776994107914
651.0   259.4472736214124
652.0   254.52130011960676
653.0   250.8099397523974
654.0   249.3889230034685
655.0   245.89489051513206
656.0   245.14407554267797
657.0   243.7460804871698
658.0   239.85252535103365
659.0   242.7870764970151
660.0   243.86128983639173
661.0   240.50444913226767
662.0   238.92984449752566
663.0   239.60231373522578
664.0   241.07616059562997
665.0   250.40917324616834
666.0   243.4146125915207
667.0   245.0389610033554
668.0   240.77451517022922
669.0   247.7571840410347
670.0   254.69316697257256
671.0   257.39492012203084
672.0   262.573550221628
673.0   259.13165534679484
674.0   260.0251892109345
675.0   267.0120432795113
676.0   266.2176809052987
677.0   278.3343311509289
678.0   276.676993845738
679.0   283.1135823991973
680.0   292.8880906015783
681.0   298.27961434820304
682.0   302.29877734961417
683.0   310.01875288767127
684.0   312.60494447216024
685.0   322.6018622728537
686.0   327.44627388856713
687.0   332.952661763223
688.0   337.9390652853542
689.0   345.8629002830114
690.0   352.5399529805623
691.0   353.37171465562994
692.0   365.30422883506253
693.0   372.8204909205705
694.0   369.3914756349323
695.0   379.33483871288195
696.0   374.0117919156619
697.0   371.80034793062134
698.0   387.3644892980419
699.0   390.32981359998666
700.0   384.9546229568819
701.0   377.8376144482757
702.0   384.2420512480268
703.0   383.06804628199836
704.0   387.44805811068574
705.0   385.4905927160298
706.0   383.7413110586884
707.0   381.3444438532557
708.0   375.2925606808434
709.0   377.5722072065935
710.0   367.30839782858357
711.0   362.11297453656704
712.0   361.2023937656974
713.0   355.022828167048
714.0   350.67334470193936
715.0   345.30156494046
716.0   343.71591355999533
717.0   347.01746411026363
718.0   333.04854244982437
719.0   338.6093911548954
720.0   324.9148269341845
721.0   326.45912905097583
722.0   326.29654018349385
723.0   322.6892282307944
724.0   325.4909632311198
725.0   317.1288732139493
726.0   317.24991259566764
727.0   311.25253615651206
728.0   307.66865833591044
729.0   312.7616661540169
730.0   296.4526498903126
731.0   300.4833858636043
732.0   310.47846827762663
733.0   306.041478768887
734.0   306.9973906471116
735.0   305.31560698116436
736.0   291.18075004054697
737.0   294.4166647594885
738.0   296.163656496277
739.0   290.86996734085926
740.0   306.2965280691304
741.0   297.0903948045276
742.0   300.54023213635355
743.0   294.0438506798362
744.0   290.67920920491093
745.0   281.6506220302911
746.0   284.5909498799227
747.0   285.025972440428
748.0   283.56420143757754
749.0   289.1533193639294
750.0   293.43917696921767
751.0   300.47139688799194
752.0   311.30768842709455
753.0   319.8282059021303
754.0   333.88836524598395
755.0   351.5842006863633
756.0   364.0915994981192
757.0   375.06975073687556
758.0   394.967712704493
759.0   401.92426817344847
760.0   414.6883384677664
761.0   431.41673191068446
762.0   446.6842758891039
763.0   461.69979794774684
764.0   472.7947944171878
765.0   480.92251076178667
766.0   488.74706697852736
767.0   491.2855427602875
768.0   512.3588500608491
769.0   501.86183491676513
770.0   510.4204877866138
771.0   511.17688450562395
772.0   511.40521556841225
773.0   498.6743300747164
774.0   505.9891386511393
775.0   496.3078990571246
776.0   490.70625264996124
777.0   497.80535833618046
778.0   490.10168820835804
779.0   476.50106186770546
780.0   476.8230169469489
781.0   466.6563300853549
782.0   456.27873231356375
783.0   445.1448641438823
784.0   439.06765819619096
785.0   427.3225777378262
786.0   418.564968551239
787.0   410.7550731529766
788.0   400.3832072235433
789.0   398.13280248027877
790.0   387.1680306929911
791.0   372.11118158101254
792.0   367.88625230592373
793.0   359.1166420989141
794.0   350.0243578260239
795.0   343.26578750713344
796.0   336.61601759701904
797.0   338.40635290267926
798.0   317.1315162018393
799.0   302.96447425801955
800.0   302.5925342048097
