500.0   233.90168204921503
501.0   233.30840048448687
502.0   227.32781217581427
503.0   225.26696513232602
504.0   222.45499325374476
505.0   215.25517532319026
506.0   212.88629873279436
507.0   203.53380457060018
508.0   195.75950648641867
509.0   188.67722669302526
510.0   183.0346585131979
511.0   179.67799215136665
512.0   175.8817991599603
513.0   172.64439901306335
514.0   164.89493905016897
515.0   164.84413257014154
516.0   166.2793683453154
517.0   168.53417904195882
518.0   164.47406466156457
519.0   167.1784667775823
520.0   157.67462300232626
521.0   162.36335169134816
522.0   169.73295460303655
523.0   165.0548646739933
524.0   164.3926185722493
525.0   171.35482089724758
526.0   174.6327318039888
527.0   184.3687335196951
528.0   187.50496122217965
529.0   191.12480744874182
530.0   202.22444800286377
531.0   207.8524622838939
532.0   214.4017155670263
533.0   219.2995813649449
534.0   225.7217844253285
535.0   233.36996140748965
536.0   244.19329157495622
537.0   247.55053429957496
538.0   254.97967709601423
539.0   259.9236314337859
540.0   259.7353617919665
541.0   253.99922980539426
542.0   253.45210764222935
543.0   255.35719907789243
544.0   254.3081817297072
545.0   247.18104786235787
546.0   239.87854784512882
547.0   232.22667886538028
548.0   224.6997827391369
549.0   219.3461261375316
550.0   212.69334139665787
551.0   203.47860831573564
552.0   205.032948635584
553.0   190.84083149576605
554.0   191.78374846605368
555.0   185.8518937151275
556.0   182.64207348234558
557.0   177.446786475075
558.0   176.46987141117606
559.0   168.45762824234305
560.0   171.13846911251196
561.0   172.42115779157106
562.0   163.28008926336287
563.0   164.29086521119746
564.0   172.72120761808756
565.0   166.67964765730653
566.0   179.95994320469597
567.0   175.84199501593685
568.0   173.54801280882907
569.0   183.11048637291307
570.0   188.3322546720275
571.0   189.34355763062575
572.0   188.2480653266289
573.0   192.22036222108653
574.0   197.91798804413145
575.0   208.3161112549482
576.0   209.99576973978796
577.0   217.51940935713412
578.0   221.84161233661396
579.0   224.9245887907187
580.0   234.71709944968018
581.0   238.05254172343635
582.0   244.25850383803888
583.0   249.82932660546084
584.0   251.64289536822355
585.0   255.77084730319092
586.0   263.2953149946122
587.0   261.6769599794851
588.0   261.67588687185435
589.0   267.2242508009788
590.0   260.4863450893909
591.0   263.5595000703687
592.0   252.83510591500314
593.0   253.516147426797
594.0   248.9194052469716
595.0   242.2434624269506
596.0   237.52316718652503
597.0   232.6503616320691
598.0   230.64975187118216
599.0   223.8306905790045
600.0   218.62135406291807
601.0   215.73728819894714
602.0   208.8688666698947
603.0   211.502290279276
604.0   206.21313420276334
605.0   202.4005830533123
606.0   206.2261317267453
607.0   205.24263360478284
608.0   203.3400043564297
609.0   193.09490561109695
610.0   195.19042996497674
611.0   192.09092187695956
612.0   198.32512984686986
613.0   189.9976568026242
614.0   183.2382712277445
615.0   184.61664470586095
616.0   188.60593985309268
617.0   192.22692595656216
618.0   185.73323139365337
619.0   192.14993483251854
620.0   193.67506666240868
621.0   197.90219417588327
622.0   198.23727959599623
623.0   208.54160587772705
624.0   216.7991210476183
625.0   217.19226752407764
626.0   227.33960382476155
627.0   234.92969836226962
628.0   240.3294063718796
629.0   250.4850967902474
630.0   256.1631308237753
631.0   260.15930531293594
632.0   268.3643572340875
633.0   271.6187530690919
634.0   277.5593840790443
635.0   285.14286049694476
636.0   291.8431925908831
637.0   295.0136429025856
638.0   291.9572955005565
639.0   299.4545169062736
640.0   302.6501091220199
641.0   303.96311576507054
642.0   302.5456522577364
643.0   304.39716456453715
644.0   300.71906064231234
645.0   297.1473425923649
646.0   299.6569738264483
647.0   294.4492421979935
648.0   292.09324973434093
649.0   287.934421604637
650.0   286.7446130609321
651.0   284.34234735563444
652.0   283.77487629289146
653.0   280.02090111665245
654.0   275.74818165346966
655.0   271.79069577717246
656.0   271.8168307247905
657.0   270.3876122843608
658.0   263.95215866630315
659.0   266.0498955825363
660.0   266.9469732283199
661.0   264.9525301038146
662.0   264.76109043859384
663.0   264.31680919717763
664.0   266.6091494573099
665.0   277.38862716384375
666.0   268.53974924180784
667.0   268.90748136796947
668.0   265.8606873300481
669.0   272.53982479835236
670.0   279.49513722713795
671.0   285.06491343917924
672.0   289.0482932342552
673.0   287.0725030923301
674.0   285.5615960649691
675.0   298.17608140049924
676.0   296.26625573070976
677.0   307.0842596196297
678.0   305.7195093750217
679.0   316.4382401438529
680.0   322.0713307092406
681.0   326.7868997148005
682.0   334.44511824529894
683.0   339.0775209607539
684.0   347.7025999816284
685.0   355.146129820362
686.0   361.6547887775356
687.0   369.8431362566191
688.0   373.86349890226654
689.0   381.0608517797971
690.0   388.71885577169616
691.0   392.5140819814868
692.0   407.10287826452213
693.0   412.7592923001142
694.0   409.1826169124503
695.0   418.1471953590034
696.0   415.6948151076614
697.0   412.3871552682863
698.0   432.69210286239854
699.0   432.2780190019432
700.0   427.17374962792616
701.0   418.6355434818933
702.0   428.6775912853936
703.0   423.51340549306224
704.0   425.835392970324
705.0   427.1753273395951
706.0   423.0430785138156
707.0   423.0657486982233
708.0   418.0906340151913
709.0   417.161272309036
710.0   407.5001369461004
711.0   400.2439497738497
712.0   397.8617164753094
713.0   394.13932777375277
714.0   388.5591046147768
715.0   381.9445467822144
716.0   377.03170894331606
717.0   381.0676318474592
718.0   369.55457617982256
719.0   373.3185945507831
720.0   362.9069118441886
721.0   362.2771191855233
722.0   360.7498793740879
723.0   358.44723053609147
724.0   362.1690317969198
725.0   348.8235808214655
726.0   347.78031244811973
727.0   347.45285040214924
728.0   342.3419356369466
729.0   346.922016067389
730.0   329.9522888826166
731.0   334.0980391315694
732.0   340.75379214543966
733.0   341.1293430714913
734.0   341.95053729312315
735.0   338.06469473300615
736.0   320.7516638905295
737.0   323.83585879979603
738.0   326.7695978874425
739.0   322.0112392450206
740.0   337.5275975593987
741.0   326.83658596177895
742.0   332.4410910286232
743.0   324.01878294343237
744.0   321.81547999813074
745.0   313.86046196571147
746.0   313.96772157133967
747.0   314.1881207093415
748.0   315.4742135986681
749.0   318.62746224932425
750.0   329.2189803931449
751.0   336.4091377232645
752.0   343.22361567447626
753.0   359.4450817824099
754.0   370.9777769591395
755.0   390.65267962388424
756.0   405.45567963169674
757.0   416.4497090071967
758.0   442.2154995965798
759.0   448.2862103852242
760.0   464.8193149164387
761.0   479.4785046043478
762.0   498.0189944592547
763.0   509.6316448191214
764.0   522.0023097395242
765.0   533.0683807571991
766.0   542.584779239922
767.0   545.9367017576909
768.0   569.3326683055991
769.0   555.0712032458706
770.0   564.6112215182904
771.0   564.6511328782315
772.0   565.7099486219195
773.0   552.8416815308826
774.0   561.5078630296446
775.0   550.3698005077977
776.0   549.1248792423391
777.0   550.3991443305814
778.0   547.0762989509595
779.0   529.6106585602006
780.0   528.6702804296135
781.0   521.2895706968225
782.0   509.26926701221123
783.0   500.4028751480689
784.0   487.8470547829233
785.0   475.70092893388215
786.0   468.52076932118456
787.0   455.6150857196783
788.0   444.4462717875755
789.0   439.105084515862
790.0   426.970565257968
791.0   415.46584141792624
792.0   410.36170833281057
793.0   399.75687833945165
794.0   384.93091479643886
795.0   381.6397403054322
796.0   373.14376828118765
797.0   375.0161098996681
798.0   354.61283766022933
799.0   336.6609364556891
800.0   335.62486732643873
