500.0   241.54599039962096
501.0   238.6674564051002
502.0   235.59853834362488
503.0   232.10268932605547
504.0   228.76400770142408
505.0   221.812671941171
506.0   219.7104509208933
507.0   211.54470611785206
508.0   202.33169330039652
509.0   197.01240554003022
510.0   187.494742117754
511.0   185.48435110300437
512.0   186.39554628002915
513.0   178.91352496409152
514.0   168.08036942237007
515.0   170.5214863591388
516.0   173.1564152586812
517.0   174.28418236386958
518.0   168.86296044491638
519.0   172.46217495343961
520.0   162.97766267880974
521.0   166.19857005320688
522.0   174.30445261764737
523.0   169.39305275790176
524.0   171.1005267392844
525.0   178.51654875850824
526.0   181.28961274283898
527.0   190.89508854268755
528.0   194.05841484419216
529.0   201.3594272793248
530.0   210.5434349472983
531.0   218.5636299358288
532.0   222.7951238924085
533.0   228.70313256803865
534.0   235.32860391980438
535.0   242.49075435271942
536.0   254.17057002278818
537.0   257.9377539614772
538.0   264.5247597988872
539.0   268.10696014734077
540.0   269.31996768123804
541.0   264.5708714393845
542.0   265.4684861888815
543.0   265.86663716353894
544.0   260.70378580041535
545.0   257.962705928918
546.0   247.39398083572866
547.0   239.72450407068465
548.0   233.2312957001159
549.0   226.64065019530938
550.0   219.23934432750437
551.0   211.940830556337
552.0   210.65752577651946
553.0   200.34931951381174
554.0   198.03683041440155
555.0   192.09162365185213
556.0   189.76655084823645
557.0   182.27984228145516
558.0   185.29204468246772
559.0   176.83937190053598
560.0   177.92887577897002
561.0   178.75666871486996
562.0   167.56917011129354
563.0   172.34298158040303
564.0   179.27857678916834
565.0   174.8438267295938
566.0   186.77855454314587
567.0   184.87833164142052
568.0   180.39629085586523
569.0   190.42681387963543
570.0   196.7267600296562
571.0   196.2981438687337
572.0   194.84214250823302
573.0   200.00465253191828
574.0   206.9577094378605
575.0   215.07024251790673
576.0   217.56827583592005
577.0   224.2931784896204
578.0   230.33236114143867
579.0   237.02323707245574
580.0   242.36090095892644
581.0   248.7564002548929
582.0   254.06523832726205
583.0   259.4057507068927
584.0   261.63420803277324
585.0   267.67027403928734
586.0   273.8373001174531
587.0   271.2459257091068
588.0   273.18958447926354
589.0   278.0249625068143
590.0   271.51557477703494
591.0   273.8096592114621
592.0   263.6713697189823
593.0   264.3694647996466
594.0   260.1015770489115
595.0   254.56786497555305
596.0   248.10382835570027
597.0   241.3145376882188
598.0   239.02827461368054
599.0   233.3261110175668
600.0   227.49477571755577
601.0   224.8831583746219
602.0   214.4041951171237
603.0   221.83598224168935
604.0   213.83273659813608
605.0   211.91454750232037
606.0   215.2281138664711
607.0   215.37656829863874
608.0   211.99072267395292
609.0   200.15539950148215
610.0   205.10712246768364
611.0   200.36267864873219
612.0   206.16869349018305
613.0   199.86282408403656
614.0   189.6583304684032
615.0   192.14839373528775
616.0   196.2904179098547
617.0   202.67934659444987
618.0   195.13698824581283
619.0   201.10531427861181
620.0   200.79373874844688
621.0   212.3051513352401
622.0   206.78229512660218
623.0   218.42948929238744
624.0   226.37623096377115
625.0   227.89975631860074
626.0   240.2529500758762
627.0   245.77668025583523
628.0   251.87472166545285
629.0   262.35176075779793
630.0   267.3693708928537
631.0   272.51240813767555
632.0   280.24684928885085
633.0   284.5335362541208
634.0   289.5066270831958
635.0   296.961388259925
636.0   305.12860356175986
637.0   306.1895089235563
638.0   306.29610154758507
639.0   316.29173960411583
640.0   315.53097912222154
641.0   318.0402203277858
642.0   316.46894168001256
643.0   316.8473040966445
644.0   312.18815455095285
645.0   311.8383458167307
646.0   314.86390231087944
647.0   311.79000587728945
648.0   305.7192889747692
649.0   301.25316964034965
650.0   298.94766779779525
651.0   297.0218782777928
652.0   294.71688600522793
653.0   290.43300265852804
654.0   287.5207290969875
655.0   284.3655510078079
656.0   284.5599776296113
657.0   281.8442708967674
658.0   274.3957014159788
659.0   277.64820768618006
660.0   279.79407875102453
661.0   275.89454956287557
662.0   277.93196240258777
663.0   277.22559109785993
664.0   277.9694727543315
665.0   289.5382861043558
666.0   282.34174872418646
667.0   282.11987632242096
668.0   279.5757280217365
669.0   285.1703993578309
670.0   293.7269275013339
671.0   298.0134289399656
672.0   303.1104230434722
673.0   299.09750264644674
674.0   299.6859220282329
675.0   310.8051140479331
676.0   309.50485844249704
677.0   317.27632116772
678.0   321.75929769657927
679.0   329.4915526652569
680.0   339.09814691242394
681.0   345.7981596134359
682.0   348.1223308035846
683.0   358.1788440147227
684.0   361.9074699724554
685.0   370.97633334357994
686.0   376.8087425914481
687.0   384.0816741371368
688.0   388.20602569676305
689.0   398.346286568247
690.0   406.59619442097556
691.0   408.4700350592283
692.0   422.72308700867325
693.0   428.7554405680287
694.0   429.63277965644653
695.0   435.63198051741495
696.0   435.3495527361274
697.0   429.58808731244494
698.0   448.5116116599429
699.0   454.69634226719927
700.0   449.52394336812364
701.0   439.63430162575213
702.0   449.10378409138474
703.0   439.9850958749016
704.0   445.7060855086568
705.0   449.47189831869673
706.0   447.3181086523817
707.0   442.9302176881173
708.0   434.2194923179061
709.0   435.5464049062416
710.0   426.640772399145
711.0   417.2660670250802
712.0   416.524791219163
713.0   411.7932287267378
714.0   406.9232984424437
715.0   401.8921708838378
716.0   397.1909676276605
717.0   397.4856553664788
718.0   388.95357835552534
719.0   389.88975803579325
720.0   376.40878259904275
721.0   377.7223633389921
722.0   378.71065853364865
723.0   376.7278902373594
724.0   374.69104179058985
725.0   363.8031806142192
726.0   363.4341136509357
727.0   362.7511128632211
728.0   358.9518592598429
729.0   362.8421807508356
730.0   346.0547810564037
731.0   349.813788735898
732.0   355.227809268855
733.0   357.89126853721456
734.0   357.5053509577764
735.0   350.7489140558798
736.0   338.5923306037378
737.0   341.33477187898734
738.0   345.7741099586491
739.0   335.4096025386563
740.0   352.2741961861185
741.0   342.51017941379087
742.0   349.0805355310324
743.0   339.5089046816605
744.0   334.00424906955016
745.0   329.1298100567953
746.0   329.10717405558665
747.0   330.69217777083287
748.0   330.24693938891033
749.0   337.0982181108342
750.0   344.62716715248814
751.0   350.37413298858496
752.0   361.6451291471609
753.0   376.2280183198099
754.0   388.6933378991001
755.0   409.8420420173159
756.0   422.814914482307
757.0   437.1724703354994
758.0   461.6299580695447
759.0   468.7243067791353
760.0   485.1943801143295
761.0   502.00692472797584
762.0   519.2525409790526
763.0   540.8224232491368
764.0   547.576866562182
765.0   561.1159237674713
766.0   572.9776976561143
767.0   570.3402011402038
768.0   591.1672433703986
769.0   586.0675206319522
770.0   594.8717961631949
771.0   595.2853029315261
772.0   594.20472259793
773.0   579.7637712857396
774.0   587.3000683167372
775.0   575.4290414535516
776.0   574.3411883609393
777.0   578.2891476464279
778.0   573.0838435215152
779.0   556.7925573047435
780.0   558.0724568331016
781.0   543.334089720141
782.0   531.064430706851
783.0   521.3066748216163
784.0   511.002023520917
785.0   501.43037149404955
786.0   492.3884875256553
787.0   478.34695685048143
788.0   464.97961149517437
789.0   464.1439252707005
790.0   450.39601995291935
791.0   436.44668287280336
792.0   431.275743149823
793.0   421.12807876909073
794.0   406.14663993192823
795.0   397.9789714065475
796.0   390.220067587306
797.0   392.6252992768643
798.0   370.3227132877293
799.0   353.2450315436921
800.0   352.677281138507
