500.0   259.04810515804735
501.0   257.05065005840555
502.0   252.01655086394024
503.0   248.27692677803017
504.0   248.94403912100313
505.0   239.61010476412275
506.0   235.37609330437758
507.0   226.07572419280825
508.0   215.12814588792872
509.0   210.8742561103963
510.0   200.79432366109265
511.0   200.693196179023
512.0   198.13151371128075
513.0   194.53451616005978
514.0   181.85995893681323
515.0   184.22110937263722
516.0   187.14851644945384
517.0   187.78683285406012
518.0   180.9642732692338
519.0   185.07670996078974
520.0   175.13251712431588
521.0   179.24362256837657
522.0   186.88950928208362
523.0   183.94047087297193
524.0   181.65270516420972
525.0   189.49690236372163
526.0   195.17044113922623
527.0   206.58009620162196
528.0   209.145484445663
529.0   213.0465981177669
530.0   226.41915916055876
531.0   233.46685336056905
532.0   236.50362663517782
533.0   243.68510904448243
534.0   252.50518000824496
535.0   262.3544989495618
536.0   271.20539677268044
537.0   277.6866455019845
538.0   282.73276875570673
539.0   288.0380768449644
540.0   287.7754843616076
541.0   282.3662526102197
542.0   284.5664071304064
543.0   283.9104233721972
544.0   279.8787775461148
545.0   274.69030672547353
546.0   266.3519543880187
547.0   257.75885090922657
548.0   250.9950564799485
549.0   243.0701791986433
550.0   235.64281272916102
551.0   224.87049279163585
552.0   228.4869682679924
553.0   213.94386891462585
554.0   212.3418434698586
555.0   206.73911757156938
556.0   205.53252973432993
557.0   198.90583795136132
558.0   198.27330030336836
559.0   189.417402854408
560.0   193.80964012953953
561.0   190.92135615574122
562.0   182.39162715705277
563.0   184.92843411365732
564.0   193.4122212276055
565.0   189.00334227477572
566.0   197.6611957288592
567.0   197.0253590818221
568.0   196.49478204634954
569.0   205.44204858236284
570.0   211.1700669592317
571.0   214.19350800818734
572.0   210.9654812536675
573.0   217.62143496311643
574.0   221.95682309029291
575.0   230.31869429329535
576.0   235.95984077794262
577.0   242.3296801021312
578.0   248.37116426819804
579.0   252.5627103602581
580.0   261.4474380401623
581.0   268.23045842303645
582.0   272.8761698077168
583.0   281.90295579247527
584.0   282.0243856659319
585.0   288.40566261141595
586.0   294.5178456733124
587.0   292.5875720739001
588.0   293.21634938303407
589.0   297.3939751572725
590.0   293.5423468426677
591.0   292.7593567885433
592.0   283.99749649722355
593.0   286.6355443458506
594.0   281.1554487740426
595.0   271.49749142513275
596.0   269.47316302301954
597.0   261.9251829500429
598.0   258.6928755923211
599.0   251.7229645660246
600.0   245.10528416783822
601.0   242.59940668301917
602.0   230.71445315118675
603.0   238.46955707084504
604.0   230.355631938202
605.0   227.7998877224868
606.0   231.6888154910857
607.0   230.45630426821617
608.0   230.9337810671484
609.0   212.99351131832165
610.0   219.92230294753975
611.0   215.83946039020213
612.0   224.32027936074502
613.0   213.369559265914
614.0   203.16508149095338
615.0   207.88703400108648
616.0   211.04857322670424
617.0   217.01257634090987
618.0   207.65568847205148
619.0   215.04943559993418
620.0   216.71767523337982
621.0   227.81877096472505
622.0   225.1343553153624
623.0   236.68030295248823
624.0   241.99736996219815
625.0   246.5718588122063
626.0   257.6128742292286
627.0   264.9267905513045
628.0   272.543917113664
629.0   281.640748965497
630.0   290.07597211506084
631.0   294.82463472149044
632.0   299.3699168220187
633.0   307.0197723019454
634.0   313.0198275379051
635.0   321.5735519427269
636.0   328.2428362327955
637.0   330.6736114078395
638.0   329.6490179915854
639.0   338.6103072254251
640.0   340.27768362300765
641.0   344.44076667272816
642.0   344.2399816789091
643.0   341.3096680521789
644.0   339.1697818021761
645.0   338.075874453809
646.0   338.8855744917116
647.0   334.9649120560653
648.0   329.34392301479767
649.0   325.6478280975047
650.0   323.68806928713263
651.0   320.72183136708804
652.0   318.14867105668895
653.0   313.50368513695173
654.0   310.1289636327214
655.0   307.5761175688898
656.0   304.5279902251097
657.0   306.70386181596825
658.0   300.884027572253
659.0   304.40939766918774
660.0   300.79133409664263
661.0   300.17547065808816
662.0   300.2953113655434
663.0   299.8978388440842
664.0   304.19965420768114
665.0   313.78300095446485
666.0   304.4226157812368
667.0   304.12837656307704
668.0   301.077726145047
669.0   306.9917449308713
670.0   319.89264385456704
671.0   324.11396146308675
672.0   326.7421333470836
673.0   325.9888743710381
674.0   325.86435409542275
675.0   339.2263162803962
676.0   335.13631346921227
677.0   344.18272946869996
678.0   347.7761531894758
679.0   356.6479816022759
680.0   365.2179525053786
681.0   371.4139771700775
682.0   379.5977013533491
683.0   388.88253099314693
684.0   393.70439547341095
685.0   403.76031556128686
686.0   408.02308962970767
687.0   418.31952387720423
688.0   422.8274302182697
689.0   432.9067284456803
690.0   441.88556372933743
691.0   445.16109015173674
692.0   460.2023118045794
693.0   470.74961828498465
694.0   466.5799662509416
695.0   474.2546294433222
696.0   472.03909769622953
697.0   468.08113833106825
698.0   487.7247323447307
699.0   492.3371373581241
700.0   486.54706760871346
701.0   475.9052634289481
702.0   483.123696362118
703.0   481.32884206179176
704.0   491.512516030786
705.0   485.91192584091937
706.0   483.16176368055386
707.0   479.8443955633678
708.0   472.2679778435664
709.0   472.9310944651188
710.0   462.40239678156865
711.0   457.1752151490144
712.0   450.8271842525249
713.0   448.0518686394842
714.0   441.6922667440096
715.0   434.38366384904555
716.0   429.9877902474054
717.0   431.97041975245077
718.0   418.9371656353816
719.0   423.8136450546786
720.0   411.5346517117441
721.0   411.480521457463
722.0   413.6058063804135
723.0   408.44227918315977
724.0   408.56424426707025
725.0   399.59689438905775
726.0   397.3363596526424
727.0   391.75201760405116
728.0   389.7731321425887
729.0   395.2995325046703
730.0   375.3973407632219
731.0   381.2709079329293
732.0   390.21569544272006
733.0   390.4718467263538
734.0   390.30837761656016
735.0   381.24945941157125
736.0   368.3968081204453
737.0   371.99233857240677
738.0   374.65376380090913
739.0   368.6180863645009
740.0   384.40293139322944
741.0   373.5136323576219
742.0   379.4805631371913
743.0   371.5604023190821
744.0   365.9990537604658
745.0   359.0490196635039
746.0   359.16232761751263
747.0   361.50062843499785
748.0   358.06411508984326
749.0   363.02945711941106
750.0   373.08135368080264
751.0   381.1852709062965
752.0   392.4951746961533
753.0   407.90806846704965
754.0   423.01059609928603
755.0   442.98333309655965
756.0   459.7663888885703
757.0   476.77593175948755
758.0   503.14516473700905
759.0   507.1613996522775
760.0   526.3421926704928
761.0   547.7574561370174
762.0   565.9867974673339
763.0   588.2570969537742
764.0   596.9039880719333
765.0   613.2169370844824
766.0   624.1553514524908
767.0   624.040755909722
768.0   652.2524872942297
769.0   635.8557763523145
770.0   652.0824284778143
771.0   650.0335354847191
772.0   650.8024528204177
773.0   635.3635675376541
774.0   641.4906065738244
775.0   630.6476614458284
776.0   626.3097564682299
777.0   628.0166960044339
778.0   625.072893552522
779.0   609.2381433494309
780.0   607.3478897872434
781.0   592.3846640625297
782.0   583.3334037285213
783.0   571.2072618533097
784.0   558.7199625730213
785.0   547.2757921479804
786.0   533.2872858822193
787.0   526.0272896077956
788.0   510.40554778084504
789.0   505.3873305845585
790.0   493.1720714704037
791.0   475.91727233262503
792.0   468.9915493680466
793.0   456.0901942473414
794.0   443.2702476813612
795.0   433.9549531408407
796.0   427.11033768134297
797.0   430.548355898315
798.0   405.2703394558419
799.0   386.7821399123102
800.0   381.70473033865215
