500.0   251.1781142712312
501.0   252.42071753056894
502.0   247.02420346142193
503.0   239.7708520545111
504.0   240.27227925117865
505.0   231.9403232990113
506.0   227.98088397363185
507.0   222.13399717994645
508.0   211.51077688175712
509.0   203.10799209958094
510.0   195.40178992875522
511.0   194.92556196563436
512.0   194.04898149767357
513.0   188.62501031515947
514.0   176.82608223047785
515.0   177.43268709563563
516.0   181.2932146564484
517.0   182.5995285576639
518.0   177.45498902611575
519.0   180.42320511590754
520.0   171.69843810431638
521.0   177.10963037106995
522.0   181.055070485494
523.0   178.00274145625977
524.0   180.96382306823685
525.0   186.41471517232213
526.0   189.90938270408998
527.0   200.65568872140094
528.0   203.98805087937268
529.0   207.95590671124177
530.0   217.41213089357728
531.0   225.8026633390928
532.0   233.09683217685537
533.0   236.9174506140542
534.0   246.20535317723414
535.0   255.702245815622
536.0   265.84279315489175
537.0   270.826639649208
538.0   277.79231965540555
539.0   282.1240087053193
540.0   282.75524423899856
541.0   279.138132705001
542.0   279.741257299238
543.0   282.3728891250952
544.0   275.57208163601183
545.0   269.47934999302606
546.0   260.7190088498727
547.0   254.26274196136802
548.0   244.29006515894966
549.0   239.22798909945988
550.0   233.00376860369968
551.0   222.54892460575866
552.0   223.58812674818856
553.0   208.5564641624714
554.0   209.817722345572
555.0   203.54314899187906
556.0   201.33251621755542
557.0   194.45758018849102
558.0   195.04353252542094
559.0   185.25857206958284
560.0   188.3591912792481
561.0   189.87232968449277
562.0   180.52307507972017
563.0   183.00664211724023
564.0   187.69502887056015
565.0   183.0904856841562
566.0   197.3500081388747
567.0   192.80571320424065
568.0   191.74597349838257
569.0   203.49123111301938
570.0   208.5399558764239
571.0   210.54705088200586
572.0   206.36553676989794
573.0   213.20147937284065
574.0   219.10860186806207
575.0   225.29385159162834
576.0   232.4008013836715
577.0   236.80926939947852
578.0   241.86846468784935
579.0   251.95747542390797
580.0   254.78502104378805
581.0   261.83421262864306
582.0   271.0915956509607
583.0   278.8402904574518
584.0   275.70976924727665
585.0   283.63282702978415
586.0   288.5122942290816
587.0   285.52593857495606
588.0   287.05537210409886
589.0   291.5224605865176
590.0   289.6443464119155
591.0   288.8653620091304
592.0   279.8777846409931
593.0   282.9059748495605
594.0   276.65811506682235
595.0   267.91945399874425
596.0   265.4221980057486
597.0   257.17177552768965
598.0   253.96306688369253
599.0   249.75410316686254
600.0   239.85262448808405
601.0   239.17125698336625
602.0   230.62097957650096
603.0   236.01925537176857
604.0   224.50842202703546
605.0   224.14854652888647
606.0   229.24191969979248
607.0   226.72172374595112
608.0   223.11886275014223
609.0   210.38619092992653
610.0   215.86715437851288
611.0   212.305284004003
612.0   221.06739941936667
613.0   211.13444531683456
614.0   202.72011600292652
615.0   203.56436006303016
616.0   210.9679537695645
617.0   213.3626715756756
618.0   206.3849378377263
619.0   213.56037856479267
620.0   213.64191237335766
621.0   223.4984124096486
622.0   221.3304427083344
623.0   231.23356146991037
624.0   239.003109926563
625.0   241.5038665239049
626.0   251.5424986017006
627.0   261.49865969850197
628.0   267.9341223950652
629.0   276.1820603683175
630.0   284.12197674325205
631.0   289.3272855061509
632.0   296.8940222135865
633.0   302.9729770608516
634.0   305.5042694906835
635.0   317.7189484287936
636.0   324.43216844809115
637.0   324.7424862982853
638.0   324.8210408278783
639.0   332.83586297971897
640.0   334.50683807033283
641.0   336.2890827185611
642.0   336.46073042650244
643.0   336.95339621790555
644.0   335.40867235229246
645.0   331.87336861662914
646.0   334.16034478501797
647.0   329.6690786358061
648.0   323.2600635389518
649.0   319.57475365784245
650.0   319.2233084736259
651.0   315.93431931546013
652.0   311.8793545661367
653.0   308.80163122089937
654.0   303.07606083581976
655.0   300.3501110354099
656.0   300.9441791809777
657.0   301.8911828617197
658.0   294.24682669310437
659.0   295.77861821832187
660.0   294.15820945341346
661.0   292.1127579881374
662.0   293.61579230746554
663.0   294.57558335242226
664.0   294.91083534919164
665.0   306.69573264563854
666.0   298.4290129106404
667.0   300.58578107168694
668.0   296.20591009624275
669.0   302.36932914171973
670.0   310.24894917583356
671.0   316.7004741516214
672.0   321.9368889639262
673.0   318.27149574108
674.0   319.58054406815995
675.0   328.6555669882422
676.0   328.617501252368
677.0   338.11747077975434
678.0   342.04997130753105
679.0   353.25040386858313
680.0   361.2964580052365
681.0   365.48212306254743
682.0   374.1079514224734
683.0   379.69796832500697
684.0   387.760499993032
685.0   396.6259866375272
686.0   399.6795985856428
687.0   406.8144910359314
688.0   413.73725152300517
689.0   424.09542614737006
690.0   433.4281176545467
691.0   435.4955745601874
692.0   450.4385274912337
693.0   458.5093202658228
694.0   455.8842443648544
695.0   465.41676990808423
696.0   464.06697686640643
697.0   459.8650639185886
698.0   478.2562674421439
699.0   484.92212437104195
700.0   478.3558045687491
701.0   467.7822987819588
702.0   480.4587671302963
703.0   469.06255477477293
704.0   477.36239728088634
705.0   477.83667571776664
706.0   469.9871200546665
707.0   471.50764703342804
708.0   465.04467907841956
709.0   461.96782411688
710.0   453.74919072640546
711.0   445.2322098706258
712.0   443.6549142937699
713.0   438.3589628353664
714.0   432.8495692934493
715.0   427.3394209267781
716.0   425.8776731567393
717.0   426.3715747007319
718.0   411.6716128636223
719.0   415.65555273658293
720.0   402.86262399148154
721.0   404.0322503783506
722.0   404.49840807843333
723.0   400.96773901399325
724.0   401.2886518454972
725.0   391.65220072299985
726.0   387.38031968473854
727.0   390.5994808923923
728.0   384.89246224824467
729.0   386.54607982012635
730.0   369.4840637487396
731.0   372.78053199621536
732.0   383.57523660098377
733.0   380.84679586433737
734.0   380.98572403605
735.0   376.0397599008743
736.0   359.0923076163196
737.0   362.68399761693297
738.0   368.6807262933935
739.0   358.20260794830614
740.0   378.0504572398112
741.0   366.2043600080534
742.0   372.3322599877615
743.0   363.54030399302724
744.0   359.72911648446643
745.0   349.4311178446039
746.0   351.58693156895305
747.0   351.81448706084103
748.0   352.6034071330052
749.0   356.9326427080863
750.0   366.8001548129565
751.0   376.0839811575753
752.0   386.6660275841738
753.0   402.84615374306037
754.0   414.63729946797963
755.0   435.37417749307264
756.0   452.6439901055069
757.0   468.51355000641183
758.0   492.1463513697105
759.0   502.7955802197505
760.0   517.1591359192855
761.0   541.0974108865418
762.0   557.7562297792676
763.0   578.8043571288947
764.0   588.1743997644555
765.0   598.4123975521275
766.0   614.4286429669687
767.0   612.378315359785
768.0   639.6128236205204
769.0   628.2082377514675
770.0   638.6188986209486
771.0   640.7577830697742
772.0   636.888587153252
773.0   623.3655695688155
774.0   628.949003903992
775.0   617.6663080784078
776.0   616.132254682369
777.0   616.4372862860293
778.0   616.8308761119177
779.0   594.5122146155504
780.0   595.2947801787101
781.0   583.2607459897126
782.0   570.742896134564
783.0   560.368472271401
784.0   547.8612918570038
785.0   539.7087938030338
786.0   527.7456090618789
787.0   515.2710908923635
788.0   503.132230809132
789.0   498.4213462813167
790.0   481.62634750772907
791.0   467.5244988487356
792.0   460.69283428281716
793.0   449.98305498609614
794.0   435.7855306143525
795.0   426.68576810081805
796.0   419.1465578136187
797.0   421.86274454101476
798.0   399.6597521472277
799.0   379.8487255142604
800.0   377.921471197706
