500.0   272.89899964627074
501.0   272.3256259249824
502.0   267.1836755756982
503.0   261.2825942567465
504.0   259.4969871702415
505.0   251.42734918336527
506.0   246.1705950082917
507.0   237.97972496424455
508.0   227.86540129516948
509.0   220.40610568770217
510.0   211.66271992517264
511.0   209.94111146755438
512.0   209.70608830081946
513.0   202.4961397739115
514.0   191.6987415245159
515.0   190.70811326393255
516.0   196.9493402390488
517.0   201.0416021069381
518.0   192.3382607127794
519.0   197.89287154839644
520.0   184.12398807504167
521.0   192.2333285953316
522.0   200.66564668525592
523.0   194.62436769505692
524.0   194.30973945589912
525.0   202.69145812387194
526.0   207.67866193309015
527.0   216.77237637352997
528.0   221.54505075939363
529.0   228.10923114224704
530.0   238.75809257985208
531.0   247.28289593551276
532.0   254.04428095725498
533.0   260.9084433739783
534.0   269.8329841212159
535.0   275.936285455606
536.0   289.2657130411987
537.0   292.2768600710088
538.0   300.3679053425094
539.0   306.6476465151192
540.0   307.9474949811414
541.0   302.7175391424631
542.0   303.1435673914051
543.0   302.8763467353243
544.0   297.7929554248102
545.0   291.444260681673
546.0   282.4022667706916
547.0   275.4284875446169
548.0   267.51682087592656
549.0   260.3466582118035
550.0   252.75284539173148
551.0   241.57653472597207
552.0   242.50059128798037
553.0   228.30665090265683
554.0   227.5302292949965
555.0   220.26831265132617
556.0   219.94753960054388
557.0   209.92540784973852
558.0   214.2847433956501
559.0   203.72250138689202
560.0   205.72861277142064
561.0   206.5063685295476
562.0   195.38769695781014
563.0   196.34256010408808
564.0   205.71416892559344
565.0   201.62132701792802
566.0   212.99370173595227
567.0   213.25453454430817
568.0   208.54792087971515
569.0   223.2464443347172
570.0   224.4942023162115
571.0   227.45332454273563
572.0   224.0376769269515
573.0   230.50948509423444
574.0   238.3502078757836
575.0   248.19562859237985
576.0   248.8156806794344
577.0   259.8891696486998
578.0   264.39607393715573
579.0   273.4641563594924
580.0   281.02279498077826
581.0   284.05527494366754
582.0   292.1422881543044
583.0   298.9194099901699
584.0   300.26725024798856
585.0   308.9856821778377
586.0   315.37093405611495
587.0   311.971197548498
588.0   311.0589895705331
589.0   321.1492702710199
590.0   311.3116340090649
591.0   316.58529457217253
592.0   304.2786973764456
593.0   308.4968609737946
594.0   299.9480015260442
595.0   294.5140241631355
596.0   290.70179056456556
597.0   278.6249830734249
598.0   277.4033832729681
599.0   270.52292347953005
600.0   261.6704621227775
601.0   258.72626972790385
602.0   248.8107473374296
603.0   256.3302240673016
604.0   247.3610184515265
605.0   246.71235504183613
606.0   249.13041044879057
607.0   247.60582457047076
608.0   243.41578422108387
609.0   229.81161358138237
610.0   236.61922088115134
611.0   234.18008601768804
612.0   237.80949347404936
613.0   231.24236899563374
614.0   219.77756074990955
615.0   221.43783087599047
616.0   227.87071053519074
617.0   232.86974366150096
618.0   226.593995272149
619.0   230.89707235939156
620.0   232.4155097317046
621.0   245.79796773433054
622.0   242.923629738651
623.0   252.65085173410645
624.0   262.6020200790818
625.0   263.55138676275595
626.0   276.35517401504796
627.0   286.47212238710694
628.0   292.6225005336361
629.0   303.7066757878638
630.0   309.33021104196473
631.0   316.74415190728365
632.0   326.1082503607196
633.0   331.9829956313994
634.0   333.6779116554937
635.0   344.48443971619463
636.0   355.89608087937063
637.0   355.7974016622565
638.0   353.82125070005463
639.0   365.5980762715301
640.0   365.3036502789969
641.0   368.7344262830129
642.0   370.34825735337506
643.0   367.3490775717967
644.0   362.897631286355
645.0   362.7334521462167
646.0   364.2806738521987
647.0   358.88974494701273
648.0   356.7896745205947
649.0   350.19496514150154
650.0   351.6646981916083
651.0   347.2801953487477
652.0   344.7937011133449
653.0   338.59589537143825
654.0   337.00890702564226
655.0   331.9565842334978
656.0   333.76959383472143
657.0   329.74742022957685
658.0   323.00589143582056
659.0   326.6927034030147
660.0   323.6799868966657
661.0   323.49000345718656
662.0   322.59512627940416
663.0   322.6454314165142
664.0   326.91716199495437
665.0   337.63240593943357
666.0   328.08435915239954
667.0   329.6637607785293
668.0   326.7137500343369
669.0   330.67663738243266
670.0   346.0412692069631
671.0   345.67153588232475
672.0   355.42018345229803
673.0   347.1337122743087
674.0   350.62683053787714
675.0   363.40998074209733
676.0   362.96021174995394
677.0   371.8975095363581
678.0   377.20414049554944
679.0   385.5505506755701
680.0   394.8006640387087
681.0   399.1921309568917
682.0   408.92470688134046
683.0   417.7394971037136
684.0   424.65061299049194
685.0   434.35727465108374
686.0   442.05138431758894
687.0   450.2413149533388
688.0   455.9945545643684
689.0   468.3199590195792
690.0   480.0221237146441
691.0   481.0012847836181
692.0   494.9590618594251
693.0   504.2687589210643
694.0   502.3723198365473
695.0   516.6028575060093
696.0   512.187369645814
697.0   506.80298239480067
698.0   525.9273334934463
699.0   532.6689778161422
700.0   526.6608016244895
701.0   517.9354324034741
702.0   527.1760424213619
703.0   519.9667758137592
704.0   525.2562783591245
705.0   527.1913744285662
706.0   522.4985441732572
707.0   518.1319137873845
708.0   512.5056548406608
709.0   508.9942204058924
710.0   501.1234554281202
711.0   493.64558877106714
712.0   488.00681651830604
713.0   480.704742092544
714.0   477.1253083512078
715.0   470.917032245094
716.0   463.93542833466074
717.0   471.0986312315905
718.0   452.182314162863
719.0   460.44135148493996
720.0   443.79880643119736
721.0   447.1904132571628
722.0   447.8131152712003
723.0   443.0393923238177
724.0   440.4141567042562
725.0   429.02558454842176
726.0   431.2257857942784
727.0   426.90403379693817
728.0   420.60839925898165
729.0   427.6004628330784
730.0   405.6383171229288
731.0   411.65129114477736
732.0   422.89182461596556
733.0   419.5769206991503
734.0   418.57033732870536
735.0   415.05136162351585
736.0   394.262464157035
737.0   400.96741453786865
738.0   404.6183081599238
739.0   396.6539117518128
740.0   418.73961416855514
741.0   407.8443549726992
742.0   410.92835163755694
743.0   402.3863513838795
744.0   396.0454792515999
745.0   387.11858104807646
746.0   386.0427764127251
747.0   390.01607174225495
748.0   388.48925580333054
749.0   394.27197604841217
750.0   403.77641709060447
751.0   414.40356378403317
752.0   426.1136596627948
753.0   442.28149599672196
754.0   458.95455745515534
755.0   478.8758554902467
756.0   502.28449715834176
757.0   519.6610191760809
758.0   546.5785954469955
759.0   558.3780912297324
760.0   573.4767737139637
761.0   593.5208854040527
762.0   616.2047184146837
763.0   638.4014241744692
764.0   647.3846917374294
765.0   661.3622480312558
766.0   677.3636803691059
767.0   676.9721265892024
768.0   705.3336157882816
769.0   694.6249977778259
770.0   706.3331258897756
771.0   704.1480066153053
772.0   704.8141386643805
773.0   687.0709471055283
774.0   695.4074068083571
775.0   682.0950656096397
776.0   679.5779696485748
777.0   685.4773590368613
778.0   681.227816043028
779.0   659.7927352026209
780.0   657.3562429822091
781.0   644.0497480815113
782.0   630.3575357908965
783.0   619.7470069820656
784.0   608.1445983911544
785.0   592.7999275747407
786.0   582.0685443216776
787.0   567.8808597204751
788.0   553.8188309351092
789.0   547.2323306849911
790.0   534.2735067012683
791.0   515.8168906594738
792.0   509.7726865089117
793.0   497.25657665243
794.0   484.0518494946987
795.0   470.9636414913477
796.0   462.0971475137622
797.0   462.7265872255309
798.0   442.27007079386834
799.0   422.3292470686598
800.0   416.17560981282685
