500.0   279.5912298001927
501.0   280.89356635037535
502.0   275.0189290654441
503.0   268.8978706376847
504.0   268.77435749110714
505.0   257.89118296814183
506.0   254.21073719776675
507.0   246.04729196901576
508.0   232.81366714665842
509.0   225.4095428847014
510.0   218.56586519548418
511.0   216.4213768763339
512.0   214.55594940525688
513.0   209.7994931406283
514.0   196.16706756795807
515.0   198.38949710895923
516.0   200.96762822872347
517.0   205.90632451044897
518.0   196.20326744365326
519.0   201.2034206646071
520.0   189.07180997319972
521.0   195.9622977541443
522.0   202.56664607484703
523.0   200.47472841933708
524.0   199.16687690186924
525.0   206.72568856070734
526.0   210.73645271509105
527.0   220.10131618343726
528.0   227.90999497745486
529.0   232.51534363276073
530.0   245.1298581641501
531.0   253.10823038735813
532.0   258.2246336496271
533.0   263.7616142315851
534.0   274.5841413491733
535.0   283.80181571538463
536.0   295.2567132210814
537.0   302.18043948327556
538.0   308.4861823676333
539.0   313.17936919243635
540.0   315.570176933266
541.0   309.1539200729435
542.0   311.91857772830633
543.0   311.9163843172786
544.0   308.7964456974949
545.0   301.1710536676991
546.0   289.7777537793002
547.0   283.0921104928175
548.0   276.19484963135073
549.0   264.9804101692991
550.0   260.1127218695084
551.0   245.64300334997796
552.0   249.08384962832307
553.0   236.94849131179586
554.0   235.29526791715688
555.0   226.70963193363204
556.0   224.47843738091134
557.0   214.87695624193947
558.0   217.55527078261386
559.0   208.7950808008498
560.0   212.6197253335043
561.0   212.30854149676915
562.0   200.47403353720472
563.0   203.2125131085968
564.0   211.74751526746488
565.0   208.56887757421708
566.0   220.92696102656967
567.0   217.7208067226079
568.0   216.49723401510238
569.0   226.71435824914838
570.0   232.81138137673435
571.0   234.73717581883017
572.0   233.29439013299296
573.0   239.81068405859048
574.0   246.65698903283618
575.0   257.5204879302953
576.0   258.3649211664234
577.0   268.05000533994564
578.0   273.00816161411933
579.0   279.8633422587752
580.0   289.08277279779753
581.0   293.3497960787537
582.0   299.96594906516987
583.0   310.5677073018862
584.0   310.8523309129318
585.0   317.25783422402236
586.0   324.81351681209856
587.0   321.84067267455794
588.0   321.44306515594053
589.0   329.19484856356587
590.0   324.0702628740451
591.0   324.1341944602028
592.0   313.9357090294578
593.0   316.63937371402255
594.0   311.09992054007625
595.0   300.1382715420636
596.0   297.68522929424284
597.0   288.15157879531705
598.0   284.7494656433627
599.0   279.1063572264199
600.0   271.0799707625624
601.0   270.2636261911923
602.0   255.44796155557114
603.0   265.06564992408676
604.0   251.28568336162357
605.0   251.60987544690425
606.0   255.22781983939004
607.0   253.51674147162123
608.0   250.6635280667915
609.0   238.97396353922042
610.0   242.80831156143572
611.0   239.2270811604139
612.0   246.6149230002123
613.0   236.68991954359336
614.0   225.8135707405327
615.0   229.29165319874926
616.0   234.25582598316848
617.0   238.9596766241738
618.0   232.8966571651139
619.0   239.37599947359362
620.0   239.97418955024298
621.0   252.30325411655986
622.0   247.62940974430794
623.0   260.5771440637727
624.0   268.0282460732015
625.0   273.43111853881237
626.0   287.40024582460467
627.0   294.5396111806128
628.0   302.1531760081602
629.0   310.71078240097154
630.0   318.20219568614755
631.0   325.62167219729923
632.0   335.2525946159559
633.0   341.58959087889207
634.0   347.1418342727655
635.0   358.1484121716203
636.0   361.81776740460066
637.0   367.31579229481366
638.0   365.72466006494597
639.0   375.7594537373709
640.0   377.06262581685155
641.0   378.99705210141235
642.0   379.177068216404
643.0   375.7028661304119
644.0   376.5142394580182
645.0   373.98655339156346
646.0   378.72680208343536
647.0   370.80590353653287
648.0   364.666153716186
649.0   361.873640088168
650.0   360.24471898193985
651.0   359.2609002518707
652.0   352.518951950223
653.0   348.40921000480387
654.0   346.2145120298051
655.0   340.863325215573
656.0   339.8871544520442
657.0   340.7235740198728
658.0   332.65781554730836
659.0   334.7428694479441
660.0   332.65535738481117
661.0   331.6630226469504
662.0   333.511746482727
663.0   331.3440209309776
664.0   336.75570760497675
665.0   346.66329913717817
666.0   337.60802952336223
667.0   339.29106468145187
668.0   335.5070803522697
669.0   338.7209229622375
670.0   351.9269420101032
671.0   359.2252321174486
672.0   363.7798340021817
673.0   362.0520106166717
674.0   361.30608011826655
675.0   373.32005113349646
676.0   371.3286699813208
677.0   384.0525276015973
678.0   387.9507386238285
679.0   396.53952643389584
680.0   407.9999773648071
681.0   412.5037262654199
682.0   420.215812413263
683.0   429.3443180872389
684.0   437.46210965469027
685.0   449.54063643668593
686.0   456.34259245939177
687.0   462.54772562057815
688.0   468.19702191627823
689.0   479.34605807743856
690.0   492.94576481711925
691.0   497.2627706991991
692.0   510.770621751318
693.0   521.0641629454447
694.0   516.6864210407055
695.0   530.8055862668524
696.0   525.0711594978384
697.0   521.4397947253035
698.0   545.1822647650796
699.0   547.4403282695839
700.0   544.4772645987637
701.0   528.2514459773097
702.0   541.8240742046571
703.0   529.7777735303061
704.0   542.8208406081869
705.0   542.4463965820917
706.0   536.5687738068052
707.0   533.2193168796232
708.0   529.1851889608121
709.0   523.213467105959
710.0   514.5531886532835
711.0   506.67808149559943
712.0   503.31204457137625
713.0   496.7950152151805
714.0   492.3653259334364
715.0   485.6715727048761
716.0   483.44907997031373
717.0   482.8203018948061
718.0   468.8457815704759
719.0   473.9223015381627
720.0   458.5735087648279
721.0   458.355422862849
722.0   459.7558569948072
723.0   453.5930732004479
724.0   454.5733243963943
725.0   445.17795068498503
726.0   438.66560234342
727.0   440.40124597078943
728.0   434.43486241558094
729.0   441.29152735627713
730.0   413.8513574233351
731.0   421.4177349525495
732.0   433.0781579512893
733.0   431.7712803165536
734.0   432.82120343186693
735.0   426.2333823940327
736.0   407.48967375835474
737.0   412.5059588933407
738.0   418.29262490162705
739.0   407.2813711511339
740.0   428.45134463154125
741.0   416.2427024515134
742.0   422.78243522856394
743.0   412.41797185429414
744.0   408.55295941856707
745.0   400.4189411823358
746.0   397.613645798881
747.0   400.2826068456537
748.0   399.4344878693435
749.0   406.12070861758
750.0   414.9869302796784
751.0   425.84434894629067
752.0   438.31335844138346
753.0   454.1853451937041
754.0   470.25560211444036
755.0   495.83678870611
756.0   515.1891263114525
757.0   533.1630709498412
758.0   566.0525836242373
759.0   572.6019260720267
760.0   588.8807235949166
761.0   614.9462784950812
762.0   632.7943826920379
763.0   659.0310139534822
764.0   667.7694424418503
765.0   681.4450221841546
766.0   699.1825081333147
767.0   699.0945331589537
768.0   727.4871281996411
769.0   713.2978449636206
770.0   729.6306593897743
771.0   726.7316382416266
772.0   723.9595357597157
773.0   708.5695057717182
774.0   721.1707509188859
775.0   702.0723640177832
776.0   703.1596055416205
777.0   705.875142142591
778.0   703.7007532918726
779.0   678.8655625293811
780.0   679.2765489712929
781.0   664.7114848962906
782.0   654.5819609365293
783.0   633.3868204802607
784.0   626.0855403124433
785.0   609.8210201161455
786.0   599.7001048698162
787.0   588.7136645753609
788.0   571.9013254768828
789.0   565.5517781175499
790.0   549.7344495681542
791.0   532.0011500541148
792.0   526.3510904025143
793.0   512.122795962082
794.0   497.0601002328614
795.0   487.6652421664389
796.0   479.85936395082484
797.0   479.2678866600496
798.0   453.63412100338115
799.0   431.7436984270497
800.0   426.98966881398377
