500.0   294.71706366316164
501.0   295.0758835108294
502.0   291.88121479370693
503.0   285.7055663280853
504.0   282.1825695341098
505.0   273.59975562045537
506.0   268.192914404082
507.0   260.59783259076386
508.0   247.60096437781345
509.0   242.04483789804164
510.0   233.23136342219502
511.0   230.66196979235968
512.0   228.41360409810872
513.0   221.49991421146612
514.0   210.23180300935067
515.0   210.54956108229925
516.0   214.76711734225387
517.0   216.18031040581664
518.0   208.5720080902069
519.0   214.9314969434006
520.0   203.48333835877912
521.0   208.5851744779232
522.0   216.48394374450163
523.0   212.21052887641306
524.0   214.17493747992464
525.0   221.92505530557332
526.0   225.3161952484474
527.0   235.14224586439443
528.0   240.64287551543282
529.0   247.72082719066043
530.0   259.7123036220789
531.0   269.2888857729496
532.0   277.6353504599091
533.0   281.1411740381109
534.0   294.09908010098064
535.0   303.07172203639396
536.0   315.46660494735517
537.0   321.59159082063655
538.0   328.66300131872686
539.0   335.24050734318774
540.0   335.79407849350605
541.0   332.7269159916831
542.0   329.62336044772286
543.0   332.97178440624896
544.0   325.45915186536627
545.0   319.44464772693186
546.0   311.02680879723346
547.0   300.26535505479796
548.0   290.90485874811975
549.0   283.17934665867887
550.0   276.2104320250759
551.0   265.64584812265076
552.0   265.67335972692103
553.0   248.69618753485327
554.0   248.4179728051722
555.0   240.66932782209054
556.0   237.41890551277194
557.0   232.1858455801729
558.0   233.30413135796138
559.0   222.69009788681012
560.0   225.78314885793637
561.0   224.50086278100807
562.0   214.5177706682274
563.0   215.42703074777955
564.0   223.67666379895675
565.0   219.65036293311198
566.0   235.3151563146889
567.0   228.12840691421388
568.0   230.04621758639053
569.0   242.69091164849007
570.0   247.57226601807525
571.0   248.60141779730134
572.0   245.45567364313192
573.0   253.96853907724017
574.0   260.80568673656563
575.0   273.8694197310914
576.0   275.09485046328484
577.0   285.78036042065736
578.0   291.7758197664914
579.0   298.05177807533113
580.0   308.28189348807894
581.0   313.69047081507836
582.0   323.30940706847616
583.0   328.5739467775356
584.0   329.74320838168177
585.0   339.45176935219536
586.0   345.31611719149544
587.0   343.0036053479189
588.0   345.9687414503419
589.0   350.50809075626864
590.0   344.54080569215995
591.0   346.4527579985005
592.0   335.94980566548793
593.0   339.88704148740646
594.0   327.4951193271768
595.0   322.38979256357806
596.0   314.9857887351181
597.0   305.3767888805064
598.0   303.7146529945795
599.0   297.90321115184787
600.0   288.8738683702071
601.0   285.574645720509
602.0   275.5889769738318
603.0   280.9827632398786
604.0   269.8260253573095
605.0   269.2664829535485
606.0   272.21696946127463
607.0   272.55221211394394
608.0   271.22726891355217
609.0   252.73662005600713
610.0   261.7502758024342
611.0   255.24289665848454
612.0   263.8622442363302
613.0   250.35252959162398
614.0   243.76735791277653
615.0   243.63492786564262
616.0   248.79253886035744
617.0   256.76812097708853
618.0   250.50047953450112
619.0   255.9882262925391
620.0   257.7783345213952
621.0   269.5869880798034
622.0   264.88864915827594
623.0   280.2956334605341
624.0   287.25465414891676
625.0   291.1113576583341
626.0   304.7581951062157
627.0   314.0845934891879
628.0   320.85026204416664
629.0   331.52431460273874
630.0   342.5107480075402
631.0   347.89469180042425
632.0   358.10902388717125
633.0   366.9855399534042
634.0   370.639734115037
635.0   378.68030050181017
636.0   389.1197838863113
637.0   391.83177524359536
638.0   389.00410443995156
639.0   403.3399318865572
640.0   405.32907764410163
641.0   405.88525446328447
642.0   405.9818663252894
643.0   405.9461295303549
644.0   403.5560711855054
645.0   402.1028103260546
646.0   405.43134831077145
647.0   398.45674402390347
648.0   391.81411003397835
649.0   387.5080048709223
650.0   387.77618965652425
651.0   381.87956524857816
652.0   377.36628575120903
653.0   371.548099591192
654.0   369.46005827776656
655.0   364.9837973131521
656.0   364.74442229504467
657.0   363.17984831422837
658.0   356.2028820960227
659.0   359.0906922690138
660.0   361.1288116589459
661.0   356.02765048588236
662.0   358.50069021581436
663.0   356.3154070269209
664.0   360.956968876385
665.0   374.89566463098464
666.0   362.79549969972186
667.0   362.1175118764281
668.0   359.3348001876855
669.0   365.384783791226
670.0   377.04361073611983
671.0   385.32199885954617
672.0   390.5199172842897
673.0   388.5465103799067
674.0   388.4016986155817
675.0   401.2485386850111
676.0   401.21538247923604
677.0   412.630738118843
678.0   416.8252511309053
679.0   428.3085894794151
680.0   439.9903512574604
681.0   444.8001637222627
682.0   454.46244379865317
683.0   460.6100361106869
684.0   473.00631141458734
685.0   484.68076361780237
686.0   493.1047499502828
687.0   498.63659433071587
688.0   506.4181097060854
689.0   518.0138851131862
690.0   529.5577178737719
691.0   531.8508042001822
692.0   551.9298951313831
693.0   558.901773657475
694.0   557.7968841013653
695.0   566.2823987662634
696.0   567.1023952296047
697.0   561.0947927375188
698.0   586.3298152774622
699.0   588.0818361223155
700.0   583.720566788432
701.0   570.4531353083839
702.0   584.3238579687197
703.0   576.6388550082679
704.0   584.192607238999
705.0   582.5482764400446
706.0   579.5279443181787
707.0   575.5407453182049
708.0   567.5437598466038
709.0   565.9656165182391
710.0   556.4653972381867
711.0   545.2546577912799
712.0   543.5112868498236
713.0   536.2207635854945
714.0   530.8759820457667
715.0   522.8330513239091
716.0   517.7265096396426
717.0   521.3639980675463
718.0   505.10340235734395
719.0   514.1053905207993
720.0   492.7184102883907
721.0   493.2318869865482
722.0   498.47423784089034
723.0   492.80256476540586
724.0   494.2829860617226
725.0   477.39564858078734
726.0   475.0314677811632
727.0   472.3519850161483
728.0   469.93030296885524
729.0   472.67454829983933
730.0   449.2325749260235
731.0   454.63052752480587
732.0   467.4365524652583
733.0   465.5572749320327
734.0   463.77066382800865
735.0   460.57281505324966
736.0   441.43083978781095
737.0   444.0938845547005
738.0   450.91496935687314
739.0   441.8411763364824
740.0   463.2995065276699
741.0   447.9624516962499
742.0   457.2136716910253
743.0   441.8893118825456
744.0   441.256447304163
745.0   430.0499713935929
746.0   429.1803482496222
747.0   433.0153496562952
748.0   431.0516986926593
749.0   437.80284406849194
750.0   449.2912962087174
751.0   460.39840626871444
752.0   474.39191648444717
753.0   489.93569363804573
754.0   507.79714987985693
755.0   535.6314841609758
756.0   557.1912193555571
757.0   572.7528599640153
758.0   604.8872663958714
759.0   612.946954118344
760.0   635.2202850413187
761.0   661.0567841625741
762.0   683.8255116933301
763.0   705.4109562435442
764.0   723.9981431142014
765.0   737.9762400844572
766.0   754.76306365593
767.0   752.6572100260157
768.0   787.7246305324541
769.0   772.926104046268
770.0   788.5473325036321
771.0   785.8782140807282
772.0   785.8848742031545
773.0   769.7316616325339
774.0   775.8374240322789
775.0   762.6083705944554
776.0   757.4902267753231
777.0   762.9674689022573
778.0   760.6980084339981
779.0   735.097113930643
780.0   733.8442716544814
781.0   721.7404117249457
782.0   705.2818418394859
783.0   691.2743440217761
784.0   675.990340969252
785.0   659.7204707605224
786.0   648.8720184670981
787.0   632.4351049611473
788.0   619.9704692007855
789.0   609.6688905178677
790.0   596.6011022638464
791.0   575.6420377017507
792.0   567.5987846702897
793.0   553.4655158440735
794.0   536.7610811770282
795.0   521.5668774793446
796.0   516.1257187412791
797.0   519.8362830914486
798.0   490.33447627607455
799.0   471.0594592402914
800.0   463.40647917096413
