500.0   299.26394937851927
501.0   299.20311813271496
502.0   295.27100750080103
503.0   285.451069219174
504.0   286.5276053394573
505.0   277.19875005960085
506.0   273.3286595162384
507.0   263.4691302985249
508.0   252.84312499275478
509.0   244.42098642340682
510.0   234.57578192614423
511.0   231.75196451919783
512.0   231.65581584785835
513.0   227.23942087606778
514.0   211.37769958711615
515.0   213.37126848395212
516.0   217.36065434395897
517.0   219.61948230790532
518.0   212.69316624902052
519.0   216.14550552945616
520.0   205.3271458452217
521.0   209.5710461802522
522.0   219.18467346873297
523.0   214.8353707876188
524.0   216.4212233820248
525.0   224.65977358852666
526.0   226.72607025526196
527.0   239.27818346571505
528.0   247.13880933581288
529.0   251.52229980412784
530.0   263.79852568163625
531.0   272.7905327494652
532.0   277.88688439659404
533.0   288.05922833193455
534.0   296.65661776434047
535.0   307.87134984022157
536.0   318.0065882440819
537.0   326.1853082042838
538.0   334.5006758962917
539.0   340.72664176867005
540.0   340.4882895797749
541.0   336.38018215908494
542.0   334.7268928154421
543.0   337.37497022300533
544.0   332.75246586498815
545.0   325.7760354879688
546.0   313.0624723725593
547.0   304.6252493212743
548.0   296.9594598829058
549.0   288.2779502643225
550.0   279.24015919657404
551.0   268.82146375080964
552.0   271.00022808162987
553.0   255.23284079399042
554.0   252.47736574152475
555.0   245.39806176153783
556.0   241.810635761645
557.0   233.84708213574737
558.0   235.63419281692106
559.0   226.41828574358925
560.0   230.34268781139886
561.0   229.81045607693514
562.0   216.80596876595058
563.0   219.41390324991391
564.0   229.6275142968797
565.0   225.32193828678686
566.0   240.23965651378907
567.0   236.1832340628821
568.0   232.24571324692585
569.0   245.290468657726
570.0   252.15526031639592
571.0   252.72378860574202
572.0   249.4834342954122
573.0   256.45539940492034
574.0   264.36839573314984
575.0   277.90172774158975
576.0   280.1337804484648
577.0   290.993464479725
578.0   296.97630020161637
579.0   300.8994468016244
580.0   311.94198498777297
581.0   318.1558824129662
582.0   325.2759691445192
583.0   335.736454397144
584.0   337.9062125960739
585.0   340.64685285939197
586.0   351.07454393267074
587.0   348.4665171765016
588.0   348.34756098207197
589.0   355.0806741855133
590.0   349.7356691643734
591.0   351.3330035436928
592.0   339.1796035327077
593.0   341.7152845075823
594.0   336.8260923913497
595.0   326.546662040659
596.0   322.98225247596196
597.0   310.198800188189
598.0   308.2041819066894
599.0   302.70238174002924
600.0   295.48865220260143
601.0   289.47223705057036
602.0   278.3487236254955
603.0   286.30848426495595
604.0   274.7062401213274
605.0   272.84422527056296
606.0   277.7621817299279
607.0   275.2561304109105
608.0   271.42844783789224
609.0   257.1382599011031
610.0   264.7320517398539
611.0   257.77544678928484
612.0   271.1375329112622
613.0   257.1136806913187
614.0   245.75699048727265
615.0   249.46589241252508
616.0   254.43218982332488
617.0   260.1918549358031
618.0   251.9770368295381
619.0   257.2308917717446
620.0   257.64725818793386
621.0   274.8582744911258
622.0   271.36502081891206
623.0   282.8790148725893
624.0   291.42230376859976
625.0   295.70690274117635
626.0   309.259391593558
627.0   319.19670459142907
628.0   327.79081231274944
629.0   338.3294688938024
630.0   343.30175884159655
631.0   354.3443397658919
632.0   361.7348908831841
633.0   369.1398108683793
634.0   374.06032973534485
635.0   388.27812979083774
636.0   393.6074496957433
637.0   395.85855433330966
638.0   395.51303542667404
639.0   408.9813872663939
640.0   409.78374555213566
641.0   413.8435482021614
642.0   412.34065954841014
643.0   410.9363416220487
644.0   407.6034527962805
645.0   404.74326001006045
646.0   409.1992747615043
647.0   404.81433748983426
648.0   398.31533688381734
649.0   391.3191313587054
650.0   390.1365618963831
651.0   386.2446495177692
652.0   380.5296264936885
653.0   378.8959728760219
654.0   373.86870146637835
655.0   368.9891037592854
656.0   370.27018798384046
657.0   367.403524161056
658.0   359.7711607782179
659.0   364.72785090144276
660.0   364.7074674305236
661.0   359.2152988191238
662.0   362.50541658968956
663.0   361.7978004739719
664.0   364.45454690275443
665.0   377.5182278949697
666.0   364.77915897919604
667.0   367.0744853690437
668.0   361.879116079825
669.0   368.0538461200482
670.0   384.30555526085914
671.0   390.22554780725136
672.0   395.41484059124014
673.0   389.40830594248933
674.0   391.98587226128154
675.0   402.645768530257
676.0   403.8375047175251
677.0   415.8771619058878
678.0   420.8673368351967
679.0   431.87322469723256
680.0   442.1099699601603
681.0   449.45232125415976
682.0   456.5176305286622
683.0   469.7398610258631
684.0   471.86019811222843
685.0   486.1913757778729
686.0   496.1995774325105
687.0   503.7444003721041
688.0   507.7950506307286
689.0   520.9404553125877
690.0   535.9639278965265
691.0   538.8588625401289
692.0   555.8752350576315
693.0   563.3682589621193
694.0   566.2647341712889
695.0   575.546964307308
696.0   571.3590315544853
697.0   565.2182798468125
698.0   591.7957759277393
699.0   593.2387141905135
700.0   589.5914627537202
701.0   574.8789216607072
702.0   587.0006782327148
703.0   578.6113877648673
704.0   588.5851911274608
705.0   588.9002913275456
706.0   580.2551224594592
707.0   581.078880545134
708.0   572.5524414804156
709.0   570.9017904706162
710.0   561.9303761329733
711.0   550.077305517671
712.0   547.7040782912934
713.0   541.2470460383306
714.0   535.8917098273707
715.0   528.9577167440686
716.0   522.0765579680958
717.0   525.2822125689778
718.0   506.5238077751858
719.0   517.8888636363279
720.0   499.3583932764552
721.0   498.06576921049117
722.0   498.1332119580099
723.0   494.4002440956345
724.0   496.8011110044711
725.0   481.9423753689863
726.0   478.21226060734773
727.0   479.6087853043439
728.0   472.4441334080868
729.0   480.8073836664173
730.0   452.67534247327376
731.0   458.83461034095194
732.0   470.49648719204356
733.0   473.4326827761062
734.0   468.3397246166214
735.0   464.8675456432758
736.0   443.08692169956277
737.0   448.81715435154956
738.0   454.5329965642467
739.0   444.0933123078026
740.0   463.88939621854877
741.0   452.93528847598316
742.0   460.1704892854591
743.0   449.1235507530291
744.0   445.9853557402479
745.0   433.6147877622795
746.0   431.6613342808177
747.0   435.2233913754414
748.0   431.4929133472737
749.0   440.1439650475023
750.0   453.88590975668023
751.0   462.29459928976814
752.0   476.3777309415859
753.0   494.7967374678173
754.0   512.482533019137
755.0   538.8040970686666
756.0   561.5301551031084
757.0   577.9726330255206
758.0   609.9562676216426
759.0   619.2088431657016
760.0   640.6844038518
761.0   670.7454865304574
762.0   690.86204215174
763.0   716.1342363194469
764.0   729.9929505937625
765.0   740.8641318477682
766.0   760.3785894512007
767.0   760.4321263616772
768.0   790.441353455002
769.0   776.7606658675368
770.0   793.4129975743945
771.0   791.8737490590017
772.0   793.6187607582248
773.0   770.3849698479254
774.0   783.2203171872736
775.0   768.5380165772223
776.0   769.2592636100185
777.0   771.2859854128432
778.0   764.0181252065225
779.0   741.3894889365622
780.0   740.9755782785379
781.0   724.609329067441
782.0   709.2816147002317
783.0   693.916116314995
784.0   681.8546150442364
785.0   666.0487070230579
786.0   655.1483083493615
787.0   638.5585253820038
788.0   619.9622601589999
789.0   615.6117892435564
790.0   601.4135003306375
791.0   581.6689114930566
792.0   571.7279744162859
793.0   559.5568617763686
794.0   541.6907433807515
795.0   530.8930938361223
796.0   520.4220518918905
797.0   522.0985634002705
798.0   493.9676166834385
799.0   467.76874763636124
800.0   469.2728733425625
