500.0   313.90850005611645
501.0   313.1122198446396
502.0   309.1514127589944
503.0   301.2441937881433
504.0   300.9284516086329
505.0   286.6225064431957
506.0   286.17681151837814
507.0   272.8401380626012
508.0   264.44255180321056
509.0   255.10843066963275
510.0   246.66573075388945
511.0   242.6113556534924
512.0   241.75307710102217
513.0   235.04831854290117
514.0   221.8811858058394
515.0   223.46862332997847
516.0   226.37497252918
517.0   230.4506631490465
518.0   221.50261568255445
519.0   227.2839979458193
520.0   216.11792096249548
521.0   221.81882712260187
522.0   231.4824531066629
523.0   224.48555395455375
524.0   224.99450652298734
525.0   236.87743543754635
526.0   239.55177363605986
527.0   252.67233297555723
528.0   257.4193868139736
529.0   263.57094271483106
530.0   277.3692491425175
531.0   288.93577430879895
532.0   290.4844995642802
533.0   297.8918127895264
534.0   311.2385663052834
535.0   320.1675324113899
536.0   332.9275505577015
537.0   340.19212014759825
538.0   348.2857745079673
539.0   354.52989089454337
540.0   357.15917456102045
541.0   353.14629985164095
542.0   352.32439991934376
543.0   356.401695462853
544.0   348.70194066181534
545.0   341.79180338407934
546.0   331.0006983492362
547.0   320.5087464432734
548.0   309.562533295079
549.0   303.04848573316474
550.0   295.25215206813607
551.0   281.4847924836493
552.0   283.64003542100227
553.0   266.0559760414678
554.0   266.0732412411521
555.0   254.8915583272856
556.0   252.3823354400595
557.0   245.74465497949933
558.0   246.80647164708265
559.0   236.2080612373138
560.0   237.80386804547712
561.0   240.8119751560724
562.0   229.5835920077513
563.0   230.16985109724578
564.0   241.93637748677904
565.0   236.07855697262772
566.0   249.23055368489557
567.0   247.49173701466447
568.0   245.64675748878767
569.0   258.88125782667703
570.0   263.66777230773585
571.0   265.1544308605586
572.0   261.3699832061352
573.0   268.99327091733056
574.0   276.24628823538325
575.0   290.18711462834096
576.0   291.0437356447137
577.0   303.54124628857346
578.0   309.7463691048306
579.0   316.82455282787055
580.0   325.95039568814985
581.0   335.18673529171133
582.0   343.1278557856658
583.0   353.1765400074914
584.0   353.76850260291957
585.0   359.44034411469215
586.0   369.56875004347
587.0   367.67269637685763
588.0   369.1033100031252
589.0   372.0920919614613
590.0   368.63066535840875
591.0   367.6968518560145
592.0   358.24461584304277
593.0   360.1583522171268
594.0   352.87377310486966
595.0   343.32206718095114
596.0   338.69330610156743
597.0   328.3249461527312
598.0   323.5751570676174
599.0   315.95860155576906
600.0   307.6112345115671
601.0   304.2119958549715
602.0   291.09056064963863
603.0   298.90321468202535
604.0   287.94621786450904
605.0   290.29564849919
606.0   291.9771981296624
607.0   288.17948812534144
608.0   286.77211977149875
609.0   270.71718886123153
610.0   276.40779732042677
611.0   272.7980304310942
612.0   281.4643297537396
613.0   269.55210657980024
614.0   258.2677457119114
615.0   259.5816281575613
616.0   268.7457759866836
617.0   274.552995500312
618.0   264.90109705057444
619.0   271.5107562500723
620.0   275.35149127556303
621.0   287.12549902817597
622.0   282.1725061275722
623.0   298.81233137040215
624.0   303.8138680471685
625.0   307.52462339845107
626.0   323.51712588907435
627.0   332.80025195462696
628.0   343.4246836674602
629.0   354.9848576118002
630.0   362.91810153649124
631.0   369.53375044529156
632.0   378.7515229722976
633.0   387.61325370993836
634.0   396.18207703671936
635.0   405.3284844247984
636.0   414.62311045892204
637.0   417.96230319794444
638.0   418.93225123225125
639.0   427.4707411322195
640.0   428.8888003681361
641.0   433.3225610228384
642.0   433.0799283677121
643.0   430.79780584072313
644.0   428.6728365166488
645.0   427.3786467112586
646.0   429.748752121317
647.0   423.7394879585858
648.0   416.68313203643123
649.0   413.57256795490804
650.0   409.4325185955099
651.0   406.2505460324628
652.0   402.5819134794666
653.0   399.3191070140017
654.0   394.8773862094318
655.0   388.78368491309095
656.0   386.8356073137683
657.0   386.61536843588885
658.0   379.008285701452
659.0   381.8767430638274
660.0   382.2946473269228
661.0   375.3268623429486
662.0   378.6409683854194
663.0   377.98453538648215
664.0   384.4316079607377
665.0   395.76485413194604
666.0   384.93450264699857
667.0   384.04819663828266
668.0   384.38526395662205
669.0   389.66274897580524
670.0   404.288942461601
671.0   411.5506063182845
672.0   414.83549683029844
673.0   411.2608031386972
674.0   412.42537086799314
675.0   428.4176037816327
676.0   425.67227345746824
677.0   437.2311967251608
678.0   444.31376800078243
679.0   455.65667710096307
680.0   465.7663228595929
681.0   472.4903072287025
682.0   481.38336384226506
683.0   492.78931064972244
684.0   500.055582099841
685.0   513.335543781071
686.0   517.0652238750084
687.0   531.4976452355344
688.0   533.9975548493745
689.0   550.0583187949766
690.0   561.0711479943461
691.0   565.8239426172937
692.0   582.4077643865772
693.0   597.3033817788729
694.0   592.3352754260482
695.0   607.0351472810414
696.0   600.5064441163629
697.0   595.9694503637359
698.0   622.9812341241272
699.0   626.4762108957354
700.0   624.1498995422335
701.0   606.6048978715996
702.0   621.6821892982703
703.0   611.7869592203389
704.0   623.483085586324
705.0   619.0335640186393
706.0   614.9685232909935
707.0   612.4136891337657
708.0   603.0963195291546
709.0   600.6136682840264
710.0   595.0839322347064
711.0   581.7811762284321
712.0   575.4197322609293
713.0   569.7341037443255
714.0   560.9504690868418
715.0   554.4535242875754
716.0   549.0880374438052
717.0   553.0590468236429
718.0   538.7728118908847
719.0   538.9572801661639
720.0   527.0732293293332
721.0   524.3741989574223
722.0   526.0821074873227
723.0   521.7979197323075
724.0   523.3571336055008
725.0   507.25300140637864
726.0   504.889038100726
727.0   505.0535908051314
728.0   497.88893029835765
729.0   501.7774381391147
730.0   476.9263746492919
731.0   484.8821285739451
732.0   497.43919148654675
733.0   498.52997805894876
734.0   495.48274595018836
735.0   489.54364809506285
736.0   468.6060301125013
737.0   470.54406340099183
738.0   479.1575291400127
739.0   471.51309821030947
740.0   492.63087375071655
741.0   477.523220474156
742.0   486.5266814032451
743.0   477.61139827076363
744.0   470.4945882148364
745.0   459.1060271583373
746.0   456.47980375898504
747.0   459.79203339581574
748.0   455.8727229160539
749.0   462.98094368394607
750.0   479.0823526856776
751.0   486.844591122967
752.0   500.6333851002619
753.0   523.3160724085931
754.0   544.8527522518748
755.0   570.4436433482938
756.0   590.4974025920214
757.0   611.9309720118158
758.0   644.393820314247
759.0   657.7708980319529
760.0   678.4212712314361
761.0   706.6114018767611
762.0   726.4563091920713
763.0   752.9936524403802
764.0   770.5066308429787
765.0   781.9657927380238
766.0   804.6373877697972
767.0   799.7602863540342
768.0   836.9792916794081
769.0   823.4869025169598
770.0   837.5998626508906
771.0   838.2609926248169
772.0   836.2706532835058
773.0   815.1107113132072
774.0   826.3362648720483
775.0   809.5850812502257
776.0   806.1565377689886
777.0   810.4391232617091
778.0   807.4919866096191
779.0   784.2203620859736
780.0   779.74035515028
781.0   768.2768022798023
782.0   752.2331956164118
783.0   737.3642553123326
784.0   721.4122872420403
785.0   701.7041929910479
786.0   690.5305477018233
787.0   675.6400704658895
788.0   661.1246420265238
789.0   651.382816163729
790.0   635.5082997473081
791.0   615.0714556208466
792.0   606.8274813655328
793.0   587.7720688266465
794.0   569.155227862338
795.0   559.4474602198129
796.0   548.4458311096441
797.0   552.6784226326699
798.0   521.7397124710126
799.0   494.9311675858984
800.0   493.9300567817772
