500.0   312.07161788724534
501.0   312.4747394092971
502.0   310.5747608346686
503.0   300.1345376701729
504.0   300.1021132294203
505.0   289.66487885512197
506.0   288.14991353929406
507.0   277.65074621860543
508.0   265.41040616616476
509.0   254.50983886020254
510.0   246.0467935753604
511.0   243.22128377475866
512.0   243.32881127966388
513.0   236.42714157908873
514.0   222.96692210158434
515.0   225.69841286666014
516.0   229.0575514287188
517.0   232.1508382673396
518.0   221.2188867883121
519.0   226.68729139156568
520.0   217.9085019307504
521.0   222.90170383500083
522.0   230.90837564997338
523.0   225.07517173125822
524.0   225.31762559572874
525.0   235.6852225356912
526.0   239.46349284367028
527.0   253.93621575926758
528.0   259.6769212766181
529.0   265.43635758929736
530.0   276.8430638461762
531.0   288.72402746091564
532.0   293.5336740590076
533.0   302.56282234158306
534.0   313.19220781268376
535.0   323.09575083596934
536.0   335.2247425887563
537.0   342.330012811574
538.0   352.4862087423195
539.0   356.5827465211814
540.0   356.4675537253786
541.0   355.0987260794408
542.0   355.963227031788
543.0   355.5281586163204
544.0   352.91420007134855
545.0   343.0328416585378
546.0   332.2706382772457
547.0   322.84492711755786
548.0   311.78263375362303
549.0   304.7544193882667
550.0   295.57956473463867
551.0   282.63493214590574
552.0   286.77259220797146
553.0   269.4378902998748
554.0   267.3489396988463
555.0   260.1189276196102
556.0   257.17022245803025
557.0   248.38638694279388
558.0   248.6092032993014
559.0   238.90317830435532
560.0   242.70952294754576
561.0   243.6984971142737
562.0   228.70186527287626
563.0   232.35015475828828
564.0   242.18721437520017
565.0   236.64821287786793
566.0   249.4725955652814
567.0   249.59097732850222
568.0   246.34452272727862
569.0   259.4552207062975
570.0   265.5076383277521
571.0   268.5722926519646
572.0   265.38302965482785
573.0   272.9218429969509
574.0   279.09439036522235
575.0   293.6273324603593
576.0   295.659379043924
577.0   306.28130846438
578.0   311.8857867678853
579.0   318.1998822864642
580.0   329.97304197689203
581.0   336.05929125284365
582.0   344.74583116096255
583.0   353.65097239444987
584.0   356.7018276031171
585.0   363.28458208781535
586.0   368.87871056990593
587.0   367.4562821707857
588.0   367.7419638776239
589.0   378.4399466532368
590.0   369.2893629656167
591.0   369.2487858327902
592.0   359.1454232726794
593.0   361.3538982311858
594.0   354.61368622212115
595.0   344.4347714736894
596.0   340.7111633506534
597.0   328.8202906202804
598.0   327.09627380172014
599.0   319.08081622296476
600.0   310.5373393774727
601.0   307.00394097855144
602.0   293.33581797180045
603.0   302.57176741535915
604.0   290.24098954601106
605.0   288.26505035800994
606.0   294.80948143049204
607.0   291.93206124211986
608.0   287.6537055841389
609.0   274.0450510749655
610.0   280.6042882006059
611.0   274.09395085207314
612.0   283.3648362930324
613.0   271.5278532794663
614.0   260.63193894854624
615.0   260.8021429286545
616.0   272.14907425289687
617.0   275.70372514560563
618.0   267.2171317664371
619.0   275.3437806588129
620.0   274.26821009007745
621.0   288.87939090873266
622.0   284.37217159643023
623.0   299.5541617726569
624.0   305.76033240099554
625.0   312.20285318631625
626.0   327.5628438582021
627.0   336.8843230854712
628.0   347.9161443415746
629.0   358.05297074381303
630.0   366.3088057283144
631.0   374.54674233462237
632.0   383.0644046186127
633.0   391.1155407928969
634.0   399.2308603332893
635.0   406.4287722015448
636.0   419.2607308063424
637.0   421.7973315873714
638.0   418.14553526635723
639.0   431.7272209216786
640.0   435.174989531518
641.0   437.087623250933
642.0   434.7619329052495
643.0   435.8834045341558
644.0   433.5537831664402
645.0   428.5311734912061
646.0   434.8375475594647
647.0   427.6025164134665
648.0   422.68934653718753
649.0   417.94052621823977
650.0   414.2571023323143
651.0   410.71365137310795
652.0   404.42056062904874
653.0   400.7428509048233
654.0   396.14072838519047
655.0   389.25933130299904
656.0   390.55633864705527
657.0   390.49877522404813
658.0   380.93680952817374
659.0   385.24001982557724
660.0   384.7238495933708
661.0   382.13311708121483
662.0   380.82936553460553
663.0   381.81675177821654
664.0   385.19489645332493
665.0   399.4763655780591
666.0   387.4580946232294
667.0   388.7387715228093
668.0   384.0530329876953
669.0   390.5956750228065
670.0   404.80579709935625
671.0   411.30250437644577
672.0   418.2694276103168
673.0   412.9081799860806
674.0   414.60765779748556
675.0   432.28296712927647
676.0   426.80746627700455
677.0   439.523462652791
678.0   443.9901062359443
679.0   458.508870259338
680.0   469.64210147082855
681.0   479.4669229799447
682.0   486.4803756273844
683.0   494.8474691629177
684.0   504.31348984221916
685.0   515.7370362240777
686.0   527.4802657921081
687.0   534.2016593733484
688.0   538.38522641146
689.0   556.3899940437262
690.0   568.2859686826214
691.0   571.3576853582623
692.0   592.1833290788874
693.0   599.1181385196231
694.0   598.6889463962409
695.0   608.6402384076835
696.0   607.1091422584597
697.0   604.5089411730758
698.0   629.5647382108497
699.0   634.7259614053314
700.0   626.4915093544864
701.0   612.6035605406928
702.0   628.7760308233323
703.0   620.0749608465516
704.0   625.4492085125
705.0   626.816788541261
706.0   620.522251005458
707.0   615.6681087135067
708.0   607.9493730892316
709.0   609.2191412824076
710.0   596.5975136124383
711.0   584.2701456385278
712.0   583.9484694596981
713.0   574.1079885284278
714.0   569.0747354126647
715.0   559.7974477069872
716.0   555.0140168091082
717.0   559.1816662069488
718.0   541.7922872808568
719.0   547.7325097364112
720.0   534.2734256682551
721.0   531.0547123379088
722.0   535.3128012931761
723.0   529.6817995238241
724.0   529.4020547646744
725.0   512.9924743243754
726.0   511.52712249008255
727.0   511.8076828315021
728.0   504.24180715390503
729.0   508.6484763723105
730.0   483.3806021586854
731.0   491.6896369844161
732.0   503.01369312779013
733.0   501.7155190068551
734.0   498.4744444571239
735.0   494.589594549008
736.0   473.91238022240674
737.0   478.3645981734131
738.0   486.35963282156195
739.0   476.7405223860638
740.0   496.06081336483544
741.0   481.41962661594994
742.0   489.9227606709287
743.0   479.0978853682701
744.0   473.72006372441547
745.0   461.53210770466654
746.0   458.8447712755098
747.0   465.1240815706612
748.0   460.8638189943418
749.0   464.60420751931247
750.0   481.2584991649911
751.0   493.7820521525539
752.0   508.3198076922663
753.0   529.3330470413118
754.0   549.3097357191668
755.0   574.8154752622345
756.0   598.2081581108869
757.0   620.786031687704
758.0   650.8608096656616
759.0   664.422581455736
760.0   687.9792928524978
761.0   711.6408948338371
762.0   737.2622417777385
763.0   762.4842841225816
764.0   777.1430809150643
765.0   790.7015980931883
766.0   812.401097284092
767.0   812.9850283041126
768.0   849.1902125046388
769.0   834.6800306705136
770.0   845.2072529060629
771.0   843.7465126147647
772.0   844.8862102146651
773.0   823.3610395890962
774.0   835.5255406437079
775.0   818.289129013797
776.0   817.2376262874149
777.0   821.626059171827
778.0   816.431222123612
779.0   791.8861416529924
780.0   789.064584199306
781.0   772.567065278671
782.0   759.4584513728714
783.0   742.9595087219209
784.0   726.7120043574687
785.0   709.5520614593681
786.0   696.0228508165023
787.0   683.1643772618207
788.0   666.1682029105815
789.0   656.0246985787069
790.0   641.7605398280228
791.0   619.8130575444604
792.0   611.3206883432053
793.0   595.0180946075126
794.0   576.2261093670223
795.0   565.0864377463313
796.0   556.3009232865156
797.0   558.6442936310328
798.0   526.1802327939502
799.0   503.5327640506689
800.0   499.60381934466415
