500.0   325.37478892780103
501.0   329.0791006928237
502.0   321.7848277985423
503.0   313.03024407914654
504.0   311.89638119313486
505.0   303.2395719492632
506.0   298.01854886121066
507.0   289.64591639379745
508.0   276.44566660067244
509.0   263.2774729899868
510.0   256.0522463292085
511.0   254.15048059636786
512.0   250.59496897273587
513.0   246.56092717938841
514.0   230.66763681796712
515.0   233.02312844357056
516.0   237.39906862917928
517.0   239.9453682091275
518.0   234.47139711389678
519.0   237.68141120727842
520.0   225.62537012517936
521.0   229.35530856283805
522.0   240.68408094044554
523.0   236.96374787554467
524.0   235.34271801032585
525.0   246.48345619367421
526.0   250.79977405754903
527.0   263.42368795107666
528.0   270.72797277040985
529.0   274.4046504336056
530.0   288.67369161264094
531.0   301.12916299215544
532.0   306.3134966617798
533.0   318.0444321142517
534.0   322.66011960349095
535.0   335.90814109427384
536.0   350.4188757431336
537.0   354.9841399897004
538.0   365.39114159793314
539.0   374.20388576361023
540.0   374.37942394166953
541.0   367.06061913278734
542.0   371.09401199883365
543.0   370.199421774328
544.0   364.55666833190367
545.0   356.92389718193124
546.0   347.3391324763788
547.0   334.776713989526
548.0   323.74257205200456
549.0   317.1490104776174
550.0   306.17809571794294
551.0   294.10714014312873
552.0   296.92901310863374
553.0   280.8446852187364
554.0   277.6803966625923
555.0   269.92447460374296
556.0   265.53280859303345
557.0   258.75799727895736
558.0   260.859691994116
559.0   247.24033368594826
560.0   251.97221093613402
561.0   251.40088120655204
562.0   240.40722773971117
563.0   242.49422026442767
564.0   251.31020793751995
565.0   247.4299839650917
566.0   261.31895742370045
567.0   258.79826397904975
568.0   255.9450114288154
569.0   270.822252948475
570.0   275.4460230141984
571.0   277.1871261423507
572.0   273.97075124948185
573.0   282.54257229726045
574.0   290.31203404382967
575.0   305.25751866574944
576.0   308.9504708293912
577.0   318.81880394339873
578.0   324.4533537885128
579.0   333.96386971084524
580.0   347.5209639996787
581.0   351.4637239065488
582.0   359.7142811888061
583.0   370.93505532858086
584.0   371.86202333579985
585.0   381.15957781703366
586.0   387.4683418458077
587.0   384.4916125578949
588.0   384.21412441507164
589.0   393.4066724089628
590.0   387.40884630979116
591.0   387.4242330634711
592.0   376.6627382642499
593.0   376.7444722776195
594.0   370.60036093155804
595.0   362.5054183073186
596.0   356.4417895072583
597.0   345.56218712225655
598.0   341.74231547314696
599.0   334.48410797400703
600.0   323.77441775226066
601.0   321.7378474582123
602.0   307.0976535500391
603.0   315.21870138711154
604.0   305.8163164706746
605.0   302.8159818310014
606.0   306.60930375673604
607.0   305.3406173062397
608.0   302.1623523944393
609.0   286.4477819298977
610.0   292.06212364505734
611.0   288.4108716415892
612.0   296.1825249051331
613.0   287.7451190314773
614.0   272.3550751959099
615.0   275.25261696036864
616.0   283.5184754875361
617.0   290.74951059291107
618.0   282.26765509985455
619.0   287.23673670872347
620.0   289.85254188787326
621.0   302.9449180864454
622.0   297.1760708616829
623.0   314.79781192199016
624.0   324.8235659748452
625.0   328.8275780359339
626.0   344.9182299120091
627.0   355.79217783703433
628.0   365.88391838031436
629.0   376.2455644256696
630.0   385.5713571106081
631.0   396.21237637552866
632.0   401.3796759432719
633.0   412.70010910455096
634.0   417.64819210620186
635.0   428.8121675463027
636.0   440.78681585760523
637.0   442.145948458232
638.0   439.52180415262956
639.0   457.69177918684477
640.0   459.4142566378939
641.0   459.9021550755874
642.0   460.7070359634257
643.0   457.48054582460423
644.0   453.6354418425849
645.0   452.4526130337622
646.0   458.59976145507176
647.0   451.3193358277122
648.0   444.9617760381164
649.0   439.83204617885696
650.0   435.2767186107635
651.0   432.6731248877438
652.0   426.9390985916724
653.0   423.681879261762
654.0   420.385032965319
655.0   411.1369008520936
656.0   411.27737029640997
657.0   411.32063581796933
658.0   405.358645390025
659.0   407.90847191631366
660.0   407.04569233168206
661.0   401.52742440964363
662.0   406.46374664987326
663.0   404.4288189243651
664.0   407.5048707236901
665.0   420.28490553520277
666.0   407.98671599089414
667.0   412.7448823017842
668.0   406.39694345743914
669.0   413.22984263292165
670.0   429.7693640677833
671.0   434.9080113005149
672.0   439.0143009347328
673.0   436.78587113188377
674.0   439.65580530617024
675.0   455.1112339587539
676.0   452.26048992275275
677.0   468.0419151316507
678.0   471.4070002622113
679.0   484.746909933888
680.0   501.2987702251958
681.0   505.208035335006
682.0   517.1776164761559
683.0   525.0694784280898
684.0   534.7056269898512
685.0   547.6922869490127
686.0   554.5121510307387
687.0   566.2020223408383
688.0   570.5117649274604
689.0   590.1756729955662
690.0   598.6400604104454
691.0   604.2496103294185
692.0   625.2780678693751
693.0   638.2227964280779
694.0   632.8262313422053
695.0   646.0042160938912
696.0   643.39808722637
697.0   637.143181473855
698.0   666.9872913223619
699.0   668.3187821582071
700.0   663.1649198546966
701.0   652.2954373540028
702.0   668.04024433426
703.0   652.1442798772357
704.0   658.9035180411402
705.0   665.7513723932313
706.0   657.6990953997115
707.0   652.7615084572718
708.0   643.987967756544
709.0   640.3761969682964
710.0   631.3180949023622
711.0   621.7391689862529
712.0   614.7547357809794
713.0   609.7019832836979
714.0   600.1381324312722
715.0   596.4065274100919
716.0   590.8890923008657
717.0   590.2354152505045
718.0   574.2676893474917
719.0   584.6156984088359
720.0   561.6476832296781
721.0   560.4431407964596
722.0   561.4911029442835
723.0   557.5036617229662
724.0   557.8620119370096
725.0   546.5636936248859
726.0   540.4822645147731
727.0   539.549220601676
728.0   532.8196188785283
729.0   537.6619014574454
730.0   513.8723365255412
731.0   517.4095977687318
732.0   532.5496075635767
733.0   531.6591770137379
734.0   528.3657229149048
735.0   522.0439173411393
736.0   505.30143138166585
737.0   505.03654033696444
738.0   512.436529146978
739.0   502.5720886804675
740.0   530.5718777788485
741.0   510.2381101610147
742.0   518.9700771924748
743.0   506.3306290690264
744.0   503.95761065328156
745.0   490.52662098178536
746.0   487.47260037352413
747.0   490.5796263361506
748.0   490.5473459247244
749.0   498.2435359694375
750.0   510.0730142191826
751.0   523.2495013129094
752.0   536.9313475958206
753.0   559.6629853260404
754.0   577.7391148659212
755.0   610.7158494180962
756.0   633.4264734318531
757.0   652.1092959838238
758.0   693.6331220069059
759.0   701.9731125932944
760.0   728.0666948830649
761.0   759.0990183026602
762.0   784.0672827547168
763.0   807.9638350991336
764.0   819.9288862776166
765.0   842.8828063462133
766.0   856.2295861788402
767.0   860.2807910470757
768.0   897.6479103470442
769.0   882.2532317341431
770.0   899.5679000934872
771.0   896.8822156401418
772.0   897.5892575919028
773.0   875.5449619428631
774.0   885.5768865321693
775.0   868.8459369766385
776.0   867.2572592794587
777.0   875.2884251790637
778.0   865.6101937915065
779.0   840.7636272867971
780.0   837.7874262211728
781.0   823.8967077618368
782.0   802.8447511495916
783.0   787.8157887472715
784.0   771.1106433765563
785.0   757.5057803413542
786.0   742.9091484550761
787.0   724.5245224720886
788.0   707.3359495742021
789.0   698.6901368530123
790.0   681.6760502087392
791.0   659.5111037617348
792.0   647.1939290818534
793.0   631.0529869151611
794.0   613.2818981531054
795.0   598.6101718321995
796.0   590.0969138305186
797.0   592.7120772438709
798.0   561.0278922605473
799.0   533.5039129105838
800.0   528.5233177789232
