500.0   320.4559138288715
501.0   321.524931714838
502.0   317.5094084807606
503.0   309.8763912284717
504.0   309.3632602168426
505.0   296.22538307738796
506.0   293.173968539199
507.0   283.5036693350254
508.0   271.52939984681865
509.0   263.0820557990891
510.0   252.06903844971336
511.0   250.97716735995346
512.0   248.74516425175543
513.0   243.74347182752595
514.0   229.95137406277726
515.0   230.99668308427664
516.0   236.54252133648447
517.0   238.14404166989934
518.0   228.79436801903785
519.0   234.9854775595001
520.0   220.8757357549664
521.0   227.60880389754323
522.0   237.79308848935642
523.0   232.33979123722682
524.0   233.3311231660596
525.0   244.83099324505753
526.0   247.66438890712163
527.0   262.3280535051383
528.0   263.2085800133294
529.0   273.56305830655936
530.0   283.94735724411646
531.0   295.0299311593868
532.0   303.0081388899662
533.0   310.23016449503274
534.0   324.3750821397834
535.0   333.01602699539507
536.0   347.3847873172014
537.0   353.2923756171684
538.0   362.9195568561315
539.0   369.60076711257426
540.0   372.3085420561017
541.0   366.0152126124142
542.0   365.7405568767952
543.0   365.737951712028
544.0   363.0132054322754
545.0   356.03540281071
546.0   343.3353522122482
547.0   332.4083723979128
548.0   319.8982848812418
549.0   312.93836571765013
550.0   305.61603778856636
551.0   292.728513787553
552.0   293.45743186891593
553.0   276.8512385982648
554.0   276.6816118699251
555.0   269.15996326528546
556.0   263.58964236358577
557.0   253.68117560237113
558.0   258.55751482944277
559.0   245.13462804255585
560.0   250.99274388566462
561.0   249.9975777328967
562.0   236.60195892320132
563.0   238.95774412294497
564.0   250.03588761039393
565.0   246.5019555391105
566.0   258.70934568774476
567.0   253.37208295135036
568.0   253.24677408389954
569.0   270.0535085189705
570.0   273.4292713010096
571.0   276.169001939441
572.0   273.8964361167534
573.0   280.6251478155849
574.0   288.3891333229
575.0   303.21901929856574
576.0   304.6511911216438
577.0   316.6423521108712
578.0   322.66839921806934
579.0   331.7058922363523
580.0   339.63811189826055
581.0   347.75511241774495
582.0   355.7696284161442
583.0   364.8453914187393
584.0   365.1609310309245
585.0   375.4880172734772
586.0   381.7829186486982
587.0   378.3888133835902
588.0   380.1691889955507
589.0   387.6197808973226
590.0   380.8577935792211
591.0   382.1240209722687
592.0   369.47102277201793
593.0   373.34527900155115
594.0   365.92936062737897
595.0   357.10127467911826
596.0   350.1431545257573
597.0   338.61137843813606
598.0   336.74500930030024
599.0   330.17367534003216
600.0   319.3542925557699
601.0   318.336136189847
602.0   302.3908448222229
603.0   313.7881698400948
604.0   299.6872308752623
605.0   300.332269631124
606.0   304.30462126047837
607.0   301.3044367324325
608.0   299.55158066054594
609.0   279.4110032263362
610.0   287.0581816833343
611.0   285.0490291863511
612.0   294.8356399138173
613.0   282.13427222359815
614.0   266.80383356883453
615.0   272.34476196841786
616.0   277.63414616109503
617.0   286.1418110037224
618.0   273.1502132719704
619.0   280.316246463898
620.0   285.5160299660414
621.0   297.4117284296131
622.0   294.3042173744451
623.0   308.30592034583447
624.0   317.86345733813255
625.0   321.97592620370574
626.0   336.2886587922003
627.0   348.25238937171054
628.0   356.87388055377863
629.0   370.6661496273266
630.0   378.5545829721781
631.0   385.1220682208348
632.0   396.0417447431927
633.0   406.3051357986461
634.0   411.09501972701895
635.0   423.4551469193426
636.0   433.7967448796021
637.0   437.3281947570045
638.0   434.5036827153158
639.0   447.07222058606976
640.0   451.78347297643495
641.0   452.2011725907869
642.0   450.2179143763924
643.0   448.4886789750556
644.0   446.78892657019276
645.0   443.7905934228951
646.0   448.44219636091054
647.0   443.81932055009844
648.0   437.2095912080047
649.0   431.11918119712794
650.0   427.83856196667784
651.0   424.59723010868925
652.0   420.6046903126147
653.0   414.3407845900863
654.0   409.3868882804076
655.0   403.7244346562037
656.0   403.89749898214683
657.0   404.2300270391585
658.0   395.77343955850426
659.0   400.99918401245424
660.0   400.05241782250994
661.0   395.40174074424505
662.0   394.9785317780474
663.0   396.2410238970651
664.0   397.8745145021176
665.0   414.50675178183525
666.0   402.0045952661553
667.0   402.54156657002125
668.0   400.02809033500347
669.0   406.8053344395539
670.0   421.55899054767644
671.0   426.7884250508513
672.0   437.78506336274245
673.0   428.4773140062112
674.0   431.6469217834498
675.0   446.0689904759406
676.0   443.99884290472767
677.0   460.7478104787967
678.0   464.12241348022525
679.0   476.2977129933579
680.0   486.18253759193186
681.0   493.4377451453324
682.0   504.11742963196576
683.0   514.9426228983982
684.0   523.0539711565922
685.0   536.7567703183308
686.0   547.3011378434365
687.0   553.19523128504
688.0   562.103495127234
689.0   576.9871305081226
690.0   590.1128411724478
691.0   591.4886101765694
692.0   616.8472598946349
693.0   626.9962639787998
694.0   625.3730681317254
695.0   637.3676856197646
696.0   629.9443306402384
697.0   626.4708129957555
698.0   654.4403538232802
699.0   658.8669392345809
700.0   651.0159150331933
701.0   639.3077457180041
702.0   656.1234940953661
703.0   643.1870836077077
704.0   652.574975026967
705.0   651.9300512607666
706.0   646.0957540720308
707.0   645.1311881222604
708.0   634.4098004289116
709.0   632.9271225155871
710.0   624.1123066252318
711.0   609.4690775151964
712.0   606.7632417091477
713.0   597.9967908766964
714.0   590.5120135952061
715.0   583.9229865909696
716.0   579.8126810876428
717.0   583.5189530688151
718.0   564.8585961961774
719.0   571.0575922571791
720.0   552.5885076924272
721.0   551.1137243346161
722.0   555.3474316916534
723.0   549.0983584274682
724.0   551.8874225086624
725.0   536.0519220909802
726.0   533.2199722690791
727.0   534.3058979971631
728.0   527.3852196928073
729.0   533.8893473222788
730.0   500.9312851155405
731.0   512.0238536140297
732.0   524.2340247500662
733.0   521.4746118317953
734.0   521.1685117135685
735.0   513.4546690312283
736.0   491.8418383001372
737.0   499.01644813879545
738.0   505.15936988126305
739.0   496.2512610333807
740.0   517.4680706523233
741.0   501.31098490917157
742.0   511.7875510209518
743.0   500.17828141216444
744.0   495.9055411877266
745.0   481.8632644717879
746.0   477.9843486125348
747.0   484.53701657169773
748.0   483.5387996273601
749.0   488.3111426463312
750.0   503.24743695840993
751.0   510.96769299472965
752.0   532.5383741820605
753.0   548.1500849181241
754.0   569.4642872982629
755.0   596.9226318939341
756.0   622.4319371498788
757.0   645.1498963055228
758.0   680.1541076646968
759.0   691.8101293502457
760.0   716.5882602162917
761.0   744.0565902289089
762.0   772.7870886473461
763.0   795.3347282716102
764.0   814.8371378144557
765.0   831.5708293664691
766.0   847.4550940129236
767.0   848.0258243717398
768.0   885.7363885764023
769.0   867.494447121536
770.0   885.876624675034
771.0   880.6901558793127
772.0   882.3211967866849
773.0   861.0547157511586
774.0   874.6866975239395
775.0   854.6540538835991
776.0   857.3655021482654
777.0   858.5805399086163
778.0   851.7081812684086
779.0   828.8324095468918
780.0   827.7442584126288
781.0   807.6805655195863
782.0   794.5834813396281
783.0   776.0298358904038
784.0   759.5172222544088
785.0   747.4836034041061
786.0   729.1722640095986
787.0   713.3860725147007
788.0   698.8297321435853
789.0   688.3561604889056
790.0   672.2927904409277
791.0   644.541596168749
792.0   639.9967823371537
793.0   623.5996563482738
794.0   605.3611325731298
795.0   592.5297276752958
796.0   582.1982904967504
797.0   581.0613812377408
798.0   551.9896615967975
799.0   526.3516278959908
800.0   520.560813793772
