500.0   339.6789065589275
501.0   339.2312130462803
502.0   336.50748447019873
503.0   325.7953405086063
504.0   327.4180540429435
505.0   313.91260958146574
506.0   311.6810204540084
507.0   300.72416877081525
508.0   286.0466384585157
509.0   276.8390401438546
510.0   267.2895834046067
511.0   263.9725409824452
512.0   261.45661907460885
513.0   256.4750631368238
514.0   242.56352399358573
515.0   244.83382378085463
516.0   247.58289556996738
517.0   250.92422853438117
518.0   242.22326660200167
519.0   251.3582491342048
520.0   234.38885208736497
521.0   241.9221496710956
522.0   251.44079877289835
523.0   246.00510129464143
524.0   247.09081715054973
525.0   256.64837272784104
526.0   261.71299301016
527.0   274.3159764619327
528.0   282.357666615881
529.0   288.8215110507095
530.0   301.60244659010505
531.0   314.40120907186383
532.0   321.90321688188976
533.0   330.2794727947348
534.0   342.1413241133769
535.0   351.3294044851444
536.0   366.5421231582117
537.0   374.7062413615026
538.0   383.3050167032676
539.0   390.73502051944917
540.0   392.3447517888369
541.0   386.085150206148
542.0   386.13180768801425
543.0   389.8825255822642
544.0   380.14250108753754
545.0   375.8822928243236
546.0   361.4699209998934
547.0   351.7410440575634
548.0   339.6779624349971
549.0   333.09251879736735
550.0   320.72589155158937
551.0   309.75684574204405
552.0   310.9135238928948
553.0   293.14302508090276
554.0   291.92833280576804
555.0   280.7874499232256
556.0   279.1880183709369
557.0   270.5699561241732
558.0   270.7865303115767
559.0   260.5641817037733
560.0   262.9594628101588
561.0   264.8118450751157
562.0   252.35984610135802
563.0   253.61862577312218
564.0   266.22033839577705
565.0   258.1028101557221
566.0   273.63237125473665
567.0   271.42208941079264
568.0   269.2950522710276
569.0   281.75681949616876
570.0   288.5385367579789
571.0   293.9412481129753
572.0   290.6760913645297
573.0   297.3433037829747
574.0   304.2236643968382
575.0   321.4783727205355
576.0   323.5717526800589
577.0   333.4634019412577
578.0   341.1490478548176
579.0   348.94748639452934
580.0   362.0668942135463
581.0   368.6903869121129
582.0   376.87817038993785
583.0   386.56717663212027
584.0   388.57310035373706
585.0   396.74471079399405
586.0   405.02232739216254
587.0   401.78951219645
588.0   401.49795393165937
589.0   410.70539415920257
590.0   404.4741208883683
591.0   405.5201221350293
592.0   393.70575619467627
593.0   395.56676173380515
594.0   388.2521207737077
595.0   378.49773739613755
596.0   373.52881526486937
597.0   359.7660805820168
598.0   356.06796144466387
599.0   347.46012140272416
600.0   339.2207532155851
601.0   335.1606513722395
602.0   323.168951435341
603.0   330.1792330970474
604.0   316.45175274967943
605.0   317.05861753789844
606.0   321.03141374654103
607.0   320.1940144683535
608.0   317.35939329473433
609.0   297.69011022497307
610.0   305.15765768419044
611.0   301.519019992355
612.0   307.8224862128698
613.0   296.99352564560155
614.0   285.0886942964743
615.0   288.81532037626073
616.0   294.8404391220081
617.0   301.5422338285573
618.0   292.94390385688496
619.0   299.79540535411275
620.0   301.92312692253086
621.0   316.28124944601984
622.0   312.8773842145307
623.0   325.38645555096275
624.0   337.6327268186983
625.0   344.4304968393976
626.0   360.0090346358428
627.0   370.2477175009088
628.0   377.93759725997967
629.0   391.1553558094025
630.0   398.52646258601476
631.0   408.8672323738619
632.0   424.07420606946494
633.0   432.1720383448617
634.0   437.42970743799054
635.0   446.54948654020984
636.0   459.2875514844129
637.0   462.3339565226502
638.0   459.07945146533507
639.0   474.03771800370384
640.0   479.1824459867755
641.0   480.75385582708145
642.0   478.8032299552383
643.0   477.85910370702635
644.0   472.8667863308864
645.0   474.12798768471384
646.0   475.60239665338656
647.0   470.3948207463364
648.0   460.0816243296053
649.0   457.8313969201627
650.0   453.08355620153145
651.0   452.5671396047826
652.0   444.8275802852331
653.0   441.0104752182541
654.0   436.52199698172234
655.0   429.3681904486001
656.0   428.12772966011966
657.0   427.57855627693425
658.0   421.1711031669905
659.0   423.1959453112034
660.0   422.4713023630411
661.0   417.6339277656778
662.0   418.4534147958877
663.0   420.47266707323394
664.0   422.9451437572398
665.0   436.18213681105345
666.0   425.98365247876666
667.0   429.395323890153
668.0   423.92294928511825
669.0   431.23364961478114
670.0   448.2856273793467
671.0   452.79908323998325
672.0   461.4061235723693
673.0   457.5266115026164
674.0   458.80639655706227
675.0   474.8110212557134
676.0   469.68349723144956
677.0   486.2964443582809
678.0   489.34395624138307
679.0   503.9563844552101
680.0   517.6817798643174
681.0   523.1680036084604
682.0   537.606145095194
683.0   546.6750524480694
684.0   556.6506804770986
685.0   571.3580502428581
686.0   577.6780671882624
687.0   586.4346085333063
688.0   596.2790525282936
689.0   613.6643542477326
690.0   625.145998058312
691.0   630.1657805110457
692.0   652.678804690952
693.0   660.7925961233695
694.0   661.5029955668845
695.0   674.1204603261941
696.0   671.5450486022847
697.0   667.586785268122
698.0   692.3789835105523
699.0   698.8002892019155
700.0   692.677506327414
701.0   674.2570568833139
702.0   691.8024014082271
703.0   678.9886528189395
704.0   691.4528541694817
705.0   692.9003897052902
706.0   686.3067877247838
707.0   682.6999278584977
708.0   671.9127379950486
709.0   669.2112460397381
710.0   658.1445343187729
711.0   647.8249023591741
712.0   644.0286240243547
713.0   634.2147176916851
714.0   624.4807747232283
715.0   620.5936742341271
716.0   613.5673822103693
717.0   614.234339756696
718.0   598.2933911269712
719.0   602.6349020553512
720.0   586.174993103274
721.0   585.9845020094133
722.0   589.6335576512815
723.0   581.356660712841
724.0   582.5238094679132
725.0   565.8472144754535
726.0   562.7317658053016
727.0   566.9026195080522
728.0   555.0860353154783
729.0   560.7817030231287
730.0   534.0118028122649
731.0   539.8221822882992
732.0   556.794487186854
733.0   556.7651195469889
734.0   553.1810939655875
735.0   547.3665133369643
736.0   523.3808603419941
737.0   528.5175344503122
738.0   534.4162588456962
739.0   525.1986135341228
740.0   549.3020444520465
741.0   532.6887789125401
742.0   542.0786952286038
743.0   530.6115316285955
744.0   528.1027742729048
745.0   511.030785502376
746.0   507.0244126363489
747.0   511.4465693834073
748.0   508.80471912574666
749.0   519.048604383763
750.0   532.7537611704071
751.0   543.3523437443721
752.0   561.5266224626743
753.0   580.4018471594284
754.0   606.9759957221343
755.0   634.3298000349002
756.0   660.6456142258262
757.0   680.6405138301584
758.0   723.7501208543313
759.0   733.0242939920249
760.0   758.6186649070501
761.0   791.2909443857515
762.0   812.9993129510927
763.0   844.7556781660592
764.0   862.6410328537006
765.0   879.1980413540746
766.0   895.6444332216724
767.0   900.7742702556599
768.0   943.0045587496229
769.0   919.6571629723401
770.0   935.0874492517598
771.0   936.3831203862235
772.0   940.1677012115646
773.0   916.0428804361242
774.0   925.5440399378733
775.0   908.8929235537607
776.0   906.1346131167023
777.0   910.4533365434417
778.0   906.7827444620854
779.0   877.250542152045
780.0   874.0321930893674
781.0   859.3695210007495
782.0   843.4489109146618
783.0   822.311019700175
784.0   807.0835867369074
785.0   788.209700599861
786.0   773.2923857343899
787.0   755.8808460979512
788.0   741.662302633228
789.0   728.6073440706583
790.0   712.3924855744345
791.0   686.6182472287826
792.0   677.0804347035619
793.0   659.8675381569063
794.0   641.3728245020015
795.0   627.3940081912879
796.0   615.7620304927971
797.0   617.635573112749
798.0   583.4979008984744
799.0   558.630848135414
800.0   554.9400201706385
