500.0   334.6717713774029
501.0   333.5146792337327
502.0   331.43496823604994
503.0   321.0915183139632
504.0   320.91117618660303
505.0   309.7444559123501
506.0   306.72514942741145
507.0   292.76853527521666
508.0   282.9845727833673
509.0   273.0059288787814
510.0   262.96264272473195
511.0   258.61808280762443
512.0   256.8649156980017
513.0   254.0009358790979
514.0   238.19894570758842
515.0   239.15465151408534
516.0   243.72937000387066
517.0   248.49646521374953
518.0   239.93794291893687
519.0   246.29612372997798
520.0   232.31402726565267
521.0   238.66071907953585
522.0   247.53692687897228
523.0   241.21740200163762
524.0   242.97978998649617
525.0   253.54202402355583
526.0   257.9548937604132
527.0   272.03731238639534
528.0   272.6178366815621
529.0   284.6180131267219
530.0   297.86539128081637
531.0   309.58282546855946
532.0   315.46799250404683
533.0   323.205959739403
534.0   332.1075312533804
535.0   343.38599818130484
536.0   361.1689206810541
537.0   365.5084925771325
538.0   374.9291789398777
539.0   386.02420205634127
540.0   383.41720714499786
541.0   378.94366326602596
542.0   378.87430842851035
543.0   380.2804311131241
544.0   374.6273972537887
545.0   365.1762296228302
546.0   354.56890098394564
547.0   345.0478374373116
548.0   335.60188853588875
549.0   327.2089026317227
550.0   314.89685479507216
551.0   302.4353169024178
552.0   307.6242100668362
553.0   285.40954182122374
554.0   285.5871989410334
555.0   278.0566158313162
556.0   273.21640792461096
557.0   265.3385077330745
558.0   266.5407809914361
559.0   254.34852579887183
560.0   259.00429712822495
561.0   259.8040070629912
562.0   245.48366061510023
563.0   247.262370008095
564.0   258.2120944312827
565.0   251.65358195302082
566.0   269.9854490104601
567.0   263.24723734287784
568.0   263.144644601778
569.0   275.7911840844971
570.0   284.46794009915345
571.0   287.2550481641313
572.0   281.633034151556
573.0   291.2261693766558
574.0   297.5421879337109
575.0   310.525452945755
576.0   313.5829472462035
577.0   324.8063413180733
578.0   332.92978107349654
579.0   341.563287281084
580.0   352.6201716657477
581.0   359.3244107558662
582.0   367.2591812236127
583.0   379.1457942858331
584.0   380.26894054284884
585.0   390.40248093578316
586.0   397.3255123344974
587.0   390.672270239172
588.0   393.96518883056183
589.0   401.25076085788123
590.0   393.35351138403183
591.0   393.86622709596077
592.0   384.58363820471607
593.0   383.67396576801525
594.0   377.3295177532756
595.0   370.24603254387983
596.0   363.51487005311327
597.0   353.4320479865835
598.0   347.5947130601843
599.0   341.9432285313962
600.0   330.8340220824333
601.0   326.265981206878
602.0   313.4271541163474
603.0   324.50901844467415
604.0   307.8764479791319
605.0   309.77898473443855
606.0   313.88582791561635
607.0   309.3779691332552
608.0   308.0727222448493
609.0   292.9633805481733
610.0   298.1962456840723
611.0   294.22847960457125
612.0   303.62891044028856
613.0   289.60553091048996
614.0   277.3742575506019
615.0   281.930005800934
616.0   289.15204653178694
617.0   294.3864195082018
618.0   283.5300345445853
619.0   292.21502545160547
620.0   292.9644616984948
621.0   309.9066365524846
622.0   303.3330046532269
623.0   319.73942453457266
624.0   328.76544468826614
625.0   333.83352032387154
626.0   352.6938307859988
627.0   360.1748860374276
628.0   370.5395699081353
629.0   382.0138995334903
630.0   390.86873352842053
631.0   402.87487721959354
632.0   413.1915328092351
633.0   421.9756690635895
634.0   427.82119162133046
635.0   437.0805833704369
636.0   448.59782449150543
637.0   450.6267603470761
638.0   450.89610059461484
639.0   463.39535185577995
640.0   464.55390798862845
641.0   468.1209567824412
642.0   467.97123239800703
643.0   466.167062083379
644.0   464.77763883635305
645.0   465.101291718934
646.0   467.50306111620716
647.0   458.88979415458033
648.0   453.7639698766705
649.0   447.6473462802002
650.0   444.60975465368665
651.0   440.72196521880073
652.0   435.9825076585215
653.0   431.3149373311461
654.0   427.40785566722917
655.0   421.41599178756894
656.0   422.3134341692648
657.0   417.3742975111387
658.0   408.9552148337717
659.0   415.72607978861646
660.0   415.40796647775653
661.0   411.49123652842974
662.0   411.1199682867412
663.0   409.67629422444026
664.0   414.2339620765718
665.0   431.3790447354169
666.0   416.73223026140306
667.0   418.9051485362419
668.0   415.4884974312059
669.0   421.5793111282577
670.0   436.3983336832084
671.0   445.96155390374884
672.0   451.40613498601647
673.0   444.88907092422056
674.0   447.0538626055445
675.0   462.65712959676046
676.0   461.6449619039705
677.0   474.1108393862217
678.0   481.4539419478229
679.0   492.6212014387379
680.0   507.8450765220843
681.0   513.0093410642329
682.0   522.413929254737
683.0   535.0779576454229
684.0   543.6556617464383
685.0   557.3684573459839
686.0   567.635488424375
687.0   575.9083753867421
688.0   580.5503294711606
689.0   598.1820240998156
690.0   612.0980735876576
691.0   614.4393579593328
692.0   640.3892014540575
693.0   649.4582018117201
694.0   647.6277709889587
695.0   657.8572730504081
696.0   656.4155792704262
697.0   650.2349418880518
698.0   679.2508613328914
699.0   684.1943263430662
700.0   676.6862206701519
701.0   662.5268763226213
702.0   675.1384313371029
703.0   663.6773676382352
704.0   676.2930477765301
705.0   678.0760741504906
706.0   668.274688001967
707.0   668.7953672872446
708.0   658.0903117666924
709.0   657.1111849957788
710.0   641.0779565781635
711.0   634.6840812395976
712.0   630.6526366670466
713.0   621.1983047169927
714.0   614.4566821922826
715.0   606.40233059241
716.0   601.2678569569429
717.0   609.046375756509
718.0   588.8111148643685
719.0   592.6409134960061
720.0   573.4269820667408
721.0   568.6130092225774
722.0   574.7321338422189
723.0   567.8594803081346
724.0   572.2623365068944
725.0   556.843962096425
726.0   553.2870934602104
727.0   550.3573527000801
728.0   545.4760494789522
729.0   549.5251577009066
730.0   519.210722333218
731.0   531.0923746367681
732.0   547.9463190753282
733.0   542.2340819040076
734.0   541.9450324215255
735.0   532.5766652294792
736.0   511.3650007646873
737.0   513.6559159583461
738.0   525.0728177981609
739.0   509.73718855567705
740.0   537.7041579461994
741.0   521.9784950133853
742.0   532.3825610025768
743.0   515.6700807879141
744.0   512.7613230328258
745.0   500.9824846913944
746.0   497.7808959021692
747.0   499.504255155979
748.0   500.42029514996665
749.0   509.7416952406604
750.0   519.9412707315761
751.0   536.387190275787
752.0   552.8632345797763
753.0   573.4318702308306
754.0   594.7479304396627
755.0   622.2944894463371
756.0   648.4055445213373
757.0   670.8590637207903
758.0   707.0551561940131
759.0   720.388669824468
760.0   746.0970824446979
761.0   776.3653644046661
762.0   797.6912005474097
763.0   828.2377885815768
764.0   844.9956969273037
765.0   858.0835652402777
766.0   879.4800751374025
767.0   880.5548423461186
768.0   922.4717055045683
769.0   899.2488428385122
770.0   920.2288844446844
771.0   917.6482230067152
772.0   918.0046918348077
773.0   898.7380021729738
774.0   910.2435522998735
775.0   889.5160611169265
776.0   885.0860252580443
777.0   895.3005830541234
778.0   887.5261515606509
779.0   859.3980125485596
780.0   856.0269247020847
781.0   841.0176995023592
782.0   825.7174092198203
783.0   804.7841740253633
784.0   791.608547343285
785.0   778.1511675969098
786.0   756.314173999639
787.0   744.6665358404173
788.0   723.4119317610354
789.0   712.936845469713
790.0   699.0843106535318
791.0   676.2509942611362
792.0   667.5345164355444
793.0   647.0660046955777
794.0   629.7757855727791
795.0   616.64283718445
796.0   603.5563177347394
797.0   607.262624202477
798.0   572.132310055699
799.0   548.1337251641429
800.0   541.1476008458078
