500.0   361.2914671349443
501.0   362.3654199261276
502.0   357.81581653035937
503.0   347.08535375791894
504.0   348.54238280077743
505.0   335.34315134468477
506.0   330.4125423364061
507.0   318.54650873330485
508.0   302.48066215170127
509.0   296.67338556268015
510.0   286.3801302472141
511.0   281.6687941389462
512.0   279.0199440374739
513.0   273.8214966265955
514.0   258.0360823016114
515.0   259.34423535441755
516.0   263.75539463491225
517.0   267.47732845116457
518.0   257.9391476804623
519.0   266.39373958044405
520.0   249.65121338663187
521.0   256.74964994622707
522.0   265.0003617216531
523.0   261.623153250084
524.0   262.87748503325304
525.0   273.3448642379451
526.0   278.2360490686743
527.0   293.8775429620024
528.0   300.0548045750115
529.0   305.9324329828513
530.0   321.83746378597453
531.0   333.7443056069508
532.0   341.66556752415397
533.0   350.02501888249407
534.0   364.0416602036053
535.0   375.02391685899994
536.0   391.660891675762
537.0   397.66628755332425
538.0   407.98652534155553
539.0   418.86074965062056
540.0   416.37417378633506
541.0   412.53018685269205
542.0   416.2927434463889
543.0   413.864599156066
544.0   408.16472358061924
545.0   396.79423189908255
546.0   384.6173920725076
547.0   373.03783823910055
548.0   361.7498195493889
549.0   353.8800974651624
550.0   342.87958035083034
551.0   330.137418167847
552.0   334.3229778181088
553.0   313.1069100823101
554.0   310.607763097493
555.0   300.5296165487015
556.0   296.7707956500018
557.0   289.85193903993286
558.0   290.6647264899906
559.0   277.27293697974454
560.0   279.8091374491604
561.0   282.0946018665787
562.0   268.0892712758517
563.0   272.65118609794524
564.0   282.0869188851756
565.0   273.55326419492764
566.0   293.41517581955
567.0   286.595235433836
568.0   287.59454841455187
569.0   300.01107274238643
570.0   312.671343290866
571.0   312.69090770887635
572.0   307.87830916362805
573.0   317.5151503794503
574.0   326.67285603474016
575.0   344.53029784283797
576.0   342.73533658377676
577.0   356.81746932998107
578.0   364.5706299604461
579.0   373.6503132377015
580.0   385.14668206170205
581.0   392.3122689099122
582.0   401.59249107151516
583.0   409.2801579250036
584.0   414.98041798100877
585.0   423.4258698455966
586.0   434.2298043599508
587.0   430.6119287094226
588.0   431.1675857159761
589.0   439.57998484682776
590.0   431.677520375254
591.0   433.47221503316405
592.0   423.27834321830437
593.0   421.8317147726834
594.0   414.65288487026385
595.0   404.7373706710213
596.0   397.8852669181036
597.0   386.1123125230607
598.0   381.5127697929887
599.0   371.5243722986075
600.0   363.6013011284882
601.0   357.0258821184184
602.0   344.47558534039433
603.0   355.1295379497688
604.0   341.34887916145243
605.0   338.03567454170076
606.0   346.800013855272
607.0   340.2244853594305
608.0   336.7473919421302
609.0   320.2435102730009
610.0   325.52165842726265
611.0   319.9499489930306
612.0   331.424893142264
613.0   317.49450120214715
614.0   303.98326451527896
615.0   306.6517036417971
616.0   314.27751156448903
617.0   323.665219186046
618.0   313.6912637860289
619.0   321.80324624646687
620.0   323.25701385685056
621.0   337.12301350579025
622.0   339.1014672401175
623.0   352.4056472602758
624.0   357.58311428687557
625.0   367.76166328585975
626.0   382.57979353154747
627.0   395.6250447636765
628.0   406.7917196035134
629.0   418.47492307530786
630.0   429.00592219093414
631.0   438.64144344299547
632.0   449.40026266028224
633.0   458.95201577440844
634.0   467.8391525073666
635.0   479.47334597344525
636.0   491.9322213947429
637.0   496.3232985726864
638.0   493.3039235189333
639.0   507.86117048413905
640.0   511.7230948458631
641.0   511.8387303621356
642.0   513.3351132345219
643.0   511.1517187773306
644.0   508.761524067132
645.0   507.2310217513034
646.0   509.383324457442
647.0   504.47594117801697
648.0   494.2148171707442
649.0   489.2815949107974
650.0   488.94443339481006
651.0   481.0628041061809
652.0   478.34266129770594
653.0   469.784782144495
654.0   467.7635467073748
655.0   460.5002374251944
656.0   461.9997277867279
657.0   459.7553829501253
658.0   450.1988508312792
659.0   454.25925882729126
660.0   453.44347224957687
661.0   451.61430961353966
662.0   450.97857879213274
663.0   450.6266815487168
664.0   459.2820697931276
665.0   471.31651925431623
666.0   458.21204228244665
667.0   458.98029340582934
668.0   456.0547273807827
669.0   462.04474720120777
670.0   477.98801968794066
671.0   486.385836297855
672.0   493.06979113604973
673.0   491.66916419909916
674.0   490.1138263635254
675.0   507.2122913082502
676.0   507.9721353244903
677.0   519.1594965466395
678.0   530.897104385328
679.0   541.9421103374943
680.0   554.6658501889515
681.0   563.2800340539239
682.0   574.2215577616134
683.0   587.3839367872042
684.0   598.7114850219882
685.0   612.5918415334029
686.0   622.5977101001736
687.0   633.1471248645446
688.0   638.9899180643865
689.0   656.6904465892819
690.0   671.5987892079313
691.0   674.9128762018767
692.0   704.0293065725768
693.0   712.0890476829466
694.0   707.5507912672558
695.0   724.1234644647365
696.0   721.0830998424573
697.0   712.2267247022452
698.0   747.0037332370936
699.0   749.5039100159129
700.0   738.2364033415031
701.0   725.7552603726726
702.0   740.1153276284952
703.0   731.4822842130757
704.0   739.5645087380258
705.0   743.5260856259426
706.0   732.5102780892571
707.0   732.1335489988078
708.0   721.1216782545346
709.0   718.493868339869
710.0   706.8410788901123
711.0   695.345297533659
712.0   690.3592562600343
713.0   681.3115051985485
714.0   675.5673451796818
715.0   663.5419879339195
716.0   659.6183345771715
717.0   663.4844431073069
718.0   641.3878049308025
719.0   649.5835974590007
720.0   634.9831584320907
721.0   627.9087732866101
722.0   629.9693873892684
723.0   625.7378135847732
724.0   627.9851379438235
725.0   610.2176055394423
726.0   606.9115886042656
727.0   606.5036851549443
728.0   593.3492895266444
729.0   602.5284638811772
730.0   574.0644664175256
731.0   580.952221494888
732.0   598.2631942552629
733.0   594.9353010898315
734.0   590.7094417789561
735.0   586.6302434480663
736.0   559.2768174859864
737.0   566.4772031750706
738.0   573.7638648845233
739.0   564.5439446653509
740.0   589.5626945170742
741.0   571.4183204693502
742.0   581.2014431266766
743.0   564.3868376513605
744.0   563.7106093689265
745.0   549.6816062157257
746.0   544.5800057461236
747.0   547.8973503842253
748.0   545.1481134380037
749.0   559.4868314254062
750.0   572.0456961053362
751.0   586.8143668380561
752.0   602.3554256874465
753.0   627.46159238377
754.0   649.1671722166391
755.0   682.2559740834727
756.0   711.0278905225505
757.0   735.1044536483032
758.0   774.8430203356056
759.0   790.1085401584662
760.0   812.7447908474705
761.0   850.6131869462577
762.0   878.4594492627401
763.0   906.8214118242208
764.0   927.3846532494106
765.0   943.7437027441604
766.0   966.0615577361268
767.0   964.455246798362
768.0   1007.6348224013607
769.0   990.16596620017
770.0   1008.468687739723
771.0   1006.7147489062145
772.0   1008.2883678778727
773.0   984.8655237233987
774.0   995.9122523855865
775.0   976.8875858137096
776.0   976.8661408845213
777.0   978.6634139388428
778.0   975.6311033195499
779.0   943.4991532563663
780.0   937.4354522149151
781.0   921.4647456841119
782.0   902.5035022563418
783.0   882.1358391284411
784.0   867.9631832506498
785.0   847.9274809267592
786.0   832.3059512114505
787.0   812.2501627194343
788.0   793.9183244543358
789.0   783.1941586104418
790.0   763.6662971082443
791.0   739.7957352894296
792.0   729.8079378533571
793.0   708.7937092846483
794.0   689.837458332324
795.0   674.1612172820862
796.0   658.4567953079713
797.0   663.0880516822785
798.0   627.3188240459042
799.0   597.5267718450004
800.0   595.6149798441663
