500.0   350.6583322389342
501.0   352.7128764633773
502.0   346.78865659586234
503.0   341.87414347812046
504.0   339.12473392879576
505.0   326.6436522393544
506.0   320.0300223778586
507.0   310.3100075684439
508.0   295.60627815467456
509.0   287.7051363543221
510.0   277.41646637559927
511.0   274.4708018267088
512.0   272.0208402867132
513.0   266.57908797026766
514.0   250.63755236357068
515.0   250.08997512570215
516.0   257.4437485084266
517.0   260.66573005652003
518.0   253.1084757406084
519.0   258.564560750923
520.0   240.81862546325806
521.0   249.1138277176496
522.0   261.9291513350558
523.0   255.37458379278584
524.0   253.73858649691996
525.0   266.7562098605
526.0   272.2800324561609
527.0   283.5957471425206
528.0   291.2564847382089
529.0   299.3355095700357
530.0   312.0737509413357
531.0   326.09358678314595
532.0   331.63701272046933
533.0   339.4387672073772
534.0   352.62413258228247
535.0   365.1514953181666
536.0   379.58619905695883
537.0   385.6892402155257
538.0   395.8763080647485
539.0   404.3552877646793
540.0   409.02747103166826
541.0   402.0072026230454
542.0   401.00818991171906
543.0   403.3066154471219
544.0   393.5778565257532
545.0   388.4129248024251
546.0   374.4245155870032
547.0   365.2912600139225
548.0   352.5728497103248
549.0   343.29853312796286
550.0   333.4918045836862
551.0   318.61499110961995
552.0   321.5523405973835
553.0   302.8331419324635
554.0   300.1492717098475
555.0   292.6123521965708
556.0   288.32521835277316
557.0   280.51744159108347
558.0   280.55004719462465
559.0   269.17773305793014
560.0   274.80238186984593
561.0   272.15516092268285
562.0   258.84279010350895
563.0   262.47204970005475
564.0   272.41284929662777
565.0   265.1015717348342
566.0   283.6549256836115
567.0   282.0389612970551
568.0   278.8442918169457
569.0   291.7066387108555
570.0   302.43654988333407
571.0   303.438275653177
572.0   298.0952060347586
573.0   308.3599301870404
574.0   314.7929683169281
575.0   329.55898005836445
576.0   335.17794441115916
577.0   343.3007605135894
578.0   349.90859437268773
579.0   359.60159769906903
580.0   372.57447412310484
581.0   378.8301786283961
582.0   387.4158140937692
583.0   397.50988387712067
584.0   400.8609338291413
585.0   409.4116710518572
586.0   416.85440111080413
587.0   414.168923991126
588.0   417.01095053885854
589.0   422.9774187112956
590.0   416.40808204864555
591.0   420.67428208435615
592.0   404.95109986902264
593.0   408.05487890680763
594.0   396.4710726016043
595.0   388.9108183994145
596.0   383.52101194613243
597.0   372.0882708777476
598.0   367.69553426739026
599.0   362.00926685519636
600.0   347.2275334610507
601.0   346.3847628876857
602.0   334.3261460671994
603.0   340.8806255259821
604.0   327.928560146007
605.0   324.90818458775965
606.0   329.0009031272814
607.0   329.60919994494685
608.0   325.61104550077914
609.0   307.4818490358838
610.0   317.4362678520039
611.0   311.7841007751116
612.0   319.87961206443225
613.0   304.96480734217545
614.0   292.92451001207644
615.0   298.0171143394678
616.0   303.9498549250908
617.0   311.24016300641085
618.0   302.97375358770535
619.0   306.4173452697229
620.0   309.7856489975635
621.0   325.4197085890062
622.0   321.383038486479
623.0   339.34858569313656
624.0   349.3663563412108
625.0   353.28310587592
626.0   370.9230031643847
627.0   380.1056797283048
628.0   389.2014570365963
629.0   403.70512378097726
630.0   413.58030494260004
631.0   424.1899493669127
632.0   434.00616149279824
633.0   443.20908879554054
634.0   450.3267332135866
635.0   462.37598098200306
636.0   474.2102064739828
637.0   479.91362658544523
638.0   474.29109420418627
639.0   489.0734737694587
640.0   494.16943445877143
641.0   493.0649205376119
642.0   495.5267500687023
643.0   491.0071378483938
644.0   488.9083845308031
645.0   487.69077931590505
646.0   493.43818240295593
647.0   483.81800982351416
648.0   477.5286253235619
649.0   472.2877415011728
650.0   469.7282541709418
651.0   468.6334764196712
652.0   461.8323287488688
653.0   454.00668805785415
654.0   451.4620116374594
655.0   445.8515041777489
656.0   444.22089842257213
657.0   442.99487519615195
658.0   434.80074065509825
659.0   437.5207463114031
660.0   434.9689558087247
661.0   433.6988507151936
662.0   434.2183226096544
663.0   433.98469793687394
664.0   440.0028673922873
665.0   455.61190359512347
666.0   442.32637513600923
667.0   443.04824685495316
668.0   441.339872345576
669.0   446.6202573916719
670.0   464.0555876946564
671.0   469.2404054972369
672.0   476.4469339386212
673.0   472.981006856639
674.0   473.2690133820071
675.0   490.4019948396045
676.0   490.99069355215056
677.0   502.64933389740617
678.0   509.90381024704783
679.0   520.8251479174667
680.0   536.2328403155154
681.0   546.4226835433715
682.0   554.0194499776471
683.0   565.8086690388608
684.0   575.3116599537512
685.0   592.2971545234641
686.0   597.8578394587067
687.0   611.4975356431926
688.0   616.7705834320046
689.0   635.6120116334225
690.0   649.2037452162454
691.0   652.2285431221284
692.0   678.2666206378514
693.0   686.8733728429199
694.0   684.2844358858531
695.0   698.5457910571296
696.0   696.1340900139427
697.0   688.1526659608832
698.0   719.9616255367382
699.0   719.9613291952983
700.0   717.2441373184024
701.0   702.3226842283777
702.0   723.6839445655878
703.0   707.0369418637406
704.0   717.8518079367714
705.0   714.8047942646251
706.0   711.2867631615052
707.0   706.9618440825076
708.0   694.7946051792683
709.0   693.1700639065901
710.0   684.8016608676494
711.0   673.306424025787
712.0   669.5590749020885
713.0   662.1870521869973
714.0   653.6944931545634
715.0   643.5376774950838
716.0   637.7853374806904
717.0   643.0485827265219
718.0   621.5707883343168
719.0   629.4382373165322
720.0   610.353544209676
721.0   606.9458817862144
722.0   609.9016308187804
723.0   606.0757870403443
724.0   603.2977553789497
725.0   588.2835373921927
726.0   586.9062305339398
727.0   581.7091245637168
728.0   576.4875304969074
729.0   585.2298126059021
730.0   553.1892678340567
731.0   561.9212516566579
732.0   579.618167306163
733.0   577.6844870139714
734.0   574.430579361243
735.0   565.9618099658074
736.0   545.0299005503518
737.0   550.1971615404696
738.0   554.9255553435072
739.0   544.0017494724891
740.0   569.3661740133933
741.0   552.1563530305597
742.0   560.035049172307
743.0   553.3272112776207
744.0   543.4312335655832
745.0   529.2346212438822
746.0   526.2347123464056
747.0   532.4253968975336
748.0   532.4161700316347
749.0   538.6007553753204
750.0   553.2672892375665
751.0   565.7377113297478
752.0   583.8582302700129
753.0   607.769152877539
754.0   630.511082794528
755.0   661.4823363763335
756.0   684.1478127574803
757.0   710.5863304891117
758.0   747.1339820625552
759.0   761.0869123648507
760.0   787.5894808217347
761.0   821.6852759399524
762.0   845.086702391522
763.0   876.8511226253854
764.0   893.9705560078537
765.0   915.23248349556
766.0   935.1683723131932
767.0   936.6562642323523
768.0   977.4211751169039
769.0   958.0923163066457
770.0   979.3987299753996
771.0   974.1515806437435
772.0   972.881777896103
773.0   948.5020782036135
774.0   961.6310353039121
775.0   944.589313741792
776.0   943.3340041749174
777.0   950.4061693351495
778.0   939.0714069810816
779.0   909.8756878757506
780.0   911.2039531118965
781.0   894.1725780406139
782.0   873.6312757623621
783.0   855.1074145538043
784.0   839.892932777909
785.0   818.2244976041382
786.0   806.9910026434247
787.0   790.2652800648973
788.0   765.8451176821886
789.0   757.5771046696107
790.0   740.7497079700603
791.0   714.6184911978446
792.0   705.1943069323554
793.0   682.5193952270903
794.0   663.7475893142324
795.0   650.9474861297592
796.0   637.5240470802164
797.0   643.9446340417704
798.0   605.2340430107656
799.0   582.1705417163445
800.0   577.0204787320461
