500.0   358.4143612658517
501.0   361.61214927013276
502.0   357.78779756983636
503.0   347.0937298194659
504.0   349.3735663731576
505.0   335.6265183752082
506.0   328.33629927319294
507.0   318.57594730751254
508.0   304.70344727572814
509.0   293.887309770427
510.0   285.4077538869874
511.0   281.8904728784318
512.0   279.7995203033719
513.0   275.1983065456275
514.0   258.38417378339443
515.0   258.0375173688255
516.0   262.749018281517
517.0   267.19092928367854
518.0   257.0692823101317
519.0   265.34930944383393
520.0   247.67664016493
521.0   257.56642139519914
522.0   267.30668444246805
523.0   263.88769768313364
524.0   262.11688885296167
525.0   274.51291277400344
526.0   279.3908755861866
527.0   292.77720659090994
528.0   299.39514146632223
529.0   307.01755490680586
530.0   321.89123700792237
531.0   334.65358951128565
532.0   341.5229969893378
533.0   350.63229693321574
534.0   365.01329989054415
535.0   375.8587926177043
536.0   390.0178296516703
537.0   398.2749239517928
538.0   409.2209041170944
539.0   416.46591953370904
540.0   415.3354797992449
541.0   411.30906527716695
542.0   416.79723975749215
543.0   413.6265962359779
544.0   409.15797741091444
545.0   399.87141253994207
546.0   386.2378267755551
547.0   376.7796493110717
548.0   362.3767287087484
549.0   353.20235585528894
550.0   343.26619189711516
551.0   328.4533762399663
552.0   331.5918869595274
553.0   312.939482778019
554.0   310.9348838564012
555.0   300.88909155132455
556.0   296.75653991470244
557.0   288.85871806106115
558.0   290.36519850052434
559.0   278.1429398015726
560.0   280.64680903054364
561.0   281.06131606485076
562.0   265.83883914574756
563.0   267.60238940234564
564.0   281.4361966650815
565.0   273.9897895756347
566.0   292.4438086846935
567.0   289.5122013922406
568.0   287.6976485150859
569.0   302.2353385881024
570.0   310.3591818865078
571.0   310.93274508810293
572.0   308.05242797800884
573.0   317.0123973294956
574.0   325.69124453582475
575.0   340.34631644439696
576.0   344.13008735448796
577.0   356.3681092780451
578.0   363.2707573810155
579.0   372.7692822299892
580.0   383.623556545456
581.0   394.4651182605819
582.0   401.74533419656404
583.0   412.5760046810704
584.0   413.4174150373903
585.0   422.517780269053
586.0   430.8050845677494
587.0   428.48325168422707
588.0   429.46042775555975
589.0   439.74165194025034
590.0   431.9795830414219
591.0   434.95116882709533
592.0   421.6544098562
593.0   423.26589788877527
594.0   411.8508429782182
595.0   402.74429252665
596.0   397.3823224688651
597.0   383.2277314016769
598.0   382.2320911059254
599.0   372.12794897348607
600.0   361.66716935619115
601.0   357.03448065203895
602.0   343.19170481967797
603.0   352.7625143328
604.0   336.05172882285655
605.0   337.9616080749217
606.0   344.2251683408389
607.0   337.7681484907702
608.0   335.78739528623885
609.0   320.3633420172887
610.0   324.17241074101014
611.0   322.73646464239283
612.0   332.6033967875214
613.0   316.36481434005924
614.0   303.4996789228396
615.0   307.23716776701565
616.0   313.6717150636473
617.0   322.83450936739416
618.0   312.18148468299717
619.0   318.42317891007156
620.0   320.1514511711812
621.0   338.80419073129076
622.0   333.2514863541446
623.0   349.32120111263816
624.0   357.7169501768685
625.0   364.7280337296646
626.0   382.7792954494123
627.0   396.36198402719396
628.0   404.24585176116085
629.0   418.7071874188126
630.0   428.4971570383111
631.0   442.46381216668584
632.0   449.75812339556796
633.0   460.86434806000307
634.0   471.0436144321937
635.0   477.77227728995115
636.0   492.5833616262571
637.0   491.80686039955657
638.0   491.9530667251811
639.0   506.6058585308583
640.0   512.6258871333732
641.0   515.0389112730892
642.0   511.66149699963546
643.0   511.200847759911
644.0   505.2762311934558
645.0   506.5297501984494
646.0   511.08525006445075
647.0   499.3482326433901
648.0   496.1567584547568
649.0   488.71179864599634
650.0   488.8307998306607
651.0   481.41725282901416
652.0   477.1973455148327
653.0   470.4638417670034
654.0   467.48538249027325
655.0   459.7942385775624
656.0   459.59207386805025
657.0   460.5406924152675
658.0   448.44298762497544
659.0   456.782372141355
660.0   454.075028541464
661.0   448.417001028896
662.0   451.4137275787537
663.0   448.485398808547
664.0   455.6693407036707
665.0   471.0226812230281
666.0   458.71687730897474
667.0   458.8331648719618
668.0   456.08353119571365
669.0   462.532185000523
670.0   480.6515832469306
671.0   489.0964630352122
672.0   494.4317810365071
673.0   490.9858769181172
674.0   495.8317848052037
675.0   509.2028829798959
676.0   508.85959704206175
677.0   518.0846787323605
678.0   528.6862109973829
679.0   543.1332361067488
680.0   554.2862951463364
681.0   563.2653781942722
682.0   577.7637463178053
683.0   588.7026910967114
684.0   599.5590192326804
685.0   617.4036501758233
686.0   624.27041641926
687.0   632.1850369329557
688.0   642.6330665905144
689.0   661.0406023758588
690.0   671.3009350588875
691.0   677.9347315704082
692.0   702.434439208775
693.0   713.8418093148133
694.0   714.4609614506726
695.0   724.8411535239434
696.0   720.46894283474
697.0   714.1439247613749
698.0   745.3841085345535
699.0   752.201621051154
700.0   745.3128591746799
701.0   726.9862339809092
702.0   746.4150505161936
703.0   735.9315264483928
704.0   740.8673333089353
705.0   750.1735840469466
706.0   737.7965609643477
707.0   737.0841340857818
708.0   727.3498870995871
709.0   722.0451580809955
710.0   705.9038794473361
711.0   699.5632581370742
712.0   694.4185166450695
713.0   685.486567906474
714.0   675.3173416272202
715.0   665.860013614302
716.0   662.2877414756189
717.0   669.1556121542291
718.0   646.3959907393302
719.0   653.6564568291371
720.0   632.5058247782412
721.0   629.987339822625
722.0   635.5439791402762
723.0   625.1196282754074
724.0   630.9284080317366
725.0   612.590703933345
726.0   606.0581349481342
727.0   607.0623603885039
728.0   599.5780663309762
729.0   605.0258491626079
730.0   573.3453710413621
731.0   583.3420789358722
732.0   601.0321191105745
733.0   597.6450427434747
734.0   595.9326362368927
735.0   586.9105376441998
736.0   564.5751695175209
737.0   571.4770927106986
738.0   576.436932493495
739.0   566.7549327273475
740.0   593.9848761382059
741.0   575.5513442605136
742.0   586.5029008797269
743.0   571.7145677523948
744.0   562.8574472249403
745.0   553.5088415468881
746.0   547.811357116215
747.0   549.6771550529375
748.0   551.408470154207
749.0   560.5354071506331
750.0   575.541936595453
751.0   588.4548408397856
752.0   603.6395038312467
753.0   628.9904573641718
754.0   652.6119448874529
755.0   684.1037571382346
756.0   711.6697558179117
757.0   736.5837197554646
758.0   777.3304130424294
759.0   793.5242452421587
760.0   819.3086031516409
761.0   853.81069406764
762.0   882.0947749777318
763.0   913.7117331581396
764.0   928.6626007763509
765.0   947.6899780165222
766.0   974.8846710774355
767.0   973.42081558456
768.0   1014.6128648738838
769.0   995.1306536106636
770.0   1012.6338277317393
771.0   1010.8831019236716
772.0   1013.8664181143973
773.0   988.2831781048843
774.0   1001.8152200906948
775.0   980.4975440796879
776.0   982.9579048925572
777.0   983.6948890202417
778.0   976.9167148084135
779.0   947.9412418151308
780.0   948.3629526318916
781.0   929.381302359431
782.0   912.2254941287338
783.0   893.3937848877802
784.0   873.6962530327723
785.0   856.0411602075776
786.0   836.1618453855415
787.0   818.4529345666058
788.0   801.1063868420998
789.0   787.9446969800674
790.0   770.0275419847541
791.0   743.4012715971869
792.0   734.0480272987033
793.0   712.1835891394027
794.0   693.774547574587
795.0   679.0105000811134
796.0   664.6617101972115
797.0   668.2373273561757
798.0   631.9433948326516
799.0   602.0222411374461
800.0   597.2540691521199
