500.0   32.0
501.0   32.0
502.0   32.0
503.0   32.0
504.0   32.0
505.0   32.0
506.0   32.0
507.0   32.0
508.0   32.0
509.0   32.0
510.0   32.0
511.0   32.0
512.0   32.0
513.0   70.0
514.0   70.0
515.0   70.0
516.0   70.0
517.0   70.0
518.0   70.0
519.0   70.0
520.0   70.0
521.0   70.0
522.0   70.0
523.0   70.0
524.0   70.0
525.0   70.0
526.0   70.0
527.0   70.0
528.0   32.0
529.0   70.0
530.0   32.0
531.0   33.0
532.0   33.0
533.0   33.0
534.0   33.0
535.0   33.0
536.0   33.0
537.0   33.0
538.0   33.0
539.0   33.0
540.0   33.0
541.0   33.0
542.0   33.0
543.0   33.0
544.0   33.0
545.0   33.0
546.0   33.0
547.0   33.0
548.0   33.0
549.0   33.0
550.0   33.0
551.0   33.0
552.0   33.0
553.0   33.0
554.0   33.0
555.0   70.0
556.0   70.0
557.0   70.0
558.0   70.0
559.0   70.0
560.0   70.0
561.0   70.0
562.0   70.0
563.0   70.0
564.0   70.0
565.0   70.0
566.0   70.0
567.0   70.0
568.0   70.0
569.0   70.0
570.0   70.0
571.0   70.0
572.0   70.0
573.0   70.0
574.0   70.0
575.0   70.0
576.0   70.0
577.0   70.0
578.0   34.0
579.0   34.0
580.0   34.0
581.0   34.0
582.0   34.0
583.0   34.0
584.0   34.0
585.0   34.0
586.0   34.0
587.0   34.0
588.0   34.0
589.0   34.0
590.0   34.0
591.0   34.0
592.0   34.0
593.0   34.0
594.0   34.0
595.0   34.0
596.0   34.0
597.0   34.0
598.0   34.0
599.0   34.0
600.0   34.0
601.0   34.0
602.0   70.0
603.0   34.0
604.0   70.0
605.0   70.0
606.0   70.0
607.0   70.0
608.0   70.0
609.0   70.0
610.0   70.0
611.0   70.0
612.0   70.0
613.0   70.0
614.0   70.0
615.0   70.0
616.0   70.0
617.0   70.0
618.0   70.0
619.0   70.0
620.0   70.0
621.0   70.0
622.0   70.0
623.0   70.0
624.0   70.0
625.0   70.0
626.0   70.0
627.0   70.0
628.0   70.0
629.0   70.0
630.0   70.0
631.0   34.0
632.0   34.0
633.0   34.0
634.0   34.0
635.0   34.0
636.0   34.0
637.0   34.0
638.0   35.0
639.0   35.0
640.0   35.0
641.0   35.0
642.0   35.0
643.0   35.0
644.0   35.0
645.0   35.0
646.0   35.0
647.0   35.0
648.0   35.0
649.0   35.0
650.0   35.0
651.0   35.0
652.0   35.0
653.0   35.0
654.0   35.0
655.0   35.0
656.0   35.0
657.0   35.0
658.0   35.0
659.0   35.0
660.0   35.0
661.0   35.0
662.0   70.0
663.0   70.0
664.0   70.0
665.0   70.0
666.0   70.0
667.0   70.0
668.0   70.0
669.0   70.0
670.0   70.0
671.0   70.0
672.0   70.0
673.0   70.0
674.0   70.0
675.0   70.0
676.0   70.0
677.0   70.0
678.0   70.0
679.0   70.0
680.0   70.0
681.0   70.0
682.0   70.0
683.0   35.0
684.0   35.0
685.0   35.0
686.0   35.0
687.0   35.0
688.0   35.0
689.0   35.0
690.0   35.0
691.0   35.0
692.0   35.0
693.0   35.0
694.0   35.0
695.0   35.0
696.0   35.0
697.0   35.0
698.0   35.0
699.0   35.0
700.0   35.0
701.0   35.0
702.0   35.0
703.0   35.0
704.0   35.0
705.0   35.0
706.0   35.0
707.0   35.0
708.0   35.0
709.0   35.0
710.0   35.0
711.0   35.0
712.0   35.0
713.0   35.0
714.0   70.0
715.0   35.0
716.0   70.0
717.0   70.0
718.0   70.0
719.0   70.0
720.0   70.0
721.0   70.0
722.0   70.0
723.0   70.0
724.0   70.0
725.0   70.0
726.0   70.0
727.0   70.0
728.0   70.0
729.0   70.0
730.0   70.0
731.0   70.0
732.0   70.0
733.0   70.0
734.0   70.0
735.0   70.0
736.0   70.0
737.0   70.0
738.0   70.0
739.0   70.0
740.0   70.0
741.0   70.0
742.0   70.0
743.0   70.0
744.0   37.0
745.0   37.0
746.0   36.0
747.0   37.0
748.0   70.0
749.0   70.0
750.0   70.0
751.0   70.0
752.0   70.0
753.0   70.0
754.0   70.0
755.0   70.0
756.0   70.0
757.0   70.0
758.0   70.0
759.0   70.0
760.0   70.0
761.0   70.0
762.0   70.0
763.0   70.0
764.0   70.0
765.0   70.0
766.0   37.0
767.0   37.0
768.0   37.0
769.0   37.0
770.0   36.0
771.0   36.0
772.0   36.0
773.0   36.0
774.0   36.0
775.0   36.0
776.0   37.0
777.0   36.0
778.0   36.0
779.0   36.0
780.0   37.0
781.0   36.0
782.0   36.0
783.0   36.0
784.0   37.0
785.0   37.0
786.0   37.0
787.0   36.0
788.0   37.0
789.0   37.0
790.0   37.0
791.0   37.0
792.0   37.0
793.0   36.0
794.0   37.0
795.0   37.0
796.0   37.0
797.0   36.0
798.0   37.0
799.0   37.0
800.0   37.0
