600.0   588.2893602894762
601.0   582.505107913635
602.0   569.8456841721373
603.0   567.4537552403156
604.0   577.1611140863071
605.0   568.9092613061517
606.0   562.2022184082131
607.0   578.832904402566
608.0   566.09611208863
609.0   550.0900341703046
610.0   562.2607926849612
611.0   539.4969945776455
612.0   555.3839799898732
613.0   546.8432203239784
614.0   548.337785510412
615.0   540.6419524324423
616.0   558.8393201682892
617.0   566.9268145444369
618.0   567.8058905870071
619.0   567.4322399411674
620.0   582.311779597651
621.0   608.9811858720949
622.0   600.0605656227746
623.0   633.8621027416226
624.0   648.766877327416
625.0   662.1938355870362
626.0   682.7272199283993
627.0   691.2554822470472
628.0   701.2900314507247
629.0   724.6089759667457
630.0   726.1422838938261
631.0   756.5128335133917
632.0   768.0470617353291
633.0   791.7722373273966
634.0   791.0858992359798
635.0   803.6625188022252
636.0   821.5376812781182
637.0   820.9839752385616
638.0   820.4966833458369
639.0   850.2133118960554
640.0   839.0805050034925
641.0   838.3296662105092
642.0   851.6580924756245
643.0   846.2893400952919
644.0   844.6539158901667
645.0   848.6383213942828
646.0   852.7603373554598
647.0   831.3974376595685
648.0   828.9930044856603
649.0   833.2497548037962
650.0   831.0772748170522
651.0   835.2722425108968
652.0   824.1656633628736
653.0   825.5743406002329
654.0   816.9751908677074
655.0   807.0164822861
656.0   820.0195525281614
657.0   816.7993354397782
658.0   807.5599334067653
659.0   795.5582549352436
660.0   810.4804808064755
661.0   805.0418556020048
662.0   819.37027899378
663.0   818.4958354129102
664.0   829.6589037563489
665.0   842.8332306997044
666.0   835.1480841654546
667.0   833.1824967070991
668.0   826.760026533263
669.0   835.5908679024881
670.0   869.7107479480746
671.0   878.536499261608
672.0   895.8249029941406
673.0   892.6337562733446
674.0   900.8306142618906
675.0   932.0444719814813
676.0   937.0353556893233
677.0   938.3529052814046
678.0   980.7423369239473
679.0   985.7468420909203
680.0   1031.3926751623812
681.0   1037.1258686057113
682.0   1041.6772385407469
683.0   1067.7163029263395
684.0   1105.0212865526792
685.0   1099.3862052977213
686.0   1119.7340444164413
687.0   1134.8109335130832
688.0   1154.357402500985
689.0   1185.3260871584303
690.0   1215.6851898565803
691.0   1217.004938516754
692.0   1240.5584332283565
693.0   1276.3687895490827
694.0   1270.0335590632571
695.0   1300.2345854025946
696.0   1286.4967754976947
697.0   1285.9325229458423
698.0   1309.3865630652338
699.0   1335.466637935512
700.0   1327.7356418869047
701.0   1302.3208154763258
702.0   1325.6250160780248
703.0   1321.0848154604344
704.0   1323.453900724942
705.0   1340.521574943415
706.0   1333.678468457889
707.0   1324.5589194123604
708.0   1316.6596655527667
709.0   1305.3862474286955
710.0   1279.6372687656112
711.0   1256.233274753901
712.0   1274.5231758201212
713.0   1268.9159969590435
714.0   1245.295110893975
715.0   1208.1655606639883
716.0   1214.3444478104584
717.0   1233.912075225589
718.0   1194.3150988882505
719.0   1229.3291468723146
720.0   1191.5733955376172
721.0   1210.5304269742307
722.0   1201.925838534825
723.0   1192.171637353878
724.0   1204.7039263531044
725.0   1183.3605016207416
726.0   1177.1927011184487
727.0   1170.0227933221572
728.0   1174.9862448751858
729.0   1166.2541094043477
730.0   1133.3879694049804
731.0   1135.8072189908962
732.0   1168.114837531004
733.0   1164.684135975471
734.0   1158.035002849983
735.0   1165.7285966456936
736.0   1122.1509983025226
737.0   1123.9561670234007
738.0   1165.1483292837768
739.0   1140.8809805010096
740.0   1176.5191748302714
741.0   1162.418428253436
742.0   1174.5061528713284
743.0   1173.3513994105115
744.0   1167.1303147296567
745.0   1146.1123948721763
746.0   1159.176523149794
747.0   1174.2334822714529
748.0   1173.8131825260507
749.0   1164.157864285438
750.0   1140.9261936169048
751.0   1135.3754744638047
752.0   1130.7964066873883
753.0   1148.8848863586954
754.0   1149.0177153243421
755.0   1194.9810744044446
756.0   1243.3585179623512
757.0   1228.5368957613084
758.0   1304.944264382222
759.0   1325.545159133082
760.0   1346.851239598616
761.0   1416.128475907225
762.0   1468.860239168676
763.0   1514.1478098686605
764.0   1546.1021615470816
765.0   1587.7707562669964
766.0   1620.9659369656401
767.0   1617.1571591905308
768.0   1693.5296597931283
769.0   1655.9698049493516
770.0   1702.454489019671
771.0   1685.0240607685828
772.0   1688.3482077765407
773.0   1643.0641017529713
774.0   1682.4535206383073
775.0   1624.990357099146
776.0   1608.0144612199583
777.0   1631.9616391462216
778.0   1610.896666360372
779.0   1547.8873102702169
780.0   1528.182489974482
781.0   1484.2486314548992
782.0   1482.7939810791386
783.0   1432.930079346322
784.0   1401.6807591167026
785.0   1366.0386353129636
786.0   1328.1506220180695
787.0   1306.6869586355938
788.0   1259.7913454186846
789.0   1239.0682237652475
790.0   1222.312654560907
791.0   1157.7588847952745
792.0   1152.0047777025102
793.0   1107.4473048348896
794.0   1060.2291822647855
795.0   1039.1059577339388
796.0   996.3588201068425
797.0   1005.5195418364965
798.0   956.2324017825456
799.0   912.675944064263
800.0   892.1693667049997
