600.0   531.6166705213338
601.0   532.3681809366971
602.0   523.807333974858
603.0   521.450455539066
604.0   520.7168452733958
605.0   505.0654480965255
606.0   529.4505328890164
607.0   527.70376592237
608.0   526.5843824717798
609.0   498.55177833731625
610.0   515.7277491096353
611.0   524.594056259248
612.0   516.1215577631274
613.0   510.5681080278991
614.0   503.2525009675963
615.0   509.52520113766644
616.0   514.0494405548714
617.0   529.7901956581032
618.0   510.7513167842049
619.0   540.3437989648718
620.0   531.0646456308546
621.0   561.7042621247157
622.0   557.6016892058669
623.0   575.723008260876
624.0   587.6173857538047
625.0   615.0949358108231
626.0   614.6575924213423
627.0   640.9072991639482
628.0   648.3033777370991
629.0   647.4880773450677
630.0   678.8903672229097
631.0   679.717376599376
632.0   701.4171742407549
633.0   707.4552082341052
634.0   712.340328823935
635.0   731.7520542039018
636.0   756.5872927563477
637.0   752.1168896173597
638.0   755.68017264549
639.0   775.992483176976
640.0   765.4097561110995
641.0   774.1482677666199
642.0   776.6116022444787
643.0   763.8161858643057
644.0   770.9337016785481
645.0   768.3750928202712
646.0   773.3022902967664
647.0   769.7874172170236
648.0   766.3738292455613
649.0   758.8699441777727
650.0   764.2611985096763
651.0   755.0205514350675
652.0   748.0244659001889
653.0   738.9456111525476
654.0   746.8784769875228
655.0   744.364846428424
656.0   750.9702938785168
657.0   738.0816732447648
658.0   739.4937652341072
659.0   736.4281545060537
660.0   738.4253715849504
661.0   731.3362777657395
662.0   744.872894188936
663.0   748.1436182067913
664.0   766.799911559554
665.0   772.3800671753846
666.0   753.9534567749025
667.0   767.6211218778229
668.0   775.3199208002725
669.0   782.188361528578
670.0   796.6705769006618
671.0   808.1276235588412
672.0   827.2617997421423
673.0   821.8960475268705
674.0   819.2227506328803
675.0   845.6805927296517
676.0   849.715500918194
677.0   860.4412657854168
678.0   866.5145296807327
679.0   903.022813697356
680.0   908.9844300979224
681.0   941.4399410764072
682.0   938.0597575936339
683.0   976.2020559915906
684.0   997.0077633210796
685.0   1000.0664950059485
686.0   1020.8115906285749
687.0   1042.2449959853082
688.0   1050.6919730755392
689.0   1062.5706036782192
690.0   1102.2968478788648
691.0   1100.4062383517178
692.0   1138.8568740574613
693.0   1152.8967688883768
694.0   1134.3930968927132
695.0   1163.6903863686434
696.0   1168.8898202586697
697.0   1138.400405585022
698.0   1199.4644754268465
699.0   1199.9988048585785
700.0   1203.37502466325
701.0   1187.8694198804492
702.0   1186.3894568355422
703.0   1212.048085255899
704.0   1186.2039974177292
705.0   1196.1640124692785
706.0   1197.6901946426267
707.0   1177.7654619544876
708.0   1193.6326903100662
709.0   1182.0364403316298
710.0   1150.6065187214967
711.0   1145.8532948141328
712.0   1143.7395974724564
713.0   1133.1809437407937
714.0   1118.96038652742
715.0   1114.1055847496837
716.0   1114.9000494469146
717.0   1118.5831793378973
718.0   1087.2435132924124
719.0   1113.054158718363
720.0   1087.8432449692295
721.0   1081.1425772276687
722.0   1082.4617715532727
723.0   1085.0252330046264
724.0   1089.9805889638394
725.0   1052.6730823368828
726.0   1057.8016422395217
727.0   1044.00963394541
728.0   1050.8584107096576
729.0   1083.0485345077939
730.0   1021.6725010590509
731.0   1049.6106032408857
732.0   1068.8793202167815
733.0   1059.9678468635097
734.0   1056.0131891397361
735.0   1041.0755265014054
736.0   1025.294668249793
737.0   1037.7566423971743
738.0   1055.4787862027986
739.0   1032.5302352421543
740.0   1059.0775753833677
741.0   1045.7192962150439
742.0   1058.941309030733
743.0   1076.1554892242361
744.0   1060.985918161945
745.0   1050.7236116504273
746.0   1046.674400604215
747.0   1072.5488231693434
748.0   1047.8954223719559
749.0   1040.8777797149899
750.0   1042.39525469727
751.0   1041.2613581334408
752.0   1034.243290239059
753.0   1062.7952727304596
754.0   1054.5933252953848
755.0   1102.1335243115254
756.0   1136.8150969607598
757.0   1157.8411667664009
758.0   1208.6292038499587
759.0   1226.5592516653808
760.0   1261.9838076833798
761.0   1318.4403855922449
762.0   1346.2595430954239
763.0   1396.615467270957
764.0   1440.9174856351779
765.0   1456.7959976238508
766.0   1493.5730586205414
767.0   1495.372539657933
768.0   1567.9373895959902
769.0   1522.1019518463143
770.0   1564.9068075902917
771.0   1577.0961168606923
772.0   1575.28405215921
773.0   1528.9192215046237
774.0   1542.973033311383
775.0   1517.440581576314
776.0   1499.8517541186304
777.0   1506.347286599284
778.0   1507.2460955693996
779.0   1462.575530614921
780.0   1439.7506634938536
781.0   1403.9143994632423
782.0   1396.6972092568387
783.0   1345.805841112626
784.0   1303.7244484150272
785.0   1274.1060193669234
786.0   1246.363641847664
787.0   1224.8593750887665
788.0   1191.6273040427648
789.0   1171.430405605209
790.0   1149.848231014722
791.0   1090.831169646967
792.0   1080.8325867754174
793.0   1051.5593994913079
794.0   1013.5602907048997
795.0   993.9201456696301
796.0   999.7044970809998
797.0   988.053958982715
798.0   933.8534647191022
799.0   885.3615415744476
800.0   868.1911140177019
