600.0   461.94724419265594
601.0   466.98811445619833
602.0   458.5223230720921
603.0   461.74885123893426
604.0   464.0217808633963
605.0   448.96813278094857
606.0   456.64308415818306
607.0   459.958553626175
608.0   452.338877307313
609.0   444.54478145100126
610.0   448.3990599910218
611.0   447.5943832554023
612.0   454.4296792676756
613.0   450.0964050237764
614.0   439.5459144126124
615.0   448.06399560235764
616.0   449.9474030845676
617.0   459.0022147643088
618.0   448.4639568539788
619.0   457.79967913599353
620.0   464.3586844897471
621.0   477.10386929010986
622.0   486.8449227063633
623.0   501.2677864630898
624.0   506.95771154101277
625.0   521.0239557736714
626.0   526.618838271174
627.0   541.1956250911203
628.0   546.8618596213201
629.0   567.3755803064048
630.0   574.2984607314287
631.0   586.5546824021916
632.0   589.1644329868582
633.0   592.4135345201387
634.0   599.7719687804278
635.0   619.9406345832836
636.0   620.1999821777167
637.0   627.7408206995217
638.0   632.8264790226799
639.0   638.3431611083789
640.0   652.2898510964496
641.0   649.3087186344401
642.0   652.3114733722565
643.0   654.1436240676925
644.0   638.9076081734735
645.0   643.4547229106893
646.0   671.1115036677294
647.0   652.2492665529145
648.0   647.5788977156899
649.0   638.3580600483815
650.0   625.451567585597
651.0   632.8828374574441
652.0   624.4074767081606
653.0   632.914090934802
654.0   636.6430625075543
655.0   613.6946158775373
656.0   620.8085861211747
657.0   634.2500593827446
658.0   629.0634050424547
659.0   624.9881089535745
660.0   630.9863168968286
661.0   620.7613887364572
662.0   633.0790908504473
663.0   631.6783950753927
664.0   643.6104486421196
665.0   649.1057105795697
666.0   642.1012743290119
667.0   648.6171202578914
668.0   638.1020007914148
669.0   640.6562748195108
670.0   656.1307255150147
671.0   678.5785921317936
672.0   692.5471430846495
673.0   690.9186517565477
674.0   691.6528914784151
675.0   697.1122876215622
676.0   719.0011801899773
677.0   742.797886843795
678.0   745.1415543199032
679.0   745.8247606709925
680.0   759.0611078014887
681.0   766.8638239947788
682.0   785.5682950356413
683.0   815.2079409368969
684.0   808.9865616203145
685.0   840.9693762987479
686.0   849.1354422922152
687.0   869.2515277658644
688.0   876.2267745885837
689.0   876.3518813949573
690.0   906.8456663679012
691.0   901.2195708535771
692.0   931.5954999301989
693.0   954.5047115160434
694.0   943.24849243324
695.0   968.233353970673
696.0   962.1959237580548
697.0   951.8157202282403
698.0   990.6904133421345
699.0   996.4428292091519
700.0   978.3377612389671
701.0   976.9538721972747
702.0   1005.476850118679
703.0   984.0307948037425
704.0   995.7257290738818
705.0   981.2760080654687
706.0   979.8842348948892
707.0   960.8242651510074
708.0   974.385570733591
709.0   972.6611114436453
710.0   978.353531799754
711.0   944.800631471449
712.0   938.2136960505308
713.0   943.8299085609005
714.0   934.1699316688375
715.0   912.1504156564216
716.0   923.1024947551653
717.0   933.6011975672634
718.0   907.8719525002193
719.0   929.2869882019471
720.0   895.2148332726273
721.0   894.6728903553171
722.0   899.8520751131862
723.0   900.8991507150121
724.0   903.1363898247287
725.0   884.6222079502916
726.0   864.1574579875153
727.0   868.9933068820915
728.0   873.8082577204582
729.0   882.7809812403515
730.0   848.7954542591459
731.0   845.8481078386716
732.0   887.3873625782606
733.0   877.1441427743528
734.0   881.0849627389575
735.0   857.7497665545527
736.0   844.1427138258773
737.0   855.496205522814
738.0   874.7373939434524
739.0   854.8332898278298
740.0   895.4769848910128
741.0   864.3642494283641
742.0   887.2877725330185
743.0   864.0356499632682
744.0   884.0017384293225
745.0   870.3203852717161
746.0   880.0624648616281
747.0   879.9029098494492
748.0   879.2006177084788
749.0   863.8683334512187
750.0   863.1175124149839
751.0   863.0271582955036
752.0   868.0835929359748
753.0   896.7643801084638
754.0   880.2476024523991
755.0   925.6699003415611
756.0   946.5642131730154
757.0   968.9530561762282
758.0   1025.0488739745747
759.0   1013.426725629997
760.0   1054.717832239981
761.0   1088.0431991526536
762.0   1114.061133305528
763.0   1167.7385552139394
764.0   1164.1732358918675
765.0   1209.7411242696567
766.0   1234.760024766337
767.0   1235.4125252905735
768.0   1281.4841548631582
769.0   1271.1266856227887
770.0   1271.3433741256702
771.0   1284.078145527179
772.0   1286.2706592079346
773.0   1270.3845633885028
774.0   1281.6275421742846
775.0   1246.5812113379623
776.0   1256.9195544107743
777.0   1235.35540484055
778.0   1243.8648926321143
779.0   1203.9217191382795
780.0   1192.2537796329682
781.0   1152.997910440866
782.0   1152.1411999540192
783.0   1115.4434789711042
784.0   1094.6504499832608
785.0   1085.079678088282
786.0   1051.2360334023829
787.0   1034.138002906822
788.0   1018.4016947044717
789.0   993.8610488053802
790.0   973.3229949117367
791.0   935.1371558484628
792.0   906.5612290322612
793.0   899.8833750482759
794.0   870.5408999561034
795.0   843.1066449501842
796.0   832.804687173452
797.0   822.2706278029923
798.0   786.3851446939801
799.0   764.9733961494998
800.0   764.3683325409952
