600.0   394.4934534357744
601.0   394.7913836056589
602.0   374.20454240356025
603.0   386.94723040225335
604.0   382.184308409156
605.0   401.9355375468886
606.0   390.1949835691121
607.0   382.23661204404556
608.0   397.36766388671504
609.0   376.0987194029914
610.0   383.7810151417593
611.0   389.9071792241643
612.0   384.3601351145563
613.0   383.6355592587709
614.0   372.92152275715864
615.0   382.42719304623506
616.0   391.35303903209734
617.0   386.7890024066035
618.0   391.3550163305418
619.0   399.9250018065643
620.0   391.5863067402754
621.0   408.1824675090293
622.0   398.7662710625804
623.0   417.90328046630935
624.0   421.2227952749224
625.0   437.02306490722265
626.0   437.87616545409327
627.0   459.6753649483773
628.0   466.6814556786822
629.0   467.7673370396649
630.0   474.50318621959275
631.0   491.73381836689566
632.0   486.0522120544881
633.0   496.97574859785766
634.0   499.4280862536024
635.0   506.35723863154817
636.0   519.3747101770343
637.0   528.842935446555
638.0   527.040298768114
639.0   530.8192144780155
640.0   528.2902316545589
641.0   539.4987841946136
642.0   538.9564879555303
643.0   536.216864828376
644.0   526.832445890746
645.0   536.1348932852991
646.0   535.1088461250484
647.0   529.747963641302
648.0   535.4248300937327
649.0   530.0251377302496
650.0   525.8130803847602
651.0   528.8281121397674
652.0   523.5865729583738
653.0   523.0562519905601
654.0   520.1667227676087
655.0   507.7133602958918
656.0   521.3064094598624
657.0   524.9604072775884
658.0   503.5942790906243
659.0   531.5917701142612
660.0   515.4823558887746
661.0   525.4684415819454
662.0   518.3372782444931
663.0   519.142099606719
664.0   538.3078216625759
665.0   545.8649594415735
666.0   529.6544494187572
667.0   534.6197612759503
668.0   539.6296244193112
669.0   533.1273898774033
670.0   550.9054887459451
671.0   553.2031353997507
672.0   560.9082289194253
673.0   556.8012195258206
674.0   565.389127860342
675.0   579.1096659752517
676.0   580.0358060184217
677.0   577.8009751982444
678.0   608.3416447216731
679.0   611.5191350135445
680.0   619.4611068838819
681.0   625.2324591594502
682.0   646.559744442317
683.0   651.7867694712771
684.0   661.0093663723845
685.0   669.1227157845867
686.0   686.4858036533066
687.0   686.7789405696898
688.0   707.1735891086058
689.0   712.6113728877359
690.0   727.3362220971574
691.0   734.8483687068451
692.0   752.7865294536501
693.0   762.7608895223651
694.0   774.046786885042
695.0   764.3670394190907
696.0   777.3083960228101
697.0   763.3713488886755
698.0   771.8747384696456
699.0   803.4037899049774
700.0   792.605086067513
701.0   783.9352309671499
702.0   803.6317867774644
703.0   783.9953186104873
704.0   788.0470195697859
705.0   795.8945211509886
706.0   778.4685900552919
707.0   777.2983361195061
708.0   769.6167984316646
709.0   783.3805788334715
710.0   770.3651782454521
711.0   763.6605484788882
712.0   744.5742744695184
713.0   754.1642604580198
714.0   744.5641522954103
715.0   737.0083595287497
716.0   734.0359498843309
717.0   749.7172897080058
718.0   716.1711474180393
719.0   726.3782255208915
720.0   719.197020175584
721.0   720.7617960198664
722.0   719.972060573736
723.0   718.6938953518177
724.0   707.4972009542604
725.0   711.163054207639
726.0   711.0065665717693
727.0   704.9648845969983
728.0   701.3542908282229
729.0   709.8587055988348
730.0   692.831145858418
731.0   692.8850822054105
732.0   708.8616161403988
733.0   698.844022548505
734.0   697.1854676185532
735.0   698.6156719906567
736.0   682.0105814008889
737.0   698.7501206210464
738.0   696.6927776911489
739.0   693.990802100248
740.0   720.9881893532257
741.0   697.2458969733333
742.0   712.4296846120475
743.0   702.4416761215546
744.0   716.3421098710375
745.0   702.9386309443618
746.0   688.4863669630861
747.0   695.0547996731245
748.0   706.9012043849332
749.0   690.7825291917521
750.0   696.8786383819795
751.0   688.1424144695142
752.0   713.9884589699667
753.0   706.7268051860311
754.0   717.3862095384645
755.0   746.0088418338779
756.0   754.6381970669112
757.0   764.2167160290221
758.0   800.97280617213
759.0   812.8795148506713
760.0   836.79664052541
761.0   859.7351916540209
762.0   894.762898968484
763.0   922.3509931357931
764.0   940.4216890698848
765.0   957.2271169364365
766.0   966.1789379844898
767.0   966.6756923404013
768.0   1005.8332027609453
769.0   987.1447186918119
770.0   1007.5418338025141
771.0   1005.0868716137871
772.0   1004.7828606394298
773.0   994.0938189405833
774.0   997.3567271528092
775.0   988.7730038519541
776.0   985.0319611472903
777.0   992.6174407897098
778.0   990.4925971434121
779.0   955.362510045712
780.0   947.6298404500004
781.0   932.6587334091846
782.0   897.6014522890418
783.0   889.3316500484814
784.0   872.6683695399647
785.0   854.4816671643666
786.0   845.9536957425804
787.0   837.5151526387067
788.0   800.024188865737
789.0   804.1163184371654
790.0   772.0317424537513
791.0   753.701200988356
792.0   736.8860100531043
793.0   721.8761202474996
794.0   703.2492879501782
795.0   688.6910081323977
796.0   681.001423321632
797.0   692.6519348465322
798.0   655.6685966213224
799.0   635.5713713087813
800.0   619.676533101554
