600.0   322.61170814763506
601.0   320.3758359321153
602.0   322.65743402081114
603.0   329.71297872732976
604.0   321.3509330239085
605.0   318.03466163214085
606.0   325.5662031270579
607.0   329.41255060954967
608.0   328.54135274114645
609.0   320.1961590651047
610.0   326.5261918648356
611.0   313.52514494328324
612.0   320.6473578846112
613.0   324.56334717922516
614.0   316.7842971089244
615.0   312.9731720111151
616.0   325.9201750283218
617.0   327.74236028466174
618.0   332.0006960116801
619.0   329.44737836624154
620.0   329.7715444160289
621.0   335.72565649028996
622.0   332.6389001876745
623.0   342.3315074018217
624.0   352.20513639834417
625.0   354.111285922423
626.0   346.9483495407525
627.0   364.72189985657315
628.0   371.47544469794605
629.0   382.65185604905554
630.0   371.6475133429566
631.0   389.71453057045625
632.0   392.7545143201775
633.0   405.38586317556724
634.0   406.7213522346474
635.0   403.30550301646184
636.0   412.5356201742045
637.0   417.92336930054495
638.0   411.9089965491305
639.0   414.32047243580917
640.0   427.6200821478707
641.0   432.77430550781065
642.0   421.0126383373395
643.0   423.78525341730017
644.0   421.64270799756497
645.0   430.2151078653957
646.0   431.63324384821516
647.0   422.6115078674089
648.0   418.47224093325997
649.0   412.51029772085275
650.0   410.47990296590797
651.0   417.9796424574624
652.0   415.6192915698566
653.0   417.18080956092905
654.0   408.62387765694666
655.0   403.1390274606442
656.0   405.3756308638343
657.0   408.6718417935451
658.0   410.4094732453192
659.0   412.1395848399801
660.0   414.8288890306439
661.0   409.29401583345606
662.0   406.13362263024027
663.0   415.59702069873674
664.0   422.0573087024043
665.0   421.8268654275795
666.0   424.18930925660027
667.0   420.10206407510776
668.0   423.9631820625069
669.0   423.0992768311279
670.0   440.28931547190615
671.0   431.891079165841
672.0   449.26012252988374
673.0   438.7203378384384
674.0   443.32180867996203
675.0   458.22579687633305
676.0   445.5359210835194
677.0   458.542296509756
678.0   464.14842693000406
679.0   469.4206631297554
680.0   484.15273724995535
681.0   478.0778855419677
682.0   495.0038719551961
683.0   497.53128646174304
684.0   518.9644115845239
685.0   519.7492864449006
686.0   525.6231529278606
687.0   533.977747914556
688.0   539.186872076274
689.0   532.4430731109696
690.0   534.5455117571794
691.0   549.0561360991192
692.0   564.1947725746501
693.0   573.1066092851557
694.0   571.6411650090486
695.0   581.4182701774096
696.0   578.0908740493263
697.0   561.8069612448801
698.0   589.670477877982
699.0   601.9497916582199
700.0   590.0212107749604
701.0   574.5640860847736
702.0   596.2967266704491
703.0   581.0657372931717
704.0   594.5622806474776
705.0   584.1552549376979
706.0   596.9266764007748
707.0   587.0613156875573
708.0   581.1035364389475
709.0   585.0591967896172
710.0   575.2705712340523
711.0   573.4278246263309
712.0   565.4010262516102
713.0   575.0226138692731
714.0   558.8683017463164
715.0   551.1167560145509
716.0   560.0813327052075
717.0   567.0034572038669
718.0   549.3169699353966
719.0   557.0838188302743
720.0   556.8324305519614
721.0   550.1672594949886
722.0   559.7785843436307
723.0   544.5317208187812
724.0   533.594208488727
725.0   529.2064024422592
726.0   535.3509100969782
727.0   528.9789941645382
728.0   523.5240254866371
729.0   543.0851717874008
730.0   523.62557444161
731.0   532.7274215616934
732.0   539.1062124745508
733.0   538.8096698078949
734.0   536.8315980561816
735.0   536.5313347976511
736.0   530.931269947059
737.0   533.9280325333913
738.0   540.2260733203241
739.0   524.0427018426486
740.0   542.028911815801
741.0   538.5083586608247
742.0   539.2456608940855
743.0   534.3387748573523
744.0   535.1306895377606
745.0   530.2628713618475
746.0   537.172988812947
747.0   538.8242482874621
748.0   539.0149409210953
749.0   532.9828421223508
750.0   542.9082537461065
751.0   537.6041919843055
752.0   540.3876457264237
753.0   551.5135003719332
754.0   549.112954945421
755.0   554.4532578250098
756.0   571.5638273419062
757.0   589.2439884292712
758.0   612.6049260162986
759.0   617.5450631030501
760.0   622.8163938520313
761.0   651.5250135622496
762.0   659.6497977384338
763.0   669.7508200637626
764.0   688.0131309723122
765.0   714.0307334864173
766.0   717.784840931461
767.0   722.2936563885938
768.0   730.3067591606998
769.0   737.7389706085677
770.0   733.7796131895886
771.0   746.3452504907195
772.0   745.8312349401192
773.0   735.6424328126164
774.0   741.4329789080708
775.0   729.4459999032579
776.0   717.8036470826188
777.0   719.0067585310445
778.0   714.95155115138
779.0   707.3630420268843
780.0   697.4324467891657
781.0   694.4275212700438
782.0   677.6860739112042
783.0   654.9637603677245
784.0   648.716822895136
785.0   628.2098538292902
786.0   628.6799496535259
787.0   621.332794973303
788.0   603.4727855298678
789.0   598.6119578031756
790.0   584.4925618021537
791.0   561.4248554263454
792.0   561.5488809267978
793.0   549.619876125267
794.0   542.073798248456
795.0   526.6770160912797
796.0   522.5158990402639
797.0   532.8635177692963
798.0   504.27819933781586
799.0   488.80103904852274
800.0   489.62916441517814
