600.0   284.630988903549
601.0   281.28386834188524
602.0   278.954030823689
603.0   283.56593361789385
604.0   275.1053023452827
605.0   281.01592488631104
606.0   282.86609058478626
607.0   280.29619234526155
608.0   282.6514311086594
609.0   275.0329226281765
610.0   279.60340171992516
611.0   269.18953440095834
612.0   277.217517722058
613.0   271.21049828728286
614.0   272.66344432365133
615.0   279.5536263372796
616.0   275.56853462397896
617.0   280.7113828990785
618.0   278.60215370585223
619.0   276.16584856778303
620.0   280.9036465872543
621.0   290.06264272227935
622.0   287.2664534698935
623.0   297.1517661699224
624.0   300.19191322876185
625.0   297.02787581333297
626.0   304.9896710984638
627.0   301.9844148717624
628.0   306.8674517619234
629.0   312.51877669845965
630.0   320.8050446351815
631.0   322.5021765803191
632.0   316.9660656665595
633.0   323.43336537667216
634.0   323.37661914270353
635.0   327.77041139876394
636.0   330.71772630521343
637.0   335.12407315534597
638.0   335.1955349346795
639.0   336.3645306360692
640.0   336.7209471039277
641.0   343.8549679250353
642.0   336.9686344105557
643.0   342.70021650846263
644.0   335.096633010508
645.0   341.48135456439593
646.0   344.3698197732056
647.0   343.03677203791614
648.0   338.3893665971472
649.0   337.325225859715
650.0   336.4534022975922
651.0   341.4447774763805
652.0   336.7214008639854
653.0   334.6923095703185
654.0   330.9829712500906
655.0   328.0320754013331
656.0   334.001040596571
657.0   336.6165510834078
658.0   328.08331875433095
659.0   334.2304862320386
660.0   332.2463276664571
661.0   335.08734656213505
662.0   332.36898378072755
663.0   333.5309697621691
664.0   335.1686374203295
665.0   341.4203823687
666.0   347.0875915750829
667.0   341.2418579560447
668.0   340.84074997096707
669.0   336.95076090143266
670.0   343.97726819839806
671.0   351.1912468699915
672.0   349.5016430869083
673.0   349.9743055582499
674.0   358.43977502477054
675.0   365.0259425455105
676.0   362.9184662131407
677.0   370.42042599300106
678.0   366.4476531051763
679.0   369.8601921733308
680.0   379.4045716216033
681.0   384.3432827976434
682.0   390.7426754998655
683.0   388.1116969583549
684.0   396.9940631018727
685.0   393.8657617301004
686.0   406.8414218254096
687.0   405.1016236394179
688.0   417.4453197829561
689.0   419.71989218609673
690.0   415.9152144239995
691.0   430.31595715961606
692.0   427.3090315979719
693.0   439.979769303489
694.0   443.65495846472123
695.0   446.9221957200028
696.0   442.0606526162066
697.0   441.4800304391519
698.0   448.4070579066036
699.0   448.4224328416735
700.0   453.50266086788207
701.0   443.7886527695465
702.0   451.66369265347214
703.0   453.0204089193197
704.0   450.2382871359344
705.0   459.18825790321296
706.0   445.1049374744698
707.0   454.46234020936373
708.0   446.88002101576154
709.0   452.4087413908805
710.0   448.14634175435674
711.0   442.26526791877137
712.0   433.9999597638146
713.0   445.0309086129271
714.0   419.71303321669046
715.0   435.5770722135446
716.0   419.12381285927574
717.0   437.56350834415156
718.0   421.1923982838075
719.0   431.00383668337673
720.0   419.48157678559795
721.0   420.47014086129246
722.0   424.378150873372
723.0   427.87936727556615
724.0   419.06736318828507
725.0   418.92439219795205
726.0   420.07797344828674
727.0   430.0062466033956
728.0   404.3193647219299
729.0   414.681109545474
730.0   416.2449655249545
731.0   418.415564188813
732.0   423.7550477659806
733.0   420.1963123441273
734.0   413.47642172500764
735.0   417.5008712828207
736.0   407.04766228512665
737.0   416.6707071097807
738.0   413.37007189058465
739.0   414.5614052718457
740.0   418.3659265550729
741.0   414.04902942195827
742.0   421.7531215210501
743.0   414.9741636291115
744.0   422.5745646177936
745.0   413.0089997715872
746.0   409.080965535232
747.0   421.65344148969785
748.0   415.487811763159
749.0   417.0686471465923
750.0   414.99412957114106
751.0   418.72229693034103
752.0   426.182845919199
753.0   424.64779953271955
754.0   432.1078398255964
755.0   436.34843677477073
756.0   447.8281874771675
757.0   453.9503764321037
758.0   454.48751309052835
759.0   468.60627727958365
760.0   481.33592714781554
761.0   490.47000411976984
762.0   491.24028531851593
763.0   509.4198892717627
764.0   526.1992533315548
765.0   530.5250389208428
766.0   530.808944848176
767.0   552.3425692373119
768.0   547.6433798618724
769.0   544.4976944118989
770.0   545.9320424832225
771.0   563.3847129047953
772.0   545.670078938623
773.0   531.5516250493117
774.0   546.784517917524
775.0   536.7121894573693
776.0   534.2917801303405
777.0   543.0810289938535
778.0   543.551028979614
779.0   517.7691895255853
780.0   528.9451293438144
781.0   504.15073573810156
782.0   501.6841202417055
783.0   496.448213580827
784.0   490.3372960863293
785.0   483.69687894677907
786.0   474.5053569264091
787.0   473.9147799238893
788.0   468.7691836492112
789.0   458.46385526299554
790.0   454.0227324146037
791.0   439.5556225578827
792.0   433.66418644992865
793.0   439.1185139762916
794.0   417.6823130154971
795.0   424.5426974895842
796.0   411.0660029488525
797.0   419.6358662033277
798.0   400.0998203585496
799.0   384.01853155471673
800.0   383.4679641104059
