600.0   242.15456255251866
601.0   243.60257803874512
602.0   241.77413148386842
603.0   247.68971784424963
604.0   251.92850803708447
605.0   237.98312489412447
606.0   242.83383147234318
607.0   246.72489585875644
608.0   245.18065547462768
609.0   240.43588235020445
610.0   244.5326808544238
611.0   239.10726879931212
612.0   247.53206174674511
613.0   241.1579226476006
614.0   241.0517028337992
615.0   246.25115280488012
616.0   243.39721890997882
617.0   241.8223229889523
618.0   245.28735565102482
619.0   246.6968153211148
620.0   245.90373801231343
621.0   254.2061520135907
622.0   240.9354993859721
623.0   256.0821212301419
624.0   256.8309898201655
625.0   254.95653518488498
626.0   255.95146250191223
627.0   261.94294599326525
628.0   260.57634546262244
629.0   262.2404427466279
630.0   259.9068454344519
631.0   270.4209981271455
632.0   266.14757254892146
633.0   264.4981870789266
634.0   267.4863657912264
635.0   276.8887541016154
636.0   276.4290822481357
637.0   276.7138710701498
638.0   279.19448769002366
639.0   277.8664309693914
640.0   277.75515153216236
641.0   277.3073977628409
642.0   273.4072116660333
643.0   278.76019446390546
644.0   282.9097485405454
645.0   282.7101897357518
646.0   279.7969820364759
647.0   277.2704092687076
648.0   273.5099526852378
649.0   275.8435454573797
650.0   276.79916789554954
651.0   277.7111270346008
652.0   282.77056576501616
653.0   282.38583542642255
654.0   271.4926605518463
655.0   270.7218286725806
656.0   278.4627031114931
657.0   273.06829392406615
658.0   271.8494758396288
659.0   266.7501084444394
660.0   270.3469197110445
661.0   274.238294884713
662.0   275.69359822173385
663.0   271.28073866950956
664.0   280.1789980609178
665.0   279.30927560767026
666.0   279.2418344137279
667.0   278.34374555838366
668.0   272.042276929471
669.0   284.6494776883053
670.0   284.30963177954783
671.0   284.66565528851396
672.0   286.3917283184632
673.0   285.28115183457044
674.0   286.4559914640313
675.0   286.6065723286363
676.0   288.3250466065925
677.0   299.5929556635249
678.0   293.85070297771165
679.0   300.7918635796331
680.0   296.96900165789367
681.0   295.1358484512226
682.0   301.051479173369
683.0   305.9708263797112
684.0   310.98182067942975
685.0   317.0712148216625
686.0   309.65825315975763
687.0   315.6794191945182
688.0   321.55137774713904
689.0   328.16347177610095
690.0   327.58866436527717
691.0   331.9265476143876
692.0   332.6817988865982
693.0   332.24547430424633
694.0   338.1950753212968
695.0   334.2768984879802
696.0   329.64434451712384
697.0   339.5033504133431
698.0   345.27719107962406
699.0   345.0370769207233
700.0   342.3265753132678
701.0   337.1768968301689
702.0   339.82795873342855
703.0   345.0374232017784
704.0   339.1163337849245
705.0   342.11632885170087
706.0   341.13071854950397
707.0   348.429136869759
708.0   345.11896005320455
709.0   334.9516765934968
710.0   338.7583680084277
711.0   334.90076830694215
712.0   339.18519687704725
713.0   330.9904523827297
714.0   329.1547995746154
715.0   331.50572682682645
716.0   329.90875130533425
717.0   330.20914920022835
718.0   333.82008383050817
719.0   325.23019656194566
720.0   329.28335576292176
721.0   322.32723267639557
722.0   328.3712848586292
723.0   329.58146198450777
724.0   332.5457638464104
725.0   322.2794774006102
726.0   321.4109261075859
727.0   330.010827611762
728.0   324.85010372517894
729.0   325.793167726256
730.0   320.85531190516
731.0   318.0217936879174
732.0   323.3266274329231
733.0   324.3370257102323
734.0   327.3909533272466
735.0   317.8890673745536
736.0   319.8118484700803
737.0   320.72136406336773
738.0   322.56430106396647
739.0   310.98013028005346
740.0   322.79088568922543
741.0   323.26296506470976
742.0   321.1391719324226
743.0   324.26204337634937
744.0   323.81951353253805
745.0   327.93156764272044
746.0   322.50939722710285
747.0   328.5008190427457
748.0   322.71775511753435
749.0   315.17256144414847
750.0   317.3061346537115
751.0   331.6098528986155
752.0   328.79430043807497
753.0   333.5310802135957
754.0   332.4823749942909
755.0   336.4279334451334
756.0   341.76755204787713
757.0   346.5510717287483
758.0   349.77544189613155
759.0   357.49933445302776
760.0   356.724603959651
761.0   368.7323952810656
762.0   371.99030785209345
763.0   371.8286848982405
764.0   380.29810082787543
765.0   387.95665599591626
766.0   392.3003191667009
767.0   388.9041107762327
768.0   405.67610738390476
769.0   401.3761987250497
770.0   400.6897360791262
771.0   409.98340069697707
772.0   401.6150021210068
773.0   392.62646808478166
774.0   398.51695801412774
775.0   400.8686391332826
776.0   394.16325639131605
777.0   399.39746720520117
778.0   395.3495513938599
779.0   385.1995320798472
780.0   385.9865880431575
781.0   382.2852658057743
782.0   387.5538325647341
783.0   370.3476053478492
784.0   360.3386422346568
785.0   354.94067738042867
786.0   361.2372460196591
787.0   347.0743693889139
788.0   354.38741011162585
789.0   347.23844747175036
790.0   341.48944150504667
791.0   341.3844915606876
792.0   336.5736744723306
793.0   338.87787582403564
794.0   322.78912714222247
795.0   320.9993235806304
796.0   321.8442990700068
797.0   310.63554784696635
798.0   309.5404193695638
799.0   312.1410257460266
800.0   310.12324650113607
