600.0   230.05346617163053
601.0   229.15187893343557
602.0   223.04021293808518
603.0   229.42156551277625
604.0   218.20741559137144
605.0   225.94093867416433
606.0   219.98853353431835
607.0   230.4346835436898
608.0   224.48135446376472
609.0   223.43393308106604
610.0   223.81879714579
611.0   220.65695286316466
612.0   221.40341835992763
613.0   225.01367268162684
614.0   226.76913413261408
615.0   226.23292544923936
616.0   219.25367056568268
617.0   226.18920166309414
618.0   221.7826057169072
619.0   223.78924145417972
620.0   225.23835143937598
621.0   231.71626490065918
622.0   227.90719530314425
623.0   226.9378393758785
624.0   222.98939344024762
625.0   232.00940372584097
626.0   227.98293494919992
627.0   230.14550515952598
628.0   237.42902764529603
629.0   232.19182526556597
630.0   237.96068798405025
631.0   235.4033899419398
632.0   239.18485057913912
633.0   235.39198932343083
634.0   239.23180965732726
635.0   240.60650680719564
636.0   235.82175713242356
637.0   237.1196434424902
638.0   238.03960042778576
639.0   243.4165163187809
640.0   244.75411870208038
641.0   237.7876206138227
642.0   245.8607152308025
643.0   244.7277853375434
644.0   239.48909061277533
645.0   239.90302491181396
646.0   246.3560320782881
647.0   239.59331694156103
648.0   245.83557648407125
649.0   245.43126421201165
650.0   246.25813836944027
651.0   240.66811053047533
652.0   237.0821887247482
653.0   239.00398664563724
654.0   240.28805659123117
655.0   244.54171041848645
656.0   237.63267060526664
657.0   243.70126315082788
658.0   235.85452176222296
659.0   235.42178338766757
660.0   244.25966271583238
661.0   244.39061090977196
662.0   239.20753256510315
663.0   239.9491290832522
664.0   237.14412177575667
665.0   242.01247975316267
666.0   242.13340069887957
667.0   241.63678319576212
668.0   246.76284550590327
669.0   243.11167966388163
670.0   247.9572615431033
671.0   243.05601724939208
672.0   249.12885981174816
673.0   248.97381157569103
674.0   245.74744868251244
675.0   255.0135753307852
676.0   243.52146028171077
677.0   254.99415919410743
678.0   253.4011761160969
679.0   250.8335260427514
680.0   258.1556325251436
681.0   264.94684796063285
682.0   262.4688347996471
683.0   256.80938892912945
684.0   265.00269091469494
685.0   261.02721067752867
686.0   260.984171264499
687.0   256.8035086555472
688.0   265.8503822134061
689.0   265.26893837534436
690.0   268.2093750834545
691.0   265.328463261801
692.0   264.37169225047256
693.0   275.8428981312441
694.0   265.8513834872642
695.0   265.47751842974577
696.0   278.69047862381797
697.0   271.42660971737024
698.0   275.6106515763149
699.0   278.0400166886755
700.0   271.0742285750265
701.0   269.3892069025072
702.0   274.56494398202733
703.0   271.95821217217434
704.0   272.1086532770478
705.0   276.00876296580265
706.0   276.587744265403
707.0   275.60930266194157
708.0   275.5282544477882
709.0   268.32590059391816
710.0   279.2815494588287
711.0   277.1144516334808
712.0   271.49342144948156
713.0   268.12213794006294
714.0   274.9305481038747
715.0   266.96324545086054
716.0   271.76622758664905
717.0   269.0390248111811
718.0   266.6376418807807
719.0   270.157120497277
720.0   273.0296760654192
721.0   267.84682826533805
722.0   268.4145944076045
723.0   266.60565247188543
724.0   271.2998736014645
725.0   263.37922385788505
726.0   262.10239162704215
727.0   269.99926291253684
728.0   260.69165398194025
729.0   264.9479266044948
730.0   262.3148053554567
731.0   266.23769722711506
732.0   272.3247747548325
733.0   263.0185942714264
734.0   264.00501405203516
735.0   269.2945122932676
736.0   261.04041797691275
737.0   265.3137886499697
738.0   255.87368092041856
739.0   258.51158838540624
740.0   261.4788543090599
741.0   270.56851712971155
742.0   267.6223216962894
743.0   265.1300860026249
744.0   262.93160204764797
745.0   261.2777618737913
746.0   264.5599640911042
747.0   259.25268261859185
748.0   264.1572434006572
749.0   263.7693412967072
750.0   266.5736840108848
751.0   265.84503201229836
752.0   261.57949384187646
753.0   273.16386978119965
754.0   271.49288847372725
755.0   269.2034043927073
756.0   268.3055989252296
757.0   270.43462087945727
758.0   280.5949372306559
759.0   284.17012753363457
760.0   286.6267442058866
761.0   289.19792760561836
762.0   294.4780433208596
763.0   289.58343064223556
764.0   297.99676587803157
765.0   300.04487898765734
766.0   301.50610440029595
767.0   298.1620888588129
768.0   310.2982661891247
769.0   300.2542501469587
770.0   302.63247487420244
771.0   307.1236771406864
772.0   310.02997512774294
773.0   300.8622891403021
774.0   302.3789366923489
775.0   303.9396656385955
776.0   302.30407496016124
777.0   298.5159317641494
778.0   302.25719074852356
779.0   304.9488670090135
780.0   296.2421934898919
781.0   288.9579992671446
782.0   289.3308976044859
783.0   289.85649382155407
784.0   287.3469932240251
785.0   278.95664523963694
786.0   287.81508486793336
787.0   283.15682670426264
788.0   282.4862642376238
789.0   277.8111968003583
790.0   275.5519084601033
791.0   275.64586416989255
792.0   264.0746725689323
793.0   273.2527807995679
794.0   270.22465312418535
795.0   266.5297938913374
796.0   261.3814357415535
797.0   269.6457006075066
798.0   260.25059608660155
799.0   258.85179467614734
800.0   255.3988214849122
