600.0   217.95023833802333
601.0   214.1344876410348
602.0   217.66674043829715
603.0   215.76320236216574
604.0   214.7748705683705
605.0   218.09122336286686
606.0   216.58044582858014
607.0   216.0794361158775
608.0   209.56530984721664
609.0   214.0952043842652
610.0   220.03218489242866
611.0   216.32525660131768
612.0   219.2149039151321
613.0   218.3907973740373
614.0   210.87974605418074
615.0   216.59319305810385
616.0   217.33155538429958
617.0   214.57947432254267
618.0   216.94724831724284
619.0   214.4999202165087
620.0   216.66186318642346
621.0   214.60323612267652
622.0   209.434750792168
623.0   215.3697489132869
624.0   216.97196380214947
625.0   214.96141176773023
626.0   216.09848609291953
627.0   220.00430129015203
628.0   213.90956977856735
629.0   220.1743935593955
630.0   221.3837382249886
631.0   215.8875589856642
632.0   224.48071810703397
633.0   226.02414808004926
634.0   223.18655242454298
635.0   224.44651302809476
636.0   221.77687191852013
637.0   223.73028565463557
638.0   224.7769780243314
639.0   230.59671295355278
640.0   225.1458058003904
641.0   225.31759167558417
642.0   229.01485175488708
643.0   226.79274792509258
644.0   226.34704196277383
645.0   220.8224555474688
646.0   226.4077092014532
647.0   214.87851190209486
648.0   224.51837845830997
649.0   223.01947628831016
650.0   220.57944766123256
651.0   229.54500939547233
652.0   223.1478649527643
653.0   221.4151809356545
654.0   219.4166416778773
655.0   218.80814605026643
656.0   215.70558752657493
657.0   223.69850048574017
658.0   227.24537686717687
659.0   227.0238677057824
660.0   222.8547818398846
661.0   220.09054872291952
662.0   221.11055400086872
663.0   220.59876577669206
664.0   218.00388928240352
665.0   220.91375202935822
666.0   224.70536259195976
667.0   224.35331325122192
668.0   218.04010976793958
669.0   225.32053059620137
670.0   225.69056819553555
671.0   226.91818157559334
672.0   227.48802935752042
673.0   221.69914924572956
674.0   220.26430057452805
675.0   228.3249557869102
676.0   226.56307406265807
677.0   227.38057079766426
678.0   224.39511134625064
679.0   224.3624497913287
680.0   228.60608606265455
681.0   227.04671623010103
682.0   231.1861475739105
683.0   230.04053198316902
684.0   229.00596980280986
685.0   223.07959790964767
686.0   240.1437609352288
687.0   230.35835791005792
688.0   226.6346437612295
689.0   235.33743267235582
690.0   230.75003347977346
691.0   237.55483021923493
692.0   237.87355007114238
693.0   239.71153859404342
694.0   227.0824629876073
695.0   232.8253660579689
696.0   236.50082515402383
697.0   236.94751993251055
698.0   242.40595557367544
699.0   242.12879020782572
700.0   244.71533146196077
701.0   236.6290410253991
702.0   242.7977494744652
703.0   239.01738765668398
704.0   236.73799088705272
705.0   237.5737841079267
706.0   233.18690057322203
707.0   233.0096812339441
708.0   234.73912438863417
709.0   238.06543602047873
710.0   240.85815426724523
711.0   235.0837118688247
712.0   234.681718723971
713.0   239.80462672735635
714.0   240.3777132417074
715.0   236.30108244707952
716.0   232.9813701275099
717.0   237.09467123987523
718.0   233.56182483604806
719.0   237.4475979677238
720.0   237.92907692472915
721.0   231.43371631881945
722.0   231.0147263146633
723.0   235.24803648971067
724.0   234.345387675431
725.0   233.90704783959075
726.0   233.55706985376094
727.0   233.9961584369863
728.0   231.14934523216976
729.0   232.47890059562414
730.0   226.52498786407196
731.0   229.3182168089507
732.0   235.55074403797968
733.0   232.17530792738913
734.0   234.88603113493423
735.0   232.60669010632031
736.0   226.93455651484305
737.0   234.0466661956549
738.0   232.68391881891964
739.0   233.20972480162783
740.0   227.60509238677835
741.0   234.62700691975613
742.0   236.74276222326617
743.0   226.6556844900579
744.0   232.35520599326335
745.0   232.8389330249155
746.0   230.34067348005416
747.0   232.13704731063507
748.0   231.73303834759508
749.0   234.9398600414185
750.0   237.6892447966606
751.0   228.58024069149945
752.0   230.9591033355645
753.0   234.54961305341638
754.0   233.87569662404795
755.0   233.63765263301627
756.0   235.78354363610046
757.0   234.7496875928856
758.0   235.06861188263005
759.0   238.2672344535599
760.0   240.24495377395175
761.0   241.22385213019305
762.0   242.85424051352928
763.0   239.3983779407582
764.0   242.23529996481903
765.0   243.90956117296494
766.0   244.0277783650627
767.0   241.6902950518133
768.0   240.46543526975788
769.0   246.05908285377694
770.0   253.03216875586855
771.0   247.91195931977762
772.0   254.12167766655344
773.0   248.94754022760955
774.0   249.70270608121393
775.0   246.39025309878295
776.0   249.45102242680858
777.0   250.7857129491699
778.0   253.8197294252172
779.0   249.1320112326964
780.0   248.40679184346942
781.0   243.4650017411517
782.0   237.7061801830417
783.0   239.28788702373527
784.0   241.32958651810932
785.0   239.57424140766716
786.0   238.47481299302765
787.0   237.21344628849025
788.0   240.7748345791065
789.0   237.49803720910094
790.0   232.1184698323367
791.0   233.5967303493797
792.0   238.38176985696023
793.0   230.04326201592053
794.0   232.41327005227538
795.0   233.23121967878683
796.0   231.14659820949782
797.0   230.58253384502427
798.0   229.93677201291436
799.0   227.43235788529748
800.0   223.31098740136312
