600.0   218.28516241166878
601.0   218.36086138522433
602.0   216.82801297887872
603.0   223.04444483400724
604.0   215.9138350756275
605.0   217.03593466290116
606.0   217.199508132697
607.0   219.41937740388175
608.0   218.26832584204124
609.0   215.42737113348798
610.0   216.89080472620702
611.0   217.55961711469047
612.0   217.21818182822744
613.0   216.50046639655017
614.0   219.44334687460093
615.0   214.73831482061212
616.0   219.61894481150685
617.0   220.33353005188638
618.0   216.5697597457448
619.0   221.28804336331407
620.0   214.89830958923014
621.0   220.6341107281096
622.0   220.69368593495165
623.0   213.709826636271
624.0   221.07316160363268
625.0   225.0620234052329
626.0   224.99172314920352
627.0   222.95014799915157
628.0   223.50592213598617
629.0   223.19751128213065
630.0   225.96924796790287
631.0   223.7549226472161
632.0   215.24181455426364
633.0   220.5611367441029
634.0   225.33347747004652
635.0   222.20243989058852
636.0   222.35355979063192
637.0   221.42249048237483
638.0   227.58510516315124
639.0   223.7582463300523
640.0   222.96512926059492
641.0   227.66611561191255
642.0   224.85618606385225
643.0   223.48375879050775
644.0   221.89481751995285
645.0   222.93012655218075
646.0   225.56333316870732
647.0   226.22027692206734
648.0   224.94233667432965
649.0   219.62141503713883
650.0   221.06561657641035
651.0   224.94461101252364
652.0   216.4464594039222
653.0   221.82448878518733
654.0   221.79602957259544
655.0   215.91510841637063
656.0   222.98649041342657
657.0   222.3316270478048
658.0   222.76606026205798
659.0   224.09828166644212
660.0   220.77654379761094
661.0   216.33573196678262
662.0   222.30634124444862
663.0   226.63282507540734
664.0   221.04840091402187
665.0   221.70183241287643
666.0   223.39567155342525
667.0   222.12571451384574
668.0   219.2195213193626
669.0   218.43454409725996
670.0   218.25470641082302
671.0   226.23102910670326
672.0   219.17351231287518
673.0   218.37980103993903
674.0   218.92117534402882
675.0   225.33535108420162
676.0   222.0843634289703
677.0   222.45858134754303
678.0   224.95103833439458
679.0   223.138060436673
680.0   224.98055126711077
681.0   224.82662096856632
682.0   225.8119164764661
683.0   225.98142279273114
684.0   222.00869139678935
685.0   229.98769967949167
686.0   228.40961387860415
687.0   224.3364353556292
688.0   227.3448595504019
689.0   227.44830662782726
690.0   234.64562882053443
691.0   223.32310399291606
692.0   229.08494949388137
693.0   229.97350283163928
694.0   228.2239520147507
695.0   232.49906598987664
696.0   231.20262617824054
697.0   229.19176030145522
698.0   225.65206456956722
699.0   228.14571819903188
700.0   227.7262769228159
701.0   227.50128635436354
702.0   235.1589617004613
703.0   233.02683691852815
704.0   230.1186508256617
705.0   232.99936899337874
706.0   226.8180644916895
707.0   229.57103896118682
708.0   231.04378951955636
709.0   229.6981700164231
710.0   227.76445478762813
711.0   227.73309379271598
712.0   226.85841154290412
713.0   222.6055209250558
714.0   228.94729543465553
715.0   222.4842592957841
716.0   225.93048107848958
717.0   235.0064955498656
718.0   225.43590445191444
719.0   223.36427105574688
720.0   227.12021245401866
721.0   219.52830824950297
722.0   223.23298083163507
723.0   221.97583904164907
724.0   229.72062448372532
725.0   220.44667634595163
726.0   223.10747773070298
727.0   231.00373257753125
728.0   226.82944180265682
729.0   223.23867689978044
730.0   217.64014886781575
731.0   221.63827384200562
732.0   220.86790281410336
733.0   222.64283482362035
734.0   223.02068886372015
735.0   216.5560058244109
736.0   220.98762777345158
737.0   223.92860142776533
738.0   220.70315457153623
739.0   219.57223551494243
740.0   225.73484199610485
741.0   220.45524031430946
742.0   222.2115707693303
743.0   221.76445423553696
744.0   227.97520911046743
745.0   223.02551557843594
746.0   221.5565869967644
747.0   219.76461104327484
748.0   220.27934093559813
749.0   227.59227449982637
750.0   223.01788105922694
751.0   221.46475338689203
752.0   225.20150651251677
753.0   217.25264590055346
754.0   222.770469764945
755.0   223.9130646427798
756.0   221.9032111474648
757.0   225.58661379504156
758.0   231.81466143093357
759.0   227.67335068752683
760.0   231.2459788100391
761.0   232.23075556542946
762.0   232.535046753574
763.0   223.38160952030776
764.0   227.92119091955757
765.0   236.89875322127642
766.0   232.97622496338806
767.0   232.7898214916442
768.0   231.6216861620636
769.0   234.31780571076789
770.0   232.22821782504147
771.0   242.71443587216694
772.0   226.598706538943
773.0   233.03881723457008
774.0   229.92853249835963
775.0   230.0475076468424
776.0   225.14018655180377
777.0   233.63775805119954
778.0   230.15563987771066
779.0   227.56969702945295
780.0   231.0948093640733
781.0   226.7117154916482
782.0   227.66436480378127
783.0   230.47398858082298
784.0   225.96926474300992
785.0   226.88227341425244
786.0   237.05497653591
787.0   224.12926331808512
788.0   225.77785079070975
789.0   226.41816866892196
790.0   226.4779762179542
791.0   224.37784668584035
792.0   224.79267774748143
793.0   225.66185689045804
794.0   217.61268733350144
795.0   225.30079737627594
796.0   218.245054840993
797.0   223.06767460473105
798.0   218.85091021570585
799.0   222.70525295591807
800.0   217.61457924989995
