600.0   232.16743386019857
601.0   232.79557833483085
602.0   233.74698006496294
603.0   232.09140908264573
604.0   231.39072627447976
605.0   227.02503191099814
606.0   235.80271291719382
607.0   236.25301585878057
608.0   226.7479998455489
609.0   227.7975100501958
610.0   232.34531267391972
611.0   233.84892809087359
612.0   231.2612798503367
613.0   225.36250708732257
614.0   229.37196237169223
615.0   224.0941763466006
616.0   232.8160859707132
617.0   229.07837076354684
618.0   227.89525229697588
619.0   229.42114285729318
620.0   227.96618987360662
621.0   226.14165754441163
622.0   227.73209962169514
623.0   233.21665987596947
624.0   228.6607015705884
625.0   231.03433474358113
626.0   229.9374151098432
627.0   230.1000624094301
628.0   232.40217214592823
629.0   236.24579024714973
630.0   237.62842769169018
631.0   235.71216473383234
632.0   232.21808823346055
633.0   238.1261307943574
634.0   240.8988055173965
635.0   237.60131976114934
636.0   242.56523086841284
637.0   236.16156827893022
638.0   237.27813120026977
639.0   238.61659856771755
640.0   241.86506933788382
641.0   244.73704953990529
642.0   244.30484403348348
643.0   238.79432915750021
644.0   238.59833882353794
645.0   232.78446246330756
646.0   232.79602683305944
647.0   239.08071996715154
648.0   239.98912219432052
649.0   230.693634124498
650.0   235.83128778284862
651.0   235.0489163988667
652.0   235.15224386879717
653.0   235.51868062265552
654.0   230.21737648130392
655.0   236.79622187319453
656.0   233.52177717606307
657.0   237.8243441407618
658.0   231.93480306925304
659.0   229.59897385568806
660.0   235.83578876295573
661.0   237.8055614553104
662.0   230.98438366511013
663.0   229.97874181533177
664.0   232.53751360419355
665.0   234.4972737716181
666.0   226.94620688384884
667.0   234.8327719290934
668.0   234.16800686650743
669.0   230.9919787254012
670.0   233.16539349290278
671.0   239.1356313264979
672.0   236.76383134250975
673.0   237.92074657959446
674.0   233.357499823979
675.0   232.41709297715593
676.0   238.18105061709616
677.0   230.0397219114865
678.0   239.24699451273378
679.0   235.36169145087717
680.0   241.56468621898156
681.0   237.1919605842578
682.0   231.38975639807003
683.0   234.13900219510637
684.0   243.99059914831707
685.0   244.15467316710124
686.0   243.4445908804936
687.0   244.15271223590213
688.0   240.4575706506772
689.0   243.7502570817215
690.0   246.0527796693658
691.0   246.9728504591574
692.0   251.25811724045394
693.0   247.05368875041313
694.0   241.3654607904173
695.0   243.76777420840332
696.0   250.8347284524464
697.0   249.3185655862837
698.0   244.01018797135316
699.0   246.49939061578416
700.0   247.62989528860308
701.0   245.0924250392538
702.0   242.94747279392664
703.0   243.0160352161254
704.0   238.86827499468012
705.0   247.56880184445302
706.0   248.1570453494533
707.0   245.38924674007671
708.0   240.09328414542787
709.0   242.86380207077195
710.0   242.06346499889474
711.0   248.9173340662376
712.0   235.6614602635451
713.0   242.8086889880176
714.0   242.36218474340995
715.0   241.94150322401148
716.0   240.09075927330474
717.0   240.26526410312584
718.0   244.4002254803828
719.0   245.17482830776052
720.0   238.63632468018562
721.0   237.09104210103894
722.0   240.59632578667393
723.0   237.8495013152622
724.0   241.0541962357378
725.0   235.1500933021523
726.0   232.49301444887982
727.0   234.98819581460936
728.0   236.6755512987552
729.0   239.58132475087527
730.0   232.13756313454329
731.0   230.88896423633537
732.0   233.0229714036592
733.0   234.75775921861222
734.0   230.01213351984273
735.0   237.00912520016357
736.0   235.80352902285674
737.0   236.48483690910263
738.0   229.2104628268503
739.0   230.19170190291274
740.0   232.94405706266272
741.0   230.51558050086805
742.0   235.78259302814746
743.0   236.14507910871797
744.0   230.96824452895467
745.0   237.90275415583403
746.0   227.53879982024748
747.0   233.85961260763563
748.0   229.47737074241945
749.0   231.64182296209978
750.0   231.87825413857962
751.0   228.7698981221601
752.0   235.85214351206787
753.0   235.3266572463415
754.0   234.07918873092015
755.0   238.11050627364776
756.0   240.46536175018048
757.0   238.57808176602947
758.0   235.96495358392346
759.0   239.05671978891877
760.0   233.933181009283
761.0   244.58401637820748
762.0   246.1381382977861
763.0   248.1803786301942
764.0   239.48087620205857
765.0   252.19737658995294
766.0   247.86327900514968
767.0   239.32043850694924
768.0   248.37645484758875
769.0   245.60753464077047
770.0   256.1341276387844
771.0   248.00947355418904
772.0   246.37636744210482
773.0   243.88319598727693
774.0   248.41191038075425
775.0   247.1593117885914
776.0   253.7217203842031
777.0   245.23207398496882
778.0   242.70825550879087
779.0   245.21262280539034
780.0   241.31379754222405
781.0   241.9284201056693
782.0   241.69473609664195
783.0   242.55719766714955
784.0   238.8190538231401
785.0   236.97958176145642
786.0   242.0415266194107
787.0   236.90994861264178
788.0   235.0933098011141
789.0   239.36963124473198
790.0   231.68934582760718
791.0   236.29570927363352
792.0   235.01209951818225
793.0   238.64841023648606
794.0   228.54623018245624
795.0   229.09860286564077
796.0   227.23514237582867
797.0   231.92255332694896
798.0   225.47796305095008
799.0   227.86164312290109
800.0   221.67124375130345
