600.0   257.28956175030294
601.0   249.25324686181062
602.0   251.9424500537566
603.0   250.71808613150418
604.0   239.91246381642094
605.0   240.95717496973404
606.0   250.7157710834084
607.0   247.5605045661266
608.0   250.47219377276724
609.0   238.75853982124283
610.0   249.58984501686928
611.0   248.5704409446523
612.0   252.99730658961138
613.0   245.97573501432504
614.0   241.10662410805818
615.0   241.7370514912338
616.0   246.34619507602733
617.0   241.33925473313414
618.0   245.6160581758153
619.0   241.16180823730335
620.0   243.36456869027188
621.0   240.2661440247466
622.0   240.41931987088233
623.0   240.93122679703748
624.0   241.92115267112723
625.0   255.01143664429284
626.0   256.95090191081374
627.0   252.64635368994868
628.0   257.78665608422347
629.0   260.11183621722574
630.0   255.95710535070197
631.0   257.85216829931835
632.0   268.8654659343511
633.0   259.6409773435186
634.0   266.0015041455399
635.0   261.8907606245997
636.0   263.35087358073224
637.0   270.36107049390813
638.0   267.4617827037414
639.0   269.449344093921
640.0   260.6989796446222
641.0   260.91114037710815
642.0   267.6745216253235
643.0   262.8696744148143
644.0   260.5563554559173
645.0   267.8306671884015
646.0   264.7001390565629
647.0   266.70424280133085
648.0   263.3976248046862
649.0   260.4992926627215
650.0   266.11546347176477
651.0   262.64662385982217
652.0   262.9799666985259
653.0   254.65791511554067
654.0   252.0152787709511
655.0   254.67070912660145
656.0   251.26407099690576
657.0   254.91806348748133
658.0   251.24924847043224
659.0   256.79698110786455
660.0   256.1037227762719
661.0   253.54513637009134
662.0   256.758836609238
663.0   256.9529854575274
664.0   251.29379789768092
665.0   260.63351519007836
666.0   253.70207394246214
667.0   255.5761740194675
668.0   258.34673305831507
669.0   249.02344605359218
670.0   254.3870878875099
671.0   259.2773589908228
672.0   259.1817348718752
673.0   258.6023094808657
674.0   261.6340098811998
675.0   259.64407263073434
676.0   257.4992819339854
677.0   263.40558171728964
678.0   261.229092565175
679.0   264.3356507011349
680.0   263.0985923116713
681.0   272.3139565958547
682.0   272.9745961968389
683.0   263.8996069936212
684.0   270.02781857376544
685.0   267.47406220004166
686.0   275.38136718756766
687.0   272.68520617383695
688.0   279.02665287795145
689.0   276.31475376524605
690.0   274.3019316782164
691.0   281.7348944957933
692.0   288.5132792724575
693.0   279.2738191333829
694.0   286.4882159825442
695.0   281.95385608699866
696.0   286.45337458815874
697.0   284.326663924022
698.0   289.7777588095503
699.0   279.4468475048201
700.0   277.4963139194164
701.0   281.7660561434791
702.0   284.22214184882756
703.0   281.00476598561903
704.0   283.038759956064
705.0   289.1582764162029
706.0   278.22499921822794
707.0   282.9178060189232
708.0   281.6480897515718
709.0   280.14749799970156
710.0   266.1820832948087
711.0   276.2212051777573
712.0   274.74327075228683
713.0   279.5421898593769
714.0   271.45454393808404
715.0   269.669206169754
716.0   268.7595931094263
717.0   271.9775675083089
718.0   264.6398179986891
719.0   271.5418977609511
720.0   268.0617181501904
721.0   266.2475798281427
722.0   269.18769385160476
723.0   268.6380165257918
724.0   263.1507555252992
725.0   259.7009080535388
726.0   266.40712596823283
727.0   260.0009228131246
728.0   269.4574813968434
729.0   261.0003562179351
730.0   259.5251500347721
731.0   263.6122787698508
732.0   268.1303414338335
733.0   262.62369987883767
734.0   267.4401602823644
735.0   259.55009192779755
736.0   255.03395992249335
737.0   264.1030198379381
738.0   261.02743645205595
739.0   258.2908099898304
740.0   256.948819888188
741.0   258.48380265352506
742.0   259.54123641685254
743.0   256.64389297111916
744.0   256.1589349858166
745.0   256.5450429791799
746.0   258.1143799851612
747.0   257.03369717106517
748.0   260.84000471730764
749.0   253.93149005879937
750.0   262.39614829683666
751.0   255.07882218452085
752.0   257.23326001986953
753.0   260.4745005145617
754.0   262.68085293164506
755.0   267.2164552024032
756.0   269.4568915753639
757.0   268.91018287342206
758.0   279.5895821108013
759.0   273.9074007395603
760.0   275.93839387081505
761.0   289.5782362979078
762.0   281.0092401715759
763.0   284.31697108238086
764.0   290.8638657273536
765.0   290.5695760309271
766.0   289.6264006361206
767.0   296.75491671392206
768.0   293.6324799719358
769.0   296.4640528249067
770.0   294.8492907503337
771.0   284.0160163828181
772.0   288.2058134079427
773.0   288.00008249609203
774.0   289.51567345965486
775.0   292.5459622380228
776.0   287.2063003135652
777.0   291.08839894938905
778.0   289.2400187261128
779.0   286.50165466819914
780.0   276.1300767042721
781.0   280.8094269584429
782.0   279.379566905132
783.0   275.02997828385577
784.0   276.98600293572014
785.0   276.22425763442277
786.0   267.7767777369325
787.0   268.1576133088721
788.0   270.9332211792812
789.0   265.80884076069236
790.0   264.5072485549993
791.0   265.77573758433766
792.0   265.34753666246775
793.0   263.6303143112299
794.0   257.82935069988315
795.0   256.3197722586485
796.0   250.12734158498526
797.0   255.29214554458005
798.0   257.0854951278224
799.0   254.2736199173781
800.0   245.16937800878935
