600.0   275.9689765937726
601.0   271.9084356157634
602.0   279.7792198610379
603.0   273.11308597551454
604.0   275.79088217045836
605.0   284.9911671706942
606.0   272.18421669165696
607.0   269.1001597482058
608.0   272.0010184936977
609.0   266.81448721827115
610.0   272.8584745867067
611.0   268.6359892148203
612.0   264.9128615901254
613.0   267.83732531546156
614.0   265.3586719098509
615.0   271.20967196703117
616.0   270.108377906794
617.0   268.3531567098836
618.0   267.534496002793
619.0   268.0439568352981
620.0   274.0197036867158
621.0   270.27360469097107
622.0   270.6505073030991
623.0   274.7167235850436
624.0   274.0867787638957
625.0   278.03883206150863
626.0   281.8527551049967
627.0   287.9019939482713
628.0   285.40025159382157
629.0   290.8429348624991
630.0   291.93589367199905
631.0   296.3865143676976
632.0   298.31910904391816
633.0   297.7715294504646
634.0   302.31626168628367
635.0   303.582414790769
636.0   304.15099467786047
637.0   299.15534668006956
638.0   301.06263340159353
639.0   298.4981061306783
640.0   301.77804574475243
641.0   306.27604033448046
642.0   301.42779763628
643.0   301.89084433330396
644.0   303.1006349312182
645.0   310.1385878927875
646.0   304.40943760410954
647.0   303.88134457059823
648.0   299.4232869191883
649.0   302.38811071856355
650.0   295.27611194958644
651.0   296.851334004481
652.0   301.02925983379765
653.0   296.17625469761964
654.0   293.06180054543887
655.0   298.016524303904
656.0   292.490348962423
657.0   295.87471634761056
658.0   286.4776007721704
659.0   290.70245694367816
660.0   296.93036453156225
661.0   289.54425884880277
662.0   284.69078833523827
663.0   293.7868538390145
664.0   285.5290853517314
665.0   296.8503636480585
666.0   293.2871035091385
667.0   294.34140003011083
668.0   294.2827329593747
669.0   287.643399032248
670.0   291.37750723242397
671.0   305.8961775434203
672.0   299.95048437781975
673.0   291.98790114800687
674.0   293.6900669097051
675.0   303.1819390772039
676.0   299.8127268991228
677.0   307.148594889659
678.0   311.0499970509206
679.0   298.55558144020586
680.0   308.99776528653945
681.0   309.05731181215515
682.0   309.35573375019516
683.0   308.70078656190236
684.0   315.01290037635545
685.0   320.03095954274943
686.0   320.6037077276696
687.0   323.49696359975707
688.0   322.2058883574576
689.0   329.0166325717821
690.0   331.9452016821102
691.0   329.5822321852518
692.0   330.5977759006098
693.0   335.2513045166261
694.0   337.03164139151556
695.0   341.88793642824976
696.0   334.8918200052439
697.0   337.63861750042713
698.0   351.62201314877217
699.0   335.3721482685038
700.0   347.62870323856765
701.0   341.1205830105535
702.0   342.0434137152968
703.0   343.0493680939057
704.0   329.7875503235109
705.0   343.4206456260363
706.0   341.13017616171976
707.0   337.4974025244317
708.0   330.60243736305756
709.0   337.8574815681024
710.0   326.1709568663843
711.0   335.0661353686467
712.0   335.07326721215435
713.0   322.5459672693657
714.0   323.1046405207553
715.0   319.88268116239374
716.0   325.10355002134423
717.0   326.32297994565204
718.0   328.92228416217483
719.0   317.22759793241113
720.0   316.40614284830735
721.0   304.4583111485188
722.0   314.0329762875893
723.0   311.51991929704394
724.0   316.2314651303249
725.0   306.9504247190569
726.0   312.405722707106
727.0   309.0114839880009
728.0   302.88986020570945
729.0   310.8238690663836
730.0   303.86076336996774
731.0   303.6402854535461
732.0   302.2365969928345
733.0   294.92244467403435
734.0   302.93011427877224
735.0   301.85679526908007
736.0   301.19779016650386
737.0   296.8650132678183
738.0   298.22326042468666
739.0   297.99252332568744
740.0   301.88653164439165
741.0   304.5010007139162
742.0   294.2668474549695
743.0   301.00511679694586
744.0   293.76159988178244
745.0   295.85178998917695
746.0   299.0625990377381
747.0   298.03675913985194
748.0   293.91481196349224
749.0   300.11763442462467
750.0   299.1734057781823
751.0   296.68678831268113
752.0   306.0811229778436
753.0   304.67021475014883
754.0   305.4662403641554
755.0   309.16631420443105
756.0   313.98598972097574
757.0   319.0498135302861
758.0   325.33354549447046
759.0   324.3332609922949
760.0   333.84857089643106
761.0   335.2097980413173
762.0   338.0615779090461
763.0   344.41879058474257
764.0   347.34453010526806
765.0   352.12735203979753
766.0   345.7054443833442
767.0   355.65004144613664
768.0   359.01643521469816
769.0   355.82260374937465
770.0   364.0661428754455
771.0   359.2803692804375
772.0   348.28307680820774
773.0   355.2516717519426
774.0   354.4776890822038
775.0   352.7218937055831
776.0   352.01961773669683
777.0   354.4109246197103
778.0   349.272419544342
779.0   343.697457988183
780.0   347.44234902605336
781.0   333.84196213537666
782.0   338.4247625754518
783.0   340.78247154679565
784.0   329.0544011987988
785.0   334.7254506183235
786.0   314.63832860939556
787.0   328.1390331768694
788.0   316.9817403963229
789.0   321.2623496184657
790.0   307.11638869768456
791.0   305.1503761016851
792.0   308.03445118208595
793.0   306.6056988287201
794.0   307.09082671633416
795.0   297.32639944548964
796.0   296.6521669365312
797.0   299.21844950299857
798.0   291.1492784285078
799.0   291.7463274541967
800.0   284.50684778739316
