600.0   312.39442994875697
601.0   304.55836966439614
602.0   301.60612822129906
603.0   306.0823987344586
604.0   307.9925385306516
605.0   302.0028569954542
606.0   301.57561664806013
607.0   301.31760592983943
608.0   306.3116481223162
609.0   298.3207954652333
610.0   306.6571870050564
611.0   299.7745732899298
612.0   304.30452942903344
613.0   296.2194729642647
614.0   289.3230973218896
615.0   295.8959686658504
616.0   291.73670800625194
617.0   291.77749055259045
618.0   292.8404240817212
619.0   299.9646349645018
620.0   298.876859163068
621.0   309.34047630611144
622.0   305.63981921808823
623.0   311.72288551198335
624.0   313.9984227144905
625.0   325.0458358172305
626.0   314.8929425691293
627.0   315.6746233681548
628.0   321.08048928469975
629.0   335.1894690173767
630.0   326.41280807446594
631.0   332.0096480209105
632.0   336.4363730664612
633.0   336.0419247541277
634.0   354.3706701119485
635.0   347.1182929042503
636.0   350.1517649406899
637.0   347.32553289666396
638.0   346.94055809530727
639.0   351.1964941582298
640.0   356.91318239813637
641.0   356.95403768881357
642.0   349.7605871011136
643.0   349.7474006980977
644.0   346.25740715952753
645.0   354.9108070099929
646.0   351.3638269943538
647.0   350.47100454938675
648.0   346.33501761527737
649.0   346.15486329794606
650.0   341.3533808417981
651.0   338.53964670317646
652.0   338.1898896358515
653.0   339.66296088803097
654.0   335.8664639034851
655.0   337.2924676271103
656.0   336.26682219303547
657.0   339.4806183143367
658.0   332.8774160908062
659.0   338.13806440895945
660.0   340.5177888497329
661.0   330.0605239578126
662.0   332.38443767859616
663.0   332.05878050305546
664.0   335.476425695519
665.0   337.7497707474136
666.0   335.6266071655543
667.0   335.1008554751424
668.0   340.56501882466983
669.0   336.70944581780395
670.0   340.5844982675038
671.0   351.5530762280395
672.0   340.1161860522846
673.0   344.58283141037225
674.0   347.5597716087698
675.0   353.49006877259285
676.0   343.99485581879696
677.0   346.54186910555757
678.0   354.99023579634985
679.0   360.5679898077457
680.0   361.7482622078392
681.0   367.81694031840885
682.0   369.142050159196
683.0   365.12546642816955
684.0   369.9955243247693
685.0   379.9951271751927
686.0   384.3527960782268
687.0   377.84976748798005
688.0   380.3308941729302
689.0   386.74246936057637
690.0   388.661217982709
691.0   396.99695980240244
692.0   406.0259515240331
693.0   399.6923031406564
694.0   403.346407023972
695.0   414.2418028650156
696.0   407.59115416610354
697.0   406.6512780766174
698.0   411.6568087794114
699.0   419.45384271574346
700.0   413.8915737743195
701.0   407.023764739177
702.0   414.33176413470085
703.0   406.04493814725026
704.0   402.44581365417076
705.0   411.2158860935485
706.0   409.6496074517072
707.0   409.8734566262904
708.0   408.33787521880316
709.0   398.7561067542675
710.0   395.352373397268
711.0   391.96738884317136
712.0   383.54910175655436
713.0   382.82861407071164
714.0   390.5553661323294
715.0   376.9230865344459
716.0   385.2436334799484
717.0   373.0674392020459
718.0   384.38401167312526
719.0   376.1645362704505
720.0   374.9589618604523
721.0   371.706303876075
722.0   373.66100107450944
723.0   371.16624815930356
724.0   371.29047877488534
725.0   369.54878428210725
726.0   364.6283050923932
727.0   365.0037792992578
728.0   362.9123679281629
729.0   366.26506979466046
730.0   352.2664154672302
731.0   358.66531751227103
732.0   361.7602215687251
733.0   368.5785995876616
734.0   358.4220144808738
735.0   359.1651788308059
736.0   362.09650993721465
737.0   352.3641006539448
738.0   361.1940562672034
739.0   354.95876207861323
740.0   356.1443514468424
741.0   357.76787546560297
742.0   350.37166711533234
743.0   359.78351514335867
744.0   350.20684859113146
745.0   344.7789849662526
746.0   350.05886323212525
747.0   350.4008102472971
748.0   351.5841449789083
749.0   349.036068346101
750.0   352.8168925298457
751.0   349.57580911440556
752.0   359.9852501259027
753.0   361.20073386123465
754.0   360.27805342797217
755.0   367.37101510859554
756.0   374.7541222190975
757.0   370.9884761966781
758.0   388.8322567895314
759.0   384.78467064113994
760.0   400.1922126713994
761.0   413.9185719460338
762.0   413.5585942982806
763.0   427.3053589637995
764.0   436.06777476344314
765.0   428.02247578111036
766.0   439.75646499392417
767.0   432.4827794438595
768.0   456.6517169824118
769.0   445.19483404948113
770.0   446.1240174763112
771.0   436.66081093699705
772.0   441.92701196948275
773.0   432.16199878504153
774.0   439.1383262265099
775.0   439.00904977717954
776.0   440.39526317646727
777.0   439.0810717190831
778.0   432.406424675249
779.0   431.6543608139531
780.0   422.64322064999493
781.0   409.9809033146858
782.0   409.07589769327245
783.0   408.5522131984931
784.0   400.71397573731025
785.0   392.46980709589076
786.0   401.38474831793656
787.0   383.9899347599073
788.0   398.15261726435415
789.0   378.3435749496135
790.0   387.5153014272821
791.0   369.2033852319907
792.0   367.861526106959
793.0   364.3146559334848
794.0   356.7576619262419
795.0   350.54187361747444
796.0   352.4646538154245
797.0   351.93189263085816
798.0   336.2877030136657
799.0   327.4424068699997
800.0   333.87342448938114
