600.0   347.96359196394627
601.0   349.5455975617354
602.0   343.29543636535277
603.0   348.0031825835687
604.0   347.8368631756977
605.0   342.0697954569255
606.0   333.23535374327923
607.0   336.4520029250903
608.0   334.6856648219133
609.0   333.28947261242644
610.0   332.73179599974384
611.0   333.7584461105017
612.0   338.2979700247908
613.0   324.0646028440435
614.0   324.725356017965
615.0   328.98177120454073
616.0   328.6558232004157
617.0   331.7740643879034
618.0   334.50066452533656
619.0   335.4640810127545
620.0   329.8280676746023
621.0   336.66466930968363
622.0   338.00553283036345
623.0   341.9295168333034
624.0   349.9021920012514
625.0   360.994238986504
626.0   360.61244126480926
627.0   354.6046038212042
628.0   367.7259927594903
629.0   368.48591436874466
630.0   375.6211248468988
631.0   377.74620573290247
632.0   384.06474530708437
633.0   392.47592307566856
634.0   398.6208247879887
635.0   391.3886104898124
636.0   404.35397057977013
637.0   397.0050799695547
638.0   402.98121569146355
639.0   415.73107052232683
640.0   412.26673008767506
641.0   408.9519835401761
642.0   407.1405357551807
643.0   409.766969960103
644.0   408.05296646180454
645.0   403.82837469893497
646.0   401.5392314749501
647.0   406.6748006680608
648.0   398.7455678613032
649.0   397.61696243888457
650.0   400.4938645588351
651.0   395.5615797286555
652.0   392.8198201015048
653.0   399.3560864017486
654.0   395.6169683311161
655.0   384.6208555337819
656.0   387.26733483266145
657.0   390.07270768651085
658.0   380.97401720161326
659.0   388.17562656954544
660.0   380.7012235917605
661.0   383.43153842260233
662.0   389.11752452987326
663.0   389.61409725374386
664.0   383.2869488732036
665.0   391.8987296329842
666.0   386.1841567179803
667.0   381.5379341685646
668.0   384.22065435488173
669.0   389.0795329475328
670.0   398.05118622030386
671.0   401.4005871240091
672.0   409.937959718703
673.0   397.0111734979537
674.0   399.30350390436905
675.0   398.9421318080336
676.0   404.54435222939105
677.0   412.30500130583175
678.0   417.85514533922594
679.0   408.7952007213011
680.0   423.39792065024585
681.0   437.16283576651807
682.0   432.2528386390465
683.0   423.9699659895184
684.0   442.99032250400734
685.0   448.06265889397383
686.0   455.4702450841695
687.0   460.2325506564626
688.0   456.5091109350249
689.0   462.53336030832116
690.0   464.2398231871044
691.0   454.3173654141187
692.0   475.0965381384967
693.0   486.7251938957587
694.0   483.21594357976466
695.0   478.09028195052565
696.0   478.89068562656263
697.0   480.701879805931
698.0   487.24060620851407
699.0   489.59822780121226
700.0   494.951869497954
701.0   475.0216423197419
702.0   489.41864730634967
703.0   478.97952886138216
704.0   489.92939825913686
705.0   493.9517618197316
706.0   487.93847711894267
707.0   484.00081072195593
708.0   482.43896735500914
709.0   483.27018375242847
710.0   475.21644565618766
711.0   465.8950757793309
712.0   468.40800118865013
713.0   468.49328962546775
714.0   458.46184954183315
715.0   456.80943648675213
716.0   460.1231238102484
717.0   459.40997277358923
718.0   455.2601515669828
719.0   449.3617648551867
720.0   438.64708949727725
721.0   448.89221331886785
722.0   449.5807998868414
723.0   440.7061401357982
724.0   445.52675470034853
725.0   431.67280377490874
726.0   429.0790857592291
727.0   434.00202504967274
728.0   431.3612952524167
729.0   435.0970170780144
730.0   416.9358943607045
731.0   428.18538573480606
732.0   437.1883361146244
733.0   432.497757812093
734.0   423.89482488086105
735.0   424.3156902555886
736.0   416.31395190905516
737.0   412.4255286982392
738.0   419.03703848168817
739.0   418.5442595418763
740.0   427.33718397736476
741.0   421.1705272853878
742.0   418.26018054862345
743.0   407.96348607556513
744.0   421.21300718386846
745.0   408.1708530440445
746.0   403.99331577277997
747.0   418.8648348231821
748.0   412.0036158010294
749.0   410.66282145073706
750.0   420.5430153689093
751.0   418.6141153663052
752.0   419.7562658888447
753.0   419.49074468729424
754.0   430.02052378602906
755.0   442.9969070318497
756.0   457.7629067579261
757.0   460.92162219325155
758.0   476.12039023395266
759.0   478.4330687402709
760.0   488.0491290997449
761.0   499.1738486566138
762.0   492.9553471399119
763.0   503.98044585534853
764.0   531.675298557455
765.0   522.1332985347331
766.0   532.5254870227083
767.0   526.4984323016524
768.0   551.2668369360539
769.0   541.3975615948805
770.0   548.5627278417392
771.0   544.8587602968319
772.0   552.3670850318133
773.0   533.1153767531783
774.0   544.5606447008332
775.0   522.1633480050822
776.0   539.3501321564419
777.0   539.9538648306344
778.0   527.0599607561164
779.0   522.7460661076632
780.0   516.03069184548
781.0   509.01344732557885
782.0   510.1488501475104
783.0   489.1528123079519
784.0   488.09644710746835
785.0   491.5430213608731
786.0   477.1584816066369
787.0   467.9044504631154
788.0   466.0129535439873
789.0   466.82471410277384
790.0   446.63580965485943
791.0   449.86625374250457
792.0   439.156541089217
793.0   427.3499584414173
794.0   417.9950240279573
795.0   416.67488125978406
796.0   412.92964160618726
797.0   408.7833716515477
798.0   410.13518154270366
799.0   389.71247556746556
800.0   384.4257886863402
