600.0   388.46021169028757
601.0   393.02413286561506
602.0   384.572879334629
603.0   393.85374591242913
604.0   369.7139628715361
605.0   374.9364205899771
606.0   369.85332819058436
607.0   372.97329096839087
608.0   377.96256710895017
609.0   363.26603510211396
610.0   365.61041509975956
611.0   370.9798271008744
612.0   366.88827385787226
613.0   361.9292457606991
614.0   362.7923459392914
615.0   364.44788795458345
616.0   367.8040575816279
617.0   369.7988226419235
618.0   365.2145906829241
619.0   364.31804804608026
620.0   356.829109335287
621.0   372.04217314046724
622.0   382.41729996563146
623.0   387.61064571920775
624.0   397.1862480085678
625.0   386.9846149572241
626.0   407.7478384243786
627.0   414.1045485168657
628.0   416.94987688742765
629.0   426.32048509940716
630.0   428.0322388340289
631.0   425.1584573657635
632.0   439.4307657842234
633.0   432.4650467366753
634.0   451.6023091030568
635.0   458.6855136926595
636.0   450.9165745142173
637.0   458.9341691560121
638.0   459.2501958557099
639.0   471.26095650965533
640.0   457.88880994203527
641.0   467.8416079464211
642.0   458.5477311163617
643.0   460.7291617843598
644.0   467.14679655164326
645.0   461.35544911979093
646.0   460.1631447130277
647.0   457.85220851975714
648.0   464.71610006068886
649.0   454.7509662796953
650.0   457.3140880556385
651.0   454.9708890603349
652.0   446.9720966414723
653.0   440.7399049641271
654.0   447.9909283728819
655.0   428.9933506028117
656.0   442.4233778979276
657.0   440.0334692635229
658.0   439.347858337022
659.0   438.11351438242446
660.0   439.91463001717517
661.0   429.32839876093243
662.0   440.6194616526075
663.0   435.8289514924861
664.0   432.67751083634096
665.0   445.33195292198127
666.0   439.2645106057777
667.0   439.5509920197031
668.0   433.80917188571493
669.0   444.73679581185957
670.0   452.2075259262481
671.0   461.0723441822093
672.0   463.8247474614663
673.0   452.0119536106983
674.0   460.93621991845134
675.0   459.444208959972
676.0   468.7453183856092
677.0   472.8781258493482
678.0   474.6992831873422
679.0   498.87822069970036
680.0   486.08389996583276
681.0   487.8283306187896
682.0   501.6136626520719
683.0   498.69707462587917
684.0   510.010418297184
685.0   519.7753342721327
686.0   529.5490694214969
687.0   527.247165653741
688.0   521.6279221172031
689.0   529.1192239869547
690.0   549.8203142722946
691.0   554.9109846439601
692.0   564.9921483472702
693.0   560.2446276008272
694.0   566.8060239339386
695.0   566.8010991734582
696.0   572.5774511495607
697.0   573.3967319222875
698.0   579.7497216588256
699.0   585.4026088918114
700.0   566.5845475302326
701.0   568.8874788593656
702.0   569.1832630730125
703.0   574.0261030721894
704.0   578.3996437537553
705.0   582.6045419576897
706.0   579.3789994227469
707.0   567.8740732267198
708.0   567.8656624551276
709.0   561.4615055122009
710.0   554.8557732624892
711.0   549.4986294250047
712.0   545.2451842300247
713.0   543.061484185399
714.0   542.1934974797587
715.0   533.1557671407287
716.0   537.3117541652684
717.0   537.5698988459832
718.0   521.9794803445523
719.0   520.5800988733505
720.0   524.1565499752191
721.0   515.7754581302261
722.0   503.45450092385033
723.0   523.6803468402809
724.0   514.4978153006588
725.0   503.7872850002618
726.0   518.8356231808258
727.0   508.98563593746456
728.0   508.34860780189643
729.0   503.8838818919613
730.0   489.0886181220603
731.0   490.9956157726426
732.0   501.55224261792216
733.0   507.23888111066196
734.0   491.537061302707
735.0   495.451281434932
736.0   483.02457524988176
737.0   483.1496912632419
738.0   488.44231954112246
739.0   473.81412460987895
740.0   494.3191892866595
741.0   483.8697510376608
742.0   493.7579129771132
743.0   486.0545267117178
744.0   489.2091719612617
745.0   482.7273308964625
746.0   476.7397875180719
747.0   468.7002784875567
748.0   466.1940759825455
749.0   488.97029515434195
750.0   486.2389308501535
751.0   488.49956695733795
752.0   486.8534508584752
753.0   503.216411579734
754.0   489.51631231335153
755.0   512.9871091401092
756.0   530.6141106462447
757.0   548.7601198624659
758.0   563.2966695459044
759.0   569.2936591603096
760.0   573.8305507142189
761.0   587.1780777043471
762.0   604.2542563637785
763.0   616.4269476831995
764.0   636.0606833405404
765.0   644.8278728296625
766.0   630.1184615340151
767.0   641.3709170303902
768.0   661.6859084214191
769.0   641.6860903241986
770.0   671.3513304099378
771.0   662.3192585548667
772.0   664.313670750999
773.0   639.4203014280822
774.0   653.6774142911024
775.0   639.9537827154853
776.0   651.1060292022439
777.0   646.1935086695594
778.0   636.6585700906977
779.0   626.1657822523208
780.0   626.9514063623346
781.0   607.9602361476879
782.0   597.2762859281082
783.0   594.3414644641161
784.0   571.2487583970372
785.0   574.6724398165385
786.0   559.7322979723527
787.0   561.5763007473586
788.0   544.6043309294346
789.0   544.3700544998788
790.0   533.7994749747844
791.0   520.1244572045038
792.0   507.3636583065577
793.0   500.25712334387947
794.0   486.7301359112066
795.0   484.3950437676279
796.0   477.40210322606896
797.0   482.77203798550414
798.0   472.0940217387924
799.0   450.61209647281186
800.0   443.8524003827736
