600.0   429.7283257317091
601.0   432.55072220776816
602.0   423.22903183666494
603.0   443.9405470619518
604.0   430.87774519953786
605.0   410.0349015150014
606.0   428.69177620324916
607.0   417.83749544564347
608.0   415.34939864905886
609.0   404.5064057503893
610.0   413.362395709637
611.0   411.342883354369
612.0   402.6535135199416
613.0   401.75920384006827
614.0   401.37137368530875
615.0   401.575654047606
616.0   405.7209473228215
617.0   404.7931013427931
618.0   400.4175042643604
619.0   414.9035629484762
620.0   416.9443546283961
621.0   425.88928538874734
622.0   423.8467041616756
623.0   422.518134495409
624.0   440.12778844164495
625.0   443.1041567439337
626.0   451.92950200309275
627.0   469.03867753560314
628.0   473.851057767232
629.0   474.3637843723484
630.0   482.14946380621956
631.0   484.5201404691088
632.0   494.8983762853528
633.0   504.8224731244191
634.0   509.6415110450732
635.0   513.8430564564005
636.0   514.4603079796126
637.0   534.6129995197144
638.0   512.2447369206801
639.0   536.3453180715699
640.0   529.8911070509066
641.0   522.0120070603863
642.0   527.9294713246958
643.0   523.3840278537385
644.0   527.8813099164768
645.0   526.6422692854219
646.0   527.9202584294677
647.0   530.2014517057555
648.0   522.5118677804563
649.0   508.8055625306503
650.0   520.1897036198716
651.0   510.47466606746656
652.0   514.5062826952224
653.0   505.55652688693164
654.0   504.68628437287396
655.0   509.46521620642477
656.0   497.9909810186575
657.0   498.62325950070624
658.0   490.16540387363074
659.0   497.7885823583244
660.0   496.5883592359858
661.0   492.5537537998494
662.0   489.9537373363799
663.0   490.1938074927191
664.0   501.48832724123287
665.0   505.10995726902934
666.0   505.6123592578268
667.0   499.6997242291144
668.0   504.38136716517516
669.0   495.7110310830176
670.0   507.961945721386
671.0   522.4221939751989
672.0   516.0979467476686
673.0   524.3287866906339
674.0   525.6460114817068
675.0   532.2950219742893
676.0   540.3115900964305
677.0   537.7967442396217
678.0   539.6312235065782
679.0   554.9676230108741
680.0   566.4506856618194
681.0   572.8439824555603
682.0   577.6763949987313
683.0   584.5074765522022
684.0   592.0164174222488
685.0   596.6235004508814
686.0   607.5475409669583
687.0   613.4889235227818
688.0   603.1089945342491
689.0   618.6713445028882
690.0   641.584398119009
691.0   650.838405646032
692.0   646.3563021938896
693.0   658.2181062063815
694.0   652.2123728994469
695.0   668.3140376152837
696.0   645.997408155976
697.0   652.5486234010732
698.0   684.4097094814106
699.0   677.3438577720741
700.0   679.0293175659424
701.0   670.5154487834093
702.0   659.4141090964466
703.0   672.0274758418324
704.0   676.812543646905
705.0   667.3905741482831
706.0   674.361338297092
707.0   669.9862911167459
708.0   662.0970803129308
709.0   662.674029255696
710.0   671.5634728652389
711.0   652.3267353966725
712.0   643.4086594715073
713.0   626.1389169027158
714.0   632.1771297395393
715.0   612.0704566614402
716.0   619.1175783915297
717.0   623.5743802106035
718.0   604.958108714209
719.0   619.016136164542
720.0   594.1544079526967
721.0   607.7174559258965
722.0   601.9529113962949
723.0   599.5484505932579
724.0   598.2095779435858
725.0   588.6084711681674
726.0   582.4490370687182
727.0   593.9903559811262
728.0   590.3396825487447
729.0   578.3169595778443
730.0   557.2390019024407
731.0   566.2531034562091
732.0   582.5202096482286
733.0   583.5925985141724
734.0   574.4620920439635
735.0   572.5369799718396
736.0   558.8107498792575
737.0   557.823409348055
738.0   561.0089478887705
739.0   559.686718361553
740.0   570.036833193473
741.0   560.578977031962
742.0   574.5867948365699
743.0   551.5917119606839
744.0   565.7565234410998
745.0   554.3768224254168
746.0   549.9561296733572
747.0   560.1944759804876
748.0   545.1155005303973
749.0   551.5926518343149
750.0   552.6233014445074
751.0   562.9895914897055
752.0   563.0586871734557
753.0   578.3295986429324
754.0   583.6167276507539
755.0   606.2853276590686
756.0   611.6834305051449
757.0   618.7291832701432
758.0   644.3574479964706
759.0   661.2267197909441
760.0   663.4770462671753
761.0   702.3866951276035
762.0   712.2616491229173
763.0   733.9546679485782
764.0   727.3768572090012
765.0   744.0521376474197
766.0   753.147622880805
767.0   768.3427763836619
768.0   776.1609636897438
769.0   771.2340603112423
770.0   793.5519361811589
771.0   782.1537893905324
772.0   784.2805599327207
773.0   764.2798007649064
774.0   774.1063647091007
775.0   756.4153489560765
776.0   766.4114512154865
777.0   770.461371711904
778.0   760.2382880767864
779.0   735.4620055620684
780.0   727.6732317016422
781.0   721.423597531674
782.0   695.2097263740261
783.0   704.448661339033
784.0   691.4049876027516
785.0   662.9485947932817
786.0   659.5015488865344
787.0   647.9612909614636
788.0   639.0397064216565
789.0   630.7923738585504
790.0   620.7190360977785
791.0   607.2374064476031
792.0   607.7076200175642
793.0   591.8770592588985
794.0   567.1046529804538
795.0   563.9522905590574
796.0   550.7118458630649
797.0   543.379579830142
798.0   533.1793567587182
799.0   525.1174648543783
800.0   510.9801188328264
