600.0   479.4445089245189
601.0   474.00805750820535
602.0   466.0074212065542
603.0   484.4619178844938
604.0   456.15413052173443
605.0   463.005742612986
606.0   463.3454892363074
607.0   463.7896032681312
608.0   461.79224787071075
609.0   451.4380255120381
610.0   453.7157868668043
611.0   452.8937944470904
612.0   455.30659249522375
613.0   446.387158578014
614.0   436.71976605267474
615.0   443.076709033408
616.0   440.66941103968605
617.0   450.5872493542732
618.0   448.67023031753854
619.0   456.971316762143
620.0   454.6277254895809
621.0   461.95760125429507
622.0   465.6602458842296
623.0   477.2797544707243
624.0   485.4318419251151
625.0   496.03290331006895
626.0   508.1376549605574
627.0   515.1656427016324
628.0   524.2528270509347
629.0   529.5041336463997
630.0   544.1496036315505
631.0   547.7318793737868
632.0   556.022261626053
633.0   562.9596889331693
634.0   574.3011924647456
635.0   571.6761791249021
636.0   596.2741843810526
637.0   586.2772322169732
638.0   591.437241471252
639.0   607.3920096449542
640.0   598.6495382509767
641.0   608.561084300449
642.0   604.6126182529382
643.0   602.0004968146103
644.0   591.6221938037455
645.0   600.1314090167741
646.0   590.4203714668777
647.0   589.957202041001
648.0   588.7936439960212
649.0   584.3649256851559
650.0   573.5291966071736
651.0   570.3981342213074
652.0   567.8450586276703
653.0   567.3328917716663
654.0   560.0732082805098
655.0   569.8873566972802
656.0   562.0786810624211
657.0   563.6748410134545
658.0   558.5038019709768
659.0   559.2591301774003
660.0   561.7622954176269
661.0   555.1581339602328
662.0   558.7624026466925
663.0   557.3830047182228
664.0   563.9194153752322
665.0   566.2210284434991
666.0   561.9328396499645
667.0   565.2999748457863
668.0   557.7386392822985
669.0   563.4722544076203
670.0   578.9946120010151
671.0   585.5639364460794
672.0   593.2645183666449
673.0   590.4761081600976
674.0   586.8526532350666
675.0   608.3765693728278
676.0   608.1460812481082
677.0   617.8907457854195
678.0   617.0759537151343
679.0   611.0966010551526
680.0   638.7245848249313
681.0   650.20871816317
682.0   649.0053018022468
683.0   654.3314534469542
684.0   672.0131754320646
685.0   682.0947593514525
686.0   697.6531172695445
687.0   703.2000035953046
688.0   696.643069641008
689.0   719.3517153607193
690.0   734.4353975744402
691.0   750.3801185638686
692.0   755.279771709065
693.0   764.1857999625693
694.0   762.716637861296
695.0   788.9835769086686
696.0   770.8179099551747
697.0   767.9619020020699
698.0   774.7716481659339
699.0   790.7740214675496
700.0   771.1243953560352
701.0   760.5444756013102
702.0   794.7025999253265
703.0   787.9826946804053
704.0   775.3534670639175
705.0   784.6335008068502
706.0   781.2680186241413
707.0   770.885910480925
708.0   760.8188931369231
709.0   767.3332471158024
710.0   752.9167826715749
711.0   746.2525161640282
712.0   748.4474420529805
713.0   729.2351111727066
714.0   726.2210190106296
715.0   718.1403765719734
716.0   723.6971739954863
717.0   713.9017326734072
718.0   703.5946921204392
719.0   708.9719317060814
720.0   695.2096048771709
721.0   677.5218663690796
722.0   690.8038157526611
723.0   674.5450900347782
724.0   694.4253707363476
725.0   669.7859123244589
726.0   679.6364430748564
727.0   672.0006450862671
728.0   663.5528659832743
729.0   668.9132537055917
730.0   657.1155509036919
731.0   664.458384698885
732.0   664.750557573586
733.0   657.6665923514493
734.0   648.2746199300549
735.0   663.0984916656784
736.0   625.2483384483918
737.0   636.7158058609871
738.0   644.7706065295687
739.0   637.6197716930625
740.0   657.0369384499302
741.0   651.1426964735128
742.0   647.8577527309874
743.0   636.3787928208608
744.0   626.9563868242533
745.0   646.6317683630209
746.0   637.0829639279657
747.0   639.3489472648694
748.0   638.1040827776415
749.0   631.9419495884606
750.0   636.9839097563223
751.0   648.2675512700805
752.0   654.597579342624
753.0   662.5277856608878
754.0   678.1108025792812
755.0   695.1492183648093
756.0   707.6347232076662
757.0   717.8918717618844
758.0   764.5923650897685
759.0   759.1307929082919
760.0   785.9039491740137
761.0   805.110700358399
762.0   820.0988565130274
763.0   833.911650184803
764.0   854.5010119346618
765.0   873.9031668362331
766.0   905.2509163478356
767.0   895.1207403025837
768.0   915.9791160034605
769.0   894.6053243056551
770.0   923.3426862883971
771.0   918.1808231067703
772.0   923.8829077941308
773.0   884.5989723016677
774.0   911.585444533883
775.0   884.5376576526864
776.0   892.2231176906213
777.0   880.2095818413409
778.0   892.0794853444354
779.0   859.2191214944295
780.0   848.4847738965356
781.0   846.7789189771269
782.0   828.4339439042146
783.0   826.3868195643678
784.0   789.6976454172943
785.0   788.536921706327
786.0   770.6354348636451
787.0   761.6565921668677
788.0   743.5953327501513
789.0   721.9682250299339
790.0   725.8370618914063
791.0   692.3056064915428
792.0   691.4226375206371
793.0   676.7760148226085
794.0   657.3862654211379
795.0   647.2050784517747
796.0   630.5815151821472
797.0   654.0233687266224
798.0   601.9491675062907
799.0   583.4538306733235
800.0   573.9291707965991
