600.0   517.0946498450256
601.0   513.131524534156
602.0   518.5295807415085
603.0   525.3082693718957
604.0   504.89772234519376
605.0   509.90437672001053
606.0   516.2170983209734
607.0   498.09650316461494
608.0   499.365731337385
609.0   489.88218705878444
610.0   499.2977811697455
611.0   488.957271937845
612.0   494.10569391014445
613.0   484.8057026263094
614.0   474.72262393967884
615.0   479.93978570614297
616.0   480.2714572890563
617.0   492.843414332697
618.0   495.6712668108808
619.0   494.9188885111538
620.0   491.7085097125758
621.0   509.62447478775016
622.0   494.9346635742574
623.0   523.7928525410126
624.0   527.200682069223
625.0   540.9972076785815
626.0   554.2525181878244
627.0   560.9335987550681
628.0   578.379453632727
629.0   583.2523391772439
630.0   583.1254645139837
631.0   603.892874784376
632.0   613.5353613681069
633.0   633.1188972822918
634.0   632.5188264608278
635.0   646.2631824086835
636.0   650.533931650309
637.0   660.5486190699419
638.0   663.6904988599476
639.0   666.9164680982993
640.0   672.2068400431274
641.0   670.7658607566319
642.0   675.6998541912553
643.0   670.2107928991691
644.0   673.454055293732
645.0   664.8483590938876
646.0   670.2941394258003
647.0   666.8342032929429
648.0   666.0244923734062
649.0   644.8524419191758
650.0   635.8621444742016
651.0   638.8632221636132
652.0   642.306655141922
653.0   636.8012939431154
654.0   633.5187144222677
655.0   627.1384357730904
656.0   624.5366081972815
657.0   627.7539132777745
658.0   622.392025789563
659.0   628.0724954734724
660.0   628.5774470478242
661.0   621.0548946357375
662.0   615.6111222696594
663.0   621.2289456603372
664.0   631.5375647243004
665.0   630.3143674690099
666.0   625.5858345012289
667.0   621.0353729609024
668.0   622.6489654330358
669.0   627.8177677105813
670.0   631.9995807992464
671.0   647.5956623715093
672.0   662.1797523128504
673.0   661.8008568096527
674.0   660.1765471716352
675.0   675.6635816845358
676.0   671.4889321052516
677.0   683.6650520421772
678.0   702.6346906693055
679.0   701.3948378154938
680.0   717.4231785018094
681.0   736.2740556959575
682.0   739.0475560611939
683.0   743.0671369376928
684.0   751.9986771512882
685.0   770.258174631965
686.0   781.1725499807127
687.0   784.5724989102902
688.0   792.4362437466032
689.0   821.2011366722255
690.0   820.6703765511052
691.0   836.8821529909815
692.0   856.1010033983056
693.0   866.5185433599958
694.0   867.7166586013634
695.0   877.1070645012019
696.0   864.5503608001625
697.0   870.2832876918972
698.0   875.8364791086753
699.0   891.8495022363039
700.0   872.6690590648268
701.0   870.8084147602617
702.0   902.3189473241824
703.0   895.1394502304149
704.0   883.9678357844188
705.0   887.2433703952838
706.0   886.5401592369257
707.0   868.5183483759464
708.0   858.8283324552514
709.0   857.1771749883258
710.0   851.0042718428783
711.0   840.5327070210022
712.0   840.2506646460893
713.0   835.4966551147845
714.0   813.8212107888972
715.0   811.7861957213407
716.0   813.3628520310161
717.0   805.4307614720605
718.0   792.3861987628061
719.0   788.5936535636025
720.0   784.1206943651749
721.0   779.3930114791707
722.0   780.974172926083
723.0   781.6561543456202
724.0   781.7793700407057
725.0   768.8373064920173
726.0   756.5380645200404
727.0   752.0310889825548
728.0   753.4249981300948
729.0   770.8647962787035
730.0   732.7108960279169
731.0   737.9800120505762
732.0   749.8149309976836
733.0   745.8747042697048
734.0   745.4953065581084
735.0   746.1947800751832
736.0   719.3548188343905
737.0   715.2255734452363
738.0   737.9162397423171
739.0   710.2208100140238
740.0   746.6758416238371
741.0   725.6838527762546
742.0   724.0661536624254
743.0   719.186583386811
744.0   717.2606054684445
745.0   716.6168776144812
746.0   715.9496487608574
747.0   693.2357129916281
748.0   705.2571731769506
749.0   708.1059274613675
750.0   723.9240952160883
751.0   724.0673535626078
752.0   719.505893661198
753.0   754.4086917680547
754.0   760.1425327591135
755.0   779.0597361017557
756.0   816.836822160768
757.0   829.4582551651367
758.0   852.2201489159659
759.0   852.862426733771
760.0   878.6781204110991
761.0   910.6109218640311
762.0   926.7436543014984
763.0   973.2222471116727
764.0   998.4600283709442
765.0   995.0276237100251
766.0   1017.172784977328
767.0   1002.4955541438815
768.0   1051.355589154415
769.0   1057.2822608401273
770.0   1056.0722233954282
771.0   1055.9785030571663
772.0   1065.5548811123117
773.0   1020.0008183832811
774.0   1033.7219611470887
775.0   1027.5624912734106
776.0   1027.923435930987
777.0   1018.1489509314085
778.0   1027.343132500984
779.0   979.705659069481
780.0   969.9429854850368
781.0   956.6898186468455
782.0   929.5337838065551
783.0   930.0263614976561
784.0   897.7886231593915
785.0   884.2719762166762
786.0   884.169026147023
787.0   858.460164461844
788.0   842.9861873416994
789.0   824.8291837352132
790.0   804.5009147838155
791.0   784.5131325548786
792.0   780.6328967056567
793.0   756.3727456387691
794.0   744.7847632869506
795.0   725.2143703016264
796.0   719.0853196962876
797.0   711.765831303444
798.0   676.8576196631578
799.0   674.6531626909828
800.0   659.4624915008231
