600.0   564.8080338376379
601.0   570.3637501135463
602.0   552.6502949812736
603.0   555.8174117342386
604.0   543.3655283740962
605.0   543.0698457801001
606.0   552.8695536809444
607.0   546.6546473382084
608.0   549.9396163780566
609.0   522.2806360079472
610.0   541.7377493576781
611.0   527.9108094527871
612.0   539.4339962402217
613.0   515.0747462555036
614.0   512.7175454529312
615.0   511.85263317110633
616.0   523.0205470922866
617.0   531.0483104507676
618.0   518.2653206377088
619.0   537.8575401193859
620.0   546.9788368522144
621.0   558.8506011299687
622.0   540.7893341201108
623.0   573.2770292043969
624.0   581.3444692439011
625.0   594.0135652232871
626.0   603.0310707287578
627.0   615.14438017899
628.0   625.6514952653519
629.0   657.3888175560522
630.0   645.8584093657939
631.0   663.7154307022186
632.0   666.5999719968454
633.0   667.5673116149408
634.0   691.177615375477
635.0   703.0463928540436
636.0   707.8187843404761
637.0   718.2486179496202
638.0   713.6456773413187
639.0   744.600996457525
640.0   737.6416523575223
641.0   742.2482328978118
642.0   747.9702160601843
643.0   727.9045964360175
644.0   733.5036974351112
645.0   728.8865546771382
646.0   739.3299501446992
647.0   729.0746407230838
648.0   726.528011879364
649.0   717.7506460118517
650.0   711.8675755669835
651.0   722.750021324074
652.0   701.4848385913742
653.0   690.4607864312871
654.0   689.5754682461753
655.0   686.7261027328381
656.0   680.9101945113034
657.0   684.1793890819504
658.0   674.2134101964032
659.0   678.3747397759341
660.0   692.3022789763302
661.0   673.085806659822
662.0   677.5050160434284
663.0   676.5899132591
664.0   683.7688286753208
665.0   702.4358887198421
666.0   697.8578918607337
667.0   683.3317539289228
668.0   680.5010533423995
669.0   688.2263682710458
670.0   711.27166031881
671.0   725.9051759196459
672.0   719.7507371137629
673.0   724.2969943398385
674.0   723.7614776532478
675.0   747.3188022780142
676.0   738.179863615141
677.0   756.0092232018201
678.0   759.995650332773
679.0   781.4806745708783
680.0   799.271965707766
681.0   799.4936865629749
682.0   815.5304038624939
683.0   819.3653879821426
684.0   831.974875709842
685.0   845.1361520309918
686.0   856.2026021973851
687.0   887.7099437714802
688.0   877.4013908294291
689.0   905.7955337423355
690.0   926.9702236831446
691.0   917.0553389672319
692.0   954.6643442794509
693.0   959.3746444613292
694.0   977.2836418678152
695.0   967.7425111033522
696.0   966.9490421077966
697.0   984.3273839258369
698.0   1004.9070302670824
699.0   1002.3011504260493
700.0   985.438942471259
701.0   972.5809788474043
702.0   1004.2640647239778
703.0   982.1082310193428
704.0   987.0291261150782
705.0   992.4967274339837
706.0   992.490356573172
707.0   984.1314650724623
708.0   973.426559975858
709.0   977.9757645226479
710.0   952.3105493809973
711.0   952.4086283343473
712.0   930.7632113501593
713.0   909.8105763454065
714.0   909.7775707697068
715.0   892.9653862875414
716.0   897.9615159506419
717.0   914.9031834098978
718.0   879.1219744266741
719.0   892.0883621245812
720.0   882.0331673134307
721.0   869.6855767226382
722.0   878.5884091265985
723.0   863.6283732912079
724.0   866.1656620130692
725.0   853.9939587066895
726.0   835.130671241479
727.0   835.0109398065958
728.0   852.190124949535
729.0   850.5228746139136
730.0   809.8262582540947
731.0   823.0768496591409
732.0   846.8069168515513
733.0   847.7159328927836
734.0   826.5301228709072
735.0   828.7822679250568
736.0   795.9480307331202
737.0   790.119792098918
738.0   825.3764531199685
739.0   810.4728133016259
740.0   831.8665219791438
741.0   810.5739224574529
742.0   808.520639059765
743.0   810.685349400507
744.0   801.976124532186
745.0   776.7069047193773
746.0   785.4422862063243
747.0   806.5169206412685
748.0   798.6616162151183
749.0   788.5884037074824
750.0   795.4359063820199
751.0   797.5726305910849
752.0   817.9762391857106
753.0   828.5460248744146
754.0   858.5186306620271
755.0   882.0683945897653
756.0   905.0754664048808
757.0   906.7157280190738
758.0   951.5328755523703
759.0   977.6980007352469
760.0   997.1117743502144
761.0   1015.7994121474901
762.0   1060.6902662702191
763.0   1080.000074095127
764.0   1094.4976867348137
765.0   1117.2488112808944
766.0   1142.4847066113662
767.0   1135.270867428195
768.0   1185.425739067874
769.0   1171.2416803642939
770.0   1161.0670578848064
771.0   1174.285841570236
772.0   1179.9536450317917
773.0   1158.8240886199467
774.0   1159.9191847516015
775.0   1142.680948228718
776.0   1142.9046941107388
777.0   1132.014246073588
778.0   1139.8782559621027
779.0   1108.8442191657277
780.0   1103.7764548039843
781.0   1067.6761268006567
782.0   1043.5958723865226
783.0   1035.7547386629512
784.0   1009.2450811887923
785.0   989.2325202113627
786.0   976.6356391361194
787.0   959.6035838364729
788.0   950.5296554313715
789.0   931.7288093643978
790.0   906.5046233397388
791.0   894.0863593104023
792.0   869.0377553078697
793.0   843.7555465976889
794.0   828.4226614737121
795.0   803.7260740179476
796.0   808.6365748225554
797.0   796.7875084267083
798.0   760.9420330830767
799.0   732.6617990198228
800.0   732.1447216613404
