600.0   590.4336258593585
601.0   589.7799780022764
602.0   575.7931441042983
603.0   597.7187530628173
604.0   581.0392409997381
605.0   584.105736296515
606.0   583.0401669742645
607.0   580.5804687259408
608.0   587.203675191892
609.0   557.5937052081201
610.0   568.0289330990779
611.0   559.6890414155251
612.0   575.137509495201
613.0   546.2290527075003
614.0   534.0818751345755
615.0   549.3640269824234
616.0   562.5091157833566
617.0   585.3366538648229
618.0   570.7448750956974
619.0   586.2607342622932
620.0   578.7622557342102
621.0   617.2415520283639
622.0   615.5347953888514
623.0   627.8837714585059
624.0   649.6494271988323
625.0   676.071725137086
626.0   683.8786027655984
627.0   696.4982087596026
628.0   715.5785242420072
629.0   723.151975328888
630.0   742.6082847106359
631.0   762.1096232756249
632.0   761.6882311789747
633.0   781.8919864663261
634.0   805.3409007825688
635.0   816.2495796553893
636.0   798.2159823113975
637.0   831.4620536472844
638.0   817.1526192303497
639.0   845.692359794347
640.0   842.5546799994016
641.0   858.7792153179486
642.0   852.4279206659293
643.0   845.39148805571
644.0   848.1231281482461
645.0   831.9016462201881
646.0   854.6513025177755
647.0   843.7813372572308
648.0   831.7156104204043
649.0   833.0689490746083
650.0   827.9560822514696
651.0   833.7889283057001
652.0   823.6710708339152
653.0   821.2692294216705
654.0   813.7444327568388
655.0   807.0046056272039
656.0   804.5920227044478
657.0   795.9154475322246
658.0   789.7495463882752
659.0   800.9133872593858
660.0   807.8522184474588
661.0   806.181987138502
662.0   806.2563715303885
663.0   814.6972620347858
664.0   821.0515959071612
665.0   845.1708079163886
666.0   828.6565737272656
667.0   835.3100545783961
668.0   818.7716037340069
669.0   827.460118201063
670.0   857.1233911897506
671.0   879.3769995729856
672.0   902.4884890356949
673.0   889.7702089999641
674.0   892.9900010254739
675.0   922.611426564429
676.0   909.9058295075658
677.0   957.8048528700658
678.0   963.1901263853267
679.0   986.661907065737
680.0   1013.6991258166488
681.0   1009.1780679408415
682.0   1035.670833051745
683.0   1075.1441177090385
684.0   1073.0279236558763
685.0   1086.5664506993035
686.0   1103.1135129710153
687.0   1135.3944445721427
688.0   1141.3203380219684
689.0   1162.5381045626086
690.0   1187.4860755425545
691.0   1205.4565250440735
692.0   1238.8212059002585
693.0   1257.8709884694526
694.0   1246.3487397424633
695.0   1288.1902764364695
696.0   1278.0817818250032
697.0   1258.5891123536019
698.0   1296.250196931114
699.0   1307.09755559157
700.0   1316.3912130271822
701.0   1284.3156933265882
702.0   1311.3556469109403
703.0   1301.0062637567794
704.0   1306.6402482151914
705.0   1315.9049233015633
706.0   1302.8620676924836
707.0   1299.7367787273663
708.0   1274.3364463260377
709.0   1288.903867315594
710.0   1255.958732636017
711.0   1266.4964751677203
712.0   1224.7300913119557
713.0   1220.1058113071924
714.0   1217.6055429993078
715.0   1217.8095659536689
716.0   1201.4457463337324
717.0   1222.9516923880471
718.0   1180.0007176825836
719.0   1199.9245214748628
720.0   1161.6629828489995
721.0   1155.1679594365844
722.0   1180.6706710643555
723.0   1180.1507984518846
724.0   1174.655520184192
725.0   1154.845750315523
726.0   1141.5228016629042
727.0   1139.0337606749
728.0   1147.4050623592154
729.0   1150.8677871690659
730.0   1113.5509429632036
731.0   1125.8269852235735
732.0   1143.5258549034725
733.0   1139.7984527076849
734.0   1136.3965798731301
735.0   1128.5466831428319
736.0   1110.9138056229253
737.0   1113.0072508186279
738.0   1128.621020689117
739.0   1101.9125734475565
740.0   1139.7431177089056
741.0   1137.7560793958248
742.0   1152.691136328982
743.0   1129.7131395807446
744.0   1144.2227070506183
745.0   1117.3515309388558
746.0   1125.4934012462456
747.0   1146.029140018299
748.0   1139.2947158775567
749.0   1141.4552969506988
750.0   1131.6775742089874
751.0   1095.8190172343932
752.0   1089.2781009675944
753.0   1105.8910413200686
754.0   1114.9987213605466
755.0   1131.237233536799
756.0   1157.0881708987365
757.0   1179.3344374019864
758.0   1227.3307388289252
759.0   1248.5081400890185
760.0   1278.7549589567088
761.0   1315.7786178524634
762.0   1366.995402980147
763.0   1396.9446188538518
764.0   1433.095227551112
765.0   1455.3658448567737
766.0   1501.9199577496342
767.0   1504.2230375435515
768.0   1562.242103595817
769.0   1535.2063095892163
770.0   1574.1381756778192
771.0   1561.2164642846305
772.0   1555.5532207399967
773.0   1518.4734664615705
774.0   1516.456217512413
775.0   1495.5353720243663
776.0   1499.8514038267272
777.0   1481.3225848722896
778.0   1444.7448788210318
779.0   1408.5960179930487
780.0   1368.5820753883993
781.0   1344.6403743509911
782.0   1311.068329325152
783.0   1266.9247638578236
784.0   1247.6746208628947
785.0   1199.9249576734023
786.0   1188.90277519938
787.0   1137.2385740861575
788.0   1096.984931937699
789.0   1057.4024771154322
790.0   1043.9653675692664
791.0   998.3842254545655
792.0   971.3155421563436
793.0   938.2770608950043
794.0   895.3501450515844
795.0   876.2758383788128
796.0   840.7974377137868
797.0   831.9617107725512
798.0   803.4011538541688
799.0   750.035326171512
800.0   741.5542772440773
