600.0   29.96
601.0   29.96
602.0   29.96
603.0   29.96
604.0   29.96
605.0   29.96
606.0   29.96
607.0   29.96
608.0   29.96
609.0   29.96
610.0   29.96
611.0   29.96
612.0   29.96
613.0   29.96
614.0   29.96
615.0   29.96
616.0   29.96
617.0   29.96
618.0   29.96
619.0   29.96
620.0   29.96
621.0   29.96
622.0   29.96
623.0   29.96
624.0   29.96
625.0   29.96
626.0   29.96
627.0   29.96
628.0   29.96
629.0   29.96
630.0   29.96
631.0   29.96
632.0   29.96
633.0   29.96
634.0   29.96
635.0   29.96
636.0   29.96
637.0   29.96
638.0   29.96
639.0   29.96
640.0   29.96
641.0   29.96
642.0   29.96
643.0   29.96
644.0   29.96
645.0   29.96
646.0   29.96
647.0   29.96
648.0   29.96
649.0   29.96
650.0   29.96
651.0   29.96
652.0   29.96
653.0   29.96
654.0   29.96
655.0   29.96
656.0   29.96
657.0   29.96
658.0   29.96
659.0   29.96
660.0   29.96
661.0   29.96
662.0   29.96
663.0   29.96
664.0   29.96
665.0   29.96
666.0   29.96
667.0   29.96
668.0   29.96
669.0   29.96
670.0   29.96
671.0   29.96
672.0   29.96
673.0   29.96
674.0   29.96
675.0   29.96
676.0   29.96
677.0   29.96
678.0   29.96
679.0   29.96
680.0   29.96
681.0   29.96
682.0   29.96
683.0   29.96
684.0   29.96
685.0   29.96
686.0   29.96
687.0   29.96
688.0   29.96
689.0   29.96
690.0   29.96
691.0   29.96
692.0   29.96
693.0   29.96
694.0   29.96
695.0   29.96
696.0   29.96
697.0   29.96
698.0   29.96
699.0   29.96
700.0   29.96
701.0   29.96
702.0   29.96
703.0   29.96
704.0   29.96
705.0   29.96
706.0   29.96
707.0   29.96
708.0   29.96
709.0   29.96
710.0   29.96
711.0   29.96
712.0   29.96
713.0   29.96
714.0   29.96
715.0   29.96
716.0   29.96
717.0   29.96
718.0   29.96
719.0   29.96
720.0   31.96
721.0   29.96
722.0   29.96
723.0   29.96
724.0   29.96
725.0   29.96
726.0   29.96
727.0   29.96
728.0   29.96
729.0   31.96
730.0   31.96
731.0   31.96
732.0   31.96
733.0   31.96
734.0   31.96
735.0   31.96
736.0   31.96
737.0   31.96
738.0   31.96
739.0   31.96
740.0   31.96
741.0   31.96
742.0   31.96
743.0   31.96
744.0   31.96
745.0   31.96
746.0   31.96
747.0   31.96
748.0   31.96
749.0   31.96
750.0   31.96
751.0   31.96
752.0   31.96
753.0   31.96
754.0   31.96
755.0   31.96
756.0   31.96
757.0   31.96
758.0   31.96
759.0   31.96
760.0   31.96
761.0   31.96
762.0   31.96
763.0   31.96
764.0   31.96
765.0   31.96
766.0   31.96
767.0   31.96
768.0   31.96
769.0   31.96
770.0   31.96
771.0   31.96
772.0   31.96
773.0   31.96
774.0   31.96
775.0   31.96
776.0   31.96
777.0   31.96
778.0   31.96
779.0   31.96
780.0   31.96
781.0   31.96
782.0   31.96
783.0   31.96
784.0   31.96
785.0   31.96
786.0   31.96
787.0   31.96
788.0   31.96
789.0   31.96
790.0   31.96
791.0   31.96
792.0   31.96
793.0   31.96
794.0   31.96
795.0   31.96
796.0   31.96
797.0   31.96
798.0   31.96
799.0   31.96
800.0   31.96
