600.0   766.622281482044
601.0   775.4752038615741
602.0   744.9741905886699
603.0   771.1158512465702
604.0   746.8679097952509
605.0   743.9537712296467
606.0   731.4085499854813
607.0   745.5709491791332
608.0   743.6235077354758
609.0   721.8842660075485
610.0   716.0625454805859
611.0   714.4397004489019
612.0   740.2648919265894
613.0   708.2125680590138
614.0   696.324952936753
615.0   701.0089925802188
616.0   725.30245962531
617.0   748.0307125827889
618.0   737.4502197163087
619.0   776.6660966574012
620.0   781.3061209830581
621.0   842.0986438605854
622.0   825.1706801061981
623.0   882.2999149901541
624.0   899.4459262325977
625.0   927.0480367609223
626.0   967.4965106468604
627.0   999.7126303785242
628.0   1021.9841258017875
629.0   1065.5087777768883
630.0   1109.4689247227466
631.0   1146.7171478817904
632.0   1144.8408840131824
633.0   1158.8154172308732
634.0   1194.383539538155
635.0   1226.7471210985516
636.0   1246.6396821761903
637.0   1270.615534062914
638.0   1263.0004312211754
639.0   1306.038179078811
640.0   1320.1191770502724
641.0   1329.029729259279
642.0   1323.1948179195178
643.0   1332.6921212440418
644.0   1304.8643887021058
645.0   1319.9213092906057
646.0   1330.625653714828
647.0   1323.3429745008032
648.0   1284.6038634056972
649.0   1285.0533901625968
650.0   1289.2739177420228
651.0   1271.7115142405694
652.0   1261.938817118494
653.0   1265.7311256943221
654.0   1258.4682325792976
655.0   1232.4353692352204
656.0   1254.4894017182462
657.0   1256.3635989322024
658.0   1244.0300189741786
659.0   1215.9870966485314
660.0   1241.019178834924
661.0   1236.3773519244348
662.0   1262.0225208499567
663.0   1241.660858345365
664.0   1267.637452097615
665.0   1328.9741582823312
666.0   1277.2599792084184
667.0   1302.7946270238363
668.0   1278.4513520325852
669.0   1323.4484542405128
670.0   1368.0056259230005
671.0   1381.933162964224
672.0   1443.029275870917
673.0   1418.7648607720046
674.0   1416.9648050540522
675.0   1453.8024498127618
676.0   1479.729420575654
677.0   1549.7307591309993
678.0   1552.5190659978448
679.0   1591.3688532851206
680.0   1641.0804710585544
681.0   1688.1320734168773
682.0   1723.522850309774
683.0   1769.103247942295
684.0   1790.0379115412097
685.0   1835.6582566430636
686.0   1894.5598581483823
687.0   1908.7797657948622
688.0   1952.442271461745
689.0   1996.3072194216816
690.0   2031.072458895397
691.0   2055.7096186358995
692.0   2127.572047442166
693.0   2165.742743580855
694.0   2148.9357316455985
695.0   2241.618279268135
696.0   2194.3738704717953
697.0   2183.6313860882447
698.0   2270.7097540425107
699.0   2302.311613117614
700.0   2272.937792368612
701.0   2251.32608642024
702.0   2265.112866099079
703.0   2251.212450733608
704.0   2244.857143690177
705.0   2271.1480052012685
706.0   2265.3017721953393
707.0   2230.175706378533
708.0   2235.7346246030606
709.0   2223.681457004875
710.0   2199.301208753709
711.0   2161.8337283589367
712.0   2153.859290367056
713.0   2129.163928957727
714.0   2114.362741499399
715.0   2070.573795071126
716.0   2068.257564941364
717.0   2094.6687599871243
718.0   2039.2708939586057
719.0   2061.3910740899196
720.0   2033.7644455236039
721.0   2014.8257647509395
722.0   2054.408346613844
723.0   2029.0893554291038
724.0   2014.305433974745
725.0   1974.7112696005333
726.0   1954.545504512732
727.0   1971.0207973799745
728.0   1957.296603135818
729.0   1975.3496673280065
730.0   1892.1634450379172
731.0   1910.8185943777917
732.0   1968.3684735152403
733.0   1973.316916712359
734.0   1958.336454984028
735.0   1961.8914109977977
736.0   1891.6454079859423
737.0   1879.5283987956818
738.0   1931.1154908709937
739.0   1903.9470577596676
740.0   2010.616905696622
741.0   1932.244291973781
742.0   1984.3647795888846
743.0   1937.9190223035848
744.0   1962.8130571644665
745.0   1931.5369289653613
746.0   1951.309949786522
747.0   1964.42343112556
748.0   1950.0712131567038
749.0   1939.515554689729
750.0   1942.5249767443643
751.0   1907.6385463136298
752.0   1922.044690086792
753.0   1917.134544173577
754.0   1970.8198909527823
755.0   2038.6759827187857
756.0   2083.7123618908226
757.0   2132.615287704712
758.0   2253.4734289523176
759.0   2259.6491495171936
760.0   2367.548332634642
761.0   2421.94135023369
762.0   2545.2334646364616
763.0   2643.862915126681
764.0   2714.4566549009737
765.0   2759.4144891652154
766.0   2827.730476034838
767.0   2865.0406965400352
768.0   2993.88867670323
769.0   2913.86691400179
770.0   3004.198277007387
771.0   2985.9560139289124
772.0   2997.4424078222933
773.0   2905.5047304242644
774.0   2946.1026605127613
775.0   2863.083415411091
776.0   2869.016526290235
777.0   2854.1923165666626
778.0   2834.395271627485
779.0   2719.887982377261
780.0   2710.844332293568
781.0   2610.138940575106
782.0   2558.9770962706752
783.0   2506.9591857046266
784.0   2442.312889452007
785.0   2355.5308484431293
786.0   2300.9294392267125
787.0   2238.144458576908
788.0   2136.51693581994
789.0   2107.775333566772
790.0   2019.1899278522926
791.0   1957.059730310724
792.0   1910.0416412405368
793.0   1848.3362403923636
794.0   1779.2855387397503
795.0   1719.388342356322
796.0   1647.1418763242475
797.0   1667.6190650019646
798.0   1572.0397224216533
799.0   1453.350169831636
800.0   1421.9475882793586
