600.0   663.2953193656527
601.0   666.9218273174016
602.0   636.3956437471194
603.0   664.2198746173467
604.0   645.3635136043218
605.0   653.0243624131117
606.0   649.6292780153251
607.0   657.9665628857608
608.0   637.2672781934125
609.0   615.549876384415
610.0   632.2066142364033
611.0   626.5310868099441
612.0   637.8100251397894
613.0   601.2391307999326
614.0   603.756948510163
615.0   611.6473177876081
616.0   640.3475226509918
617.0   657.342541242572
618.0   630.1252552098231
619.0   666.8509929778364
620.0   673.2940384447146
621.0   723.8582006551233
622.0   716.1978694340128
623.0   780.3877299314317
624.0   765.7895318795637
625.0   782.0317446160203
626.0   844.9294281527856
627.0   848.6608487914991
628.0   887.3121282246586
629.0   933.5261700766246
630.0   955.3115668476969
631.0   972.2841621116904
632.0   986.3526185882715
633.0   999.9965602505503
634.0   1047.2126792857555
635.0   1062.7341375145068
636.0   1093.1149742193593
637.0   1105.9956509093906
638.0   1091.788395108865
639.0   1142.908463422262
640.0   1154.5652181613561
641.0   1156.5757756398757
642.0   1160.1738082598617
643.0   1159.4336851846017
644.0   1141.0075678517987
645.0   1130.658849649248
646.0   1148.263082756259
647.0   1130.1487142064095
648.0   1115.2444505653175
649.0   1121.1219458444002
650.0   1114.9383233443223
651.0   1104.4130391974954
652.0   1098.3581505274985
653.0   1096.618208343302
654.0   1086.975686120342
655.0   1070.4377498195508
656.0   1088.936911198222
657.0   1104.2134288080638
658.0   1080.447604581302
659.0   1077.9788812854786
660.0   1084.1703225092565
661.0   1082.3063429799106
662.0   1088.7436938229994
663.0   1100.0348947567336
664.0   1099.7049498347906
665.0   1157.2930138548288
666.0   1132.3067838738514
667.0   1139.2099368295783
668.0   1133.0311759593076
669.0   1154.178485847881
670.0   1201.4008368580203
671.0   1212.912124767132
672.0   1236.9285962156878
673.0   1259.2942017920932
674.0   1247.1149803064438
675.0   1294.0455984103835
676.0   1294.3514951668997
677.0   1324.2352451041477
678.0   1379.4314688062184
679.0   1405.4924360458383
680.0   1428.8724850397418
681.0   1473.6562404609272
682.0   1485.3648199249135
683.0   1549.710870875739
684.0   1570.0216559875116
685.0   1611.750593030166
686.0   1664.5941207231986
687.0   1689.3682988017758
688.0   1700.9465894124614
689.0   1740.9878461522828
690.0   1785.9288767826285
691.0   1801.160340122329
692.0   1876.8490879837234
693.0   1900.674406810496
694.0   1901.4060196045616
695.0   1939.9091291059362
696.0   1930.0174663177693
697.0   1901.247363445063
698.0   2019.3060049712276
699.0   2039.4323650257713
700.0   1991.8352388161115
701.0   1959.2955776123476
702.0   2005.4376468044802
703.0   1977.1450370836567
704.0   1968.2790994312254
705.0   1978.3892385349175
706.0   1982.6274973355216
707.0   1971.3588205547237
708.0   1954.1347442960027
709.0   1949.9467343145104
710.0   1922.9516922951987
711.0   1907.517512933531
712.0   1892.4821470102459
713.0   1895.6507549115963
714.0   1866.1344841915363
715.0   1808.7881551089044
716.0   1844.494192769129
717.0   1861.2156592154276
718.0   1786.7451197591176
719.0   1818.1060461770871
720.0   1775.0137998801388
721.0   1785.575700846195
722.0   1775.5266568549482
723.0   1749.1466982926256
724.0   1782.6627774349813
725.0   1731.7007451234608
726.0   1716.2157773696472
727.0   1730.020901555753
728.0   1712.8795145573358
729.0   1753.7982388548116
730.0   1662.4450663586742
731.0   1696.5037765718535
732.0   1737.81150286047
733.0   1737.0482884160704
734.0   1721.8256534348398
735.0   1701.9216398459325
736.0   1643.4005729858554
737.0   1666.7151428959178
738.0   1704.0832677582528
739.0   1669.353448418304
740.0   1743.2752376685535
741.0   1704.0934259964702
742.0   1770.7479754830374
743.0   1714.7853830646366
744.0   1723.7182340111603
745.0   1720.9480992858812
746.0   1724.6555436277883
747.0   1732.697912319633
748.0   1723.6186491229228
749.0   1701.5913887102315
750.0   1691.422110440822
751.0   1717.1335422666405
752.0   1709.5794969552412
753.0   1710.0084016189003
754.0   1757.583412170066
755.0   1804.514219701438
756.0   1880.4222906070563
757.0   1910.2668718595773
758.0   2013.0106225827549
759.0   2062.5482068280853
760.0   2126.88994357988
761.0   2233.189603887019
762.0   2290.4192960455157
763.0   2391.191944754882
764.0   2443.2846355429688
765.0   2531.467961234482
766.0   2583.2885984259287
767.0   2578.669437908659
768.0   2696.865876895294
769.0   2663.6743016569667
770.0   2720.6105098472954
771.0   2708.064370512334
772.0   2714.692396128483
773.0   2656.267026123507
774.0   2666.2110995880453
775.0   2598.1968369047504
776.0   2588.224368554574
777.0   2616.525718781861
778.0   2563.202997342597
779.0   2492.9436663931483
780.0   2462.8124805173907
781.0   2415.1676952603225
782.0   2371.817475929517
783.0   2280.288822864967
784.0   2238.7197301619403
785.0   2185.5325645806056
786.0   2107.960123706616
787.0   2055.991934670062
788.0   1995.8562362204325
789.0   1967.2573808143438
790.0   1901.778562499241
791.0   1785.2578193437787
792.0   1797.996651607605
793.0   1696.6243211326607
794.0   1647.5511030967295
795.0   1612.7395765219026
796.0   1573.5046121115824
797.0   1583.1323166978098
798.0   1460.0636517772914
799.0   1377.093748579623
800.0   1366.997400029174
