600.0   503.3099472832308
601.0   500.8131145326664
602.0   490.4588484859938
603.0   509.46615391513274
604.0   498.9771791736639
605.0   487.98590994478513
606.0   490.816233793951
607.0   501.5423275011934
608.0   502.1406498714015
609.0   487.92058228391613
610.0   475.9261229044151
611.0   475.1549563951798
612.0   494.9096745549841
613.0   464.49482769412214
614.0   469.9204468235208
615.0   460.35540404991855
616.0   481.56002345577167
617.0   496.8558311972239
618.0   491.19725832188146
619.0   510.37656866077486
620.0   526.245841182758
621.0   562.8821014704946
622.0   548.184974100629
623.0   591.9082070833616
624.0   607.4616309685539
625.0   604.9965548026418
626.0   652.6266380406547
627.0   665.0640144449803
628.0   687.8380765183592
629.0   717.1145257132853
630.0   719.3221271861797
631.0   750.3168017991915
632.0   775.583495191992
633.0   783.9249040126558
634.0   808.3531436662025
635.0   828.7269333260995
636.0   838.8987295200659
637.0   863.9078649718713
638.0   850.6009461817372
639.0   892.8363478118426
640.0   893.895868883428
641.0   889.9284932451342
642.0   891.3127707136355
643.0   890.3921008411039
644.0   900.1779125175625
645.0   874.6637721061356
646.0   892.1002812215547
647.0   888.1115158822281
648.0   883.3213037016023
649.0   890.5942970611446
650.0   870.5986516860445
651.0   864.4065816700208
652.0   868.6226924470037
653.0   869.4646430561811
654.0   844.9504719932293
655.0   829.4023233109617
656.0   859.8816045610412
657.0   835.5999503957798
658.0   826.5271127697913
659.0   841.6601775932254
660.0   856.3600289018749
661.0   840.2993434450494
662.0   839.6122459063006
663.0   841.8146231667744
664.0   857.225489051475
665.0   891.5482821296939
666.0   869.7861066589098
667.0   896.0022148046008
668.0   878.1029638421838
669.0   898.1390460266591
670.0   929.7973177861778
671.0   943.752947720352
672.0   961.0220094471638
673.0   960.6331406982667
674.0   969.1364384321434
675.0   994.1855157968453
676.0   1009.0067494280429
677.0   1059.5218801779495
678.0   1080.8434642971715
679.0   1094.1585024000346
680.0   1116.2330524884833
681.0   1162.7508317413572
682.0   1164.0069174815549
683.0   1204.458652730662
684.0   1218.0336174521815
685.0   1264.444028543031
686.0   1303.9688461391247
687.0   1311.5354313351065
688.0   1343.8639077822297
689.0   1377.414226007636
690.0   1390.6191380109287
691.0   1416.9861511522865
692.0   1476.4019990022164
693.0   1483.3320806588674
694.0   1488.6169357989363
695.0   1512.4880365673635
696.0   1512.1351083261488
697.0   1484.9658822630004
698.0   1557.7821467215058
699.0   1572.6550206438942
700.0   1562.7493570289294
701.0   1530.7658628085792
702.0   1555.1308218370862
703.0   1550.1203073033162
704.0   1582.5782449683845
705.0   1567.358653593186
706.0   1557.187831677564
707.0   1545.4088903257696
708.0   1529.2240017970983
709.0   1537.2559043374151
710.0   1491.0110735195847
711.0   1485.5089338122632
712.0   1469.721265253747
713.0   1440.2069404159947
714.0   1451.638884610333
715.0   1439.9538514998317
716.0   1451.0765661503624
717.0   1442.7305219314323
718.0   1412.9597529914492
719.0   1425.2025025941118
720.0   1392.8108849841256
721.0   1360.765607425425
722.0   1391.967176883138
723.0   1377.102673771191
724.0   1378.4952437314678
725.0   1349.4638225871022
726.0   1360.1860889736372
727.0   1346.9664660928538
728.0   1327.2344558239265
729.0   1365.8967128246481
730.0   1286.3556353918257
731.0   1329.0648492077116
732.0   1353.1420555093946
733.0   1358.4515195031988
734.0   1349.9166073551432
735.0   1326.647065892383
736.0   1294.8102125765672
737.0   1292.735055024678
738.0   1340.2723420109896
739.0   1325.4758223935828
740.0   1381.1337211022485
741.0   1328.5896194375355
742.0   1369.6729509193012
743.0   1313.5537133066127
744.0   1344.982540521134
745.0   1318.2803262028056
746.0   1329.7609405167173
747.0   1349.4576487752445
748.0   1347.6923304293512
749.0   1327.077190489536
750.0   1322.106270735444
751.0   1334.049198193265
752.0   1328.967692490414
753.0   1359.0762689838143
754.0   1383.6776755070161
755.0   1431.2778397422796
756.0   1487.786139493801
757.0   1530.2980767213594
758.0   1622.6271977442018
759.0   1627.145034067736
760.0   1681.3347707998262
761.0   1773.2255078668022
762.0   1830.063682824301
763.0   1915.7064765335344
764.0   1956.7141394466055
765.0   1998.5218920539564
766.0   2027.8881253264021
767.0   2059.5045343966513
768.0   2161.704174416548
769.0   2115.2676759201368
770.0   2153.141481323904
771.0   2162.1764897876733
772.0   2159.658935369162
773.0   2098.0805751094927
774.0   2132.786453232507
775.0   2085.122761930054
776.0   2078.3384839784176
777.0   2090.001022418893
778.0   2055.5610455501214
779.0   1977.2535052998746
780.0   1959.101161845027
781.0   1920.111907422391
782.0   1887.7622034848916
783.0   1815.3270289896236
784.0   1780.307388129911
785.0   1744.7110253619642
786.0   1684.618260809403
787.0   1630.39433533069
788.0   1607.1275079313023
789.0   1556.1778330331388
790.0   1513.3239617564009
791.0   1462.657522832148
792.0   1450.4383497073231
793.0   1406.9298425020581
794.0   1349.3553286095812
795.0   1310.8877357651359
796.0   1257.7950905002701
797.0   1270.6298935580774
798.0   1175.783124456311
799.0   1113.095608889128
800.0   1120.4629130182066
