600.0   407.5108518306075
601.0   402.7872511457598
602.0   379.3940985188809
603.0   394.71372379631737
604.0   383.4512274205465
605.0   393.9808220996382
606.0   361.1160730986368
607.0   392.6338583037957
608.0   386.337829961628
609.0   365.3880455353021
610.0   366.57774247662024
611.0   376.61030227755015
612.0   378.63756147238644
613.0   359.20973638616056
614.0   363.1924518881383
615.0   361.8884419507672
616.0   378.1099994828045
617.0   396.5114219945076
618.0   388.4642893286034
619.0   405.9979711693162
620.0   390.7596412464761
621.0   425.9806695788884
622.0   427.74205043115546
623.0   458.8377170269961
624.0   467.35857366117114
625.0   469.07959807827854
626.0   508.93056437671135
627.0   501.78913592775154
628.0   523.8200435089624
629.0   554.6281890625062
630.0   568.8893448180924
631.0   582.9293118814037
632.0   577.8832401376048
633.0   594.1110232564597
634.0   610.6835433401473
635.0   639.7753243214378
636.0   648.0218172710199
637.0   659.2446717892308
638.0   635.989161786133
639.0   691.7932377561203
640.0   675.8343949380901
641.0   695.5762722206321
642.0   681.4111495270961
643.0   679.7202562902094
644.0   687.0045853821129
645.0   686.3141970518086
646.0   688.0126106499815
647.0   690.0720073102916
648.0   681.6378867012336
649.0   676.5115022344968
650.0   669.8848004013428
651.0   650.3253990136038
652.0   653.5911972644707
653.0   650.2359643327188
654.0   646.4351723493016
655.0   645.8218432783063
656.0   650.9373212680405
657.0   645.437741769852
658.0   635.47838093979
659.0   632.17385259575
660.0   656.345108922015
661.0   642.2966506800936
662.0   650.8614101790918
663.0   656.8428779270149
664.0   649.1126388221187
665.0   683.2260257706374
666.0   678.4614602470875
667.0   684.1669493860254
668.0   668.1662358239614
669.0   671.2374539334642
670.0   721.3363578391956
671.0   728.3115024454594
672.0   753.2880609655501
673.0   735.7999245822076
674.0   735.9008300878606
675.0   772.1593324736851
676.0   777.473760016521
677.0   793.6518630837024
678.0   816.2896028193684
679.0   824.4098772713635
680.0   844.8046199708808
681.0   867.1369930345221
682.0   894.0953592002031
683.0   902.8759837178629
684.0   945.0589092359587
685.0   953.5725189469658
686.0   991.9253784866613
687.0   1008.8556025960794
688.0   1025.5208056165081
689.0   1019.6780110372476
690.0   1069.891486435063
691.0   1090.5781455282697
692.0   1129.8925719888543
693.0   1124.0053076581746
694.0   1139.9528751024181
695.0   1172.9915512640337
696.0   1170.1200707609455
697.0   1149.4778223399992
698.0   1216.1474848913992
699.0   1200.2576082746687
700.0   1216.865978620344
701.0   1186.1400521847263
702.0   1182.8319191190267
703.0   1207.0528447250385
704.0   1217.8577036393308
705.0   1222.7647072397879
706.0   1207.8459461203272
707.0   1189.9049660765922
708.0   1193.4546991178756
709.0   1179.6986573845425
710.0   1155.2950764352097
711.0   1142.9945047877445
712.0   1136.9172307865758
713.0   1128.4924993152404
714.0   1108.2058062514802
715.0   1093.773070817474
716.0   1100.6252552378198
717.0   1116.0449753421517
718.0   1094.2029556190216
719.0   1089.3338286980832
720.0   1076.285138725946
721.0   1071.6710829264287
722.0   1080.5243527757184
723.0   1057.736673601988
724.0   1070.4244498144094
725.0   1051.7113452478804
726.0   1033.8282906730124
727.0   1034.0095683646607
728.0   1039.3988397332544
729.0   1046.7588719905389
730.0   995.7370937671005
731.0   1002.5553061426967
732.0   1027.848813408333
733.0   1042.2835896123472
734.0   1032.5438371579762
735.0   1025.4462571715376
736.0   1002.1959563848926
737.0   986.3758118951912
738.0   1020.5066990362864
739.0   994.176794982744
740.0   1041.0623947093686
741.0   1010.1302086725367
742.0   1059.9331297450094
743.0   1010.6028882238088
744.0   1008.0680587848468
745.0   1005.6972990366705
746.0   1018.0234495959667
747.0   1029.1376192195278
748.0   1020.634482040286
749.0   1011.4334032334864
750.0   1018.4400849355909
751.0   1020.6361451329806
752.0   1016.3727986392737
753.0   1043.6572105268203
754.0   1067.5344867647561
755.0   1099.9051291584908
756.0   1140.5960522536088
757.0   1184.2731368942066
758.0   1251.0142275478377
759.0   1281.1753696731055
760.0   1300.764577912888
761.0   1359.1889947980117
762.0   1395.0999566983567
763.0   1455.861298035265
764.0   1508.759924185361
765.0   1534.6667520352594
766.0   1568.2168732374744
767.0   1579.8639163174716
768.0   1648.6485423816805
769.0   1645.5211122291892
770.0   1656.4615070665511
771.0   1675.8978662517238
772.0   1659.1885551242751
773.0   1631.3266923243546
774.0   1634.524006805202
775.0   1616.3252429946356
776.0   1613.0583500408527
777.0   1609.0626874634422
778.0   1585.6229276649583
779.0   1535.3739183829011
780.0   1520.164630974567
781.0   1488.9064682787237
782.0   1470.7028783268017
783.0   1415.7719434225803
784.0   1379.21841388748
785.0   1331.2074869547591
786.0   1311.8633685143993
787.0   1287.5812777078563
788.0   1233.8306775529663
789.0   1212.8639244488427
790.0   1166.5154111909565
791.0   1117.2303303074943
792.0   1099.8369534330047
793.0   1068.101389137442
794.0   1045.0823317454385
795.0   1002.9020687659323
796.0   979.573958001329
797.0   985.3317181012646
798.0   917.4736523307662
799.0   870.6941281522153
800.0   854.0391287559931
