600.0   255.34546833917832
601.0   259.8885097511301
602.0   245.75081532939186
603.0   257.95293711131137
604.0   234.34929654688355
605.0   256.8937121474296
606.0   248.4319348295688
607.0   261.1784480069981
608.0   262.81107666512446
609.0   237.6685296453219
610.0   236.81132003183933
611.0   240.93867659221132
612.0   242.48456732865364
613.0   230.61849245071022
614.0   241.83884052935738
615.0   229.67662194096025
616.0   252.71226940957018
617.0   256.26870128461206
618.0   246.99581916959983
619.0   263.8006605422601
620.0   269.538969929889
621.0   280.38291986972166
622.0   270.573671859736
623.0   300.63444477113535
624.0   292.6407779449746
625.0   301.0511500403162
626.0   316.1192197578215
627.0   322.5327369908947
628.0   346.6478870567495
629.0   363.87169680026307
630.0   366.2316605458259
631.0   371.98175403098867
632.0   378.82822608132324
633.0   387.76541429981773
634.0   397.7004670424302
635.0   417.42962853555787
636.0   430.2376557155154
637.0   439.7991495504233
638.0   425.6388517280632
639.0   452.2320364572115
640.0   449.5063278696509
641.0   457.03870917087244
642.0   448.07305786840516
643.0   446.91893141207595
644.0   438.81826812959616
645.0   451.9789438823536
646.0   442.4006077077408
647.0   449.74733901485087
648.0   457.8574481836726
649.0   459.0117485050797
650.0   434.0399017265188
651.0   436.1982979359869
652.0   436.27816661734425
653.0   439.02822317551687
654.0   426.8998435577326
655.0   416.13678373629875
656.0   427.6072949056173
657.0   421.30804671625947
658.0   419.13941544169666
659.0   410.6235463292227
660.0   421.56469370531784
661.0   429.15907043485356
662.0   430.74358027592285
663.0   425.1065306208709
664.0   430.68876537799304
665.0   453.712800574726
666.0   447.45851887863
667.0   443.78025615281365
668.0   450.57058795181547
669.0   445.6731626321288
670.0   463.8979472603934
671.0   481.40120176518553
672.0   492.6980475642684
673.0   469.9968150795512
674.0   478.3653269029891
675.0   491.9061861969111
676.0   514.3385450028395
677.0   529.8892413399119
678.0   526.8913578920092
679.0   562.2858111125208
680.0   559.6625426720061
681.0   589.1804801393419
682.0   593.8935791773055
683.0   607.7290324596015
684.0   628.0266118272016
685.0   624.3385414745146
686.0   651.4064508404608
687.0   655.0700684334631
688.0   682.3742263997156
689.0   690.7372652175832
690.0   706.696231711157
691.0   717.5946780118202
692.0   742.3420594945769
693.0   757.1897978178108
694.0   741.1658822619594
695.0   771.4581678367606
696.0   764.9798473258114
697.0   770.9975309149767
698.0   788.5273758101353
699.0   794.9349880077258
700.0   791.7252287223077
701.0   787.5985590591408
702.0   771.5956684678283
703.0   776.1010295952956
704.0   808.7879980557664
705.0   788.5504860618856
706.0   792.3141580350003
707.0   786.7511837461459
708.0   790.1237799371477
709.0   779.6238070469585
710.0   760.3588736680365
711.0   749.0448568342182
712.0   751.9742257637819
713.0   737.5581014180178
714.0   719.3415247032046
715.0   723.8011498335192
716.0   724.2046616906268
717.0   733.344143644169
718.0   711.0124791599047
719.0   708.6530006558282
720.0   701.65764079425
721.0   712.1091857788952
722.0   706.9524997134923
723.0   676.5329042462046
724.0   708.6973354925827
725.0   679.1725994196063
726.0   678.787382121476
727.0   684.9889971351406
728.0   692.2214273639656
729.0   702.6973720943312
730.0   665.7734933566442
731.0   669.5500807351206
732.0   687.886077268387
733.0   686.2094181492394
734.0   681.1855715960506
735.0   669.6737386510492
736.0   661.9466089175789
737.0   652.1011945108712
738.0   680.3039211459806
739.0   660.1281291330095
740.0   690.1228137671698
741.0   668.6235264696925
742.0   693.4612086251003
743.0   677.264142073246
744.0   680.785775432889
745.0   666.7643708899407
746.0   675.4057003626983
747.0   687.470707627305
748.0   675.5394007316863
749.0   657.4369858847822
750.0   682.3295441974382
751.0   674.9527002955532
752.0   684.0276542724571
753.0   696.0237053743427
754.0   724.4544596381074
755.0   739.1778312086846
756.0   758.7142625892599
757.0   788.7139711377233
758.0   820.4096913404449
759.0   840.7830961267148
760.0   866.5824475404002
761.0   910.1481170706481
762.0   939.8556560760212
763.0   985.8202946195609
764.0   1036.2048950211029
765.0   1037.6352622129034
766.0   1071.479203249083
767.0   1046.971390383229
768.0   1108.9643864768477
769.0   1089.0752613687112
770.0   1123.6769218433535
771.0   1128.1676783641547
772.0   1113.13807865052
773.0   1078.9606187836334
774.0   1096.4089342163686
775.0   1058.4081423176397
776.0   1074.7651470809615
777.0   1083.891475688649
778.0   1063.7632104813326
779.0   1017.4326090353671
780.0   1025.3508418435745
781.0   976.284335114166
782.0   952.2418302720441
783.0   955.8329212616416
784.0   912.153208456486
785.0   901.5622561198619
786.0   879.5519196929166
787.0   842.2793194956882
788.0   842.7762960633048
789.0   808.0740898749245
790.0   806.9252688191657
791.0   743.289013042514
792.0   739.807445475187
793.0   726.5400160113552
794.0   689.0594418729885
795.0   676.3451130973584
796.0   649.994612816218
797.0   649.1889159068195
798.0   610.1234886679479
799.0   580.0785606166871
800.0   561.0936359355674
