600.0   167.87993316728196
601.0   159.90200210767236
602.0   152.69055264543852
603.0   166.52842732407166
604.0   164.1266036827512
605.0   162.02626524010856
606.0   158.23945580521726
607.0   165.11379626852792
608.0   164.83075600786916
609.0   164.07036444761152
610.0   151.94553142013615
611.0   154.3380494437265
612.0   151.19838065929585
613.0   153.68774017708353
614.0   159.31359252586728
615.0   147.07138589530624
616.0   162.89282384085067
617.0   171.34201837023977
618.0   159.41625351395504
619.0   174.16470867642306
620.0   162.3447078793801
621.0   178.79581432662275
622.0   178.57658420994667
623.0   191.1741263614561
624.0   191.83462300334966
625.0   192.95663554673493
626.0   212.3456026991569
627.0   207.4449678318445
628.0   218.03826573371984
629.0   236.0357027246741
630.0   242.56050841536594
631.0   250.33884677058754
632.0   256.6694195031513
633.0   251.47459960826095
634.0   260.11901427969076
635.0   267.33475762342334
636.0   265.16760987656716
637.0   275.13211147301797
638.0   267.9916062198379
639.0   290.56663753220755
640.0   296.1633734451922
641.0   300.4595633023318
642.0   288.4664277816405
643.0   293.3944681872201
644.0   282.8309723718996
645.0   286.1733812423813
646.0   300.0753670074388
647.0   285.2268837689903
648.0   286.6939678192875
649.0   274.91284933375675
650.0   278.62145532620445
651.0   274.0892835440506
652.0   277.9893517855978
653.0   270.56463531016595
654.0   278.891820767383
655.0   272.325869976284
656.0   282.54432526885785
657.0   283.1072917784538
658.0   267.1835547492011
659.0   268.8498234865455
660.0   274.85346513666104
661.0   273.77862640521994
662.0   269.4600238484493
663.0   280.2095121185563
664.0   281.25845177073313
665.0   302.16807191448265
666.0   290.6571786175092
667.0   287.55670164796334
668.0   281.30045967138517
669.0   285.9153101667321
670.0   305.51921594856185
671.0   311.91006747914224
672.0   317.8887493271132
673.0   318.88394327166395
674.0   316.0175521583579
675.0   336.1328627255217
676.0   328.72276677936696
677.0   344.53915202995285
678.0   346.1532738536625
679.0   343.0838449878668
680.0   367.0380941106577
681.0   385.1090808715651
682.0   385.35452277385843
683.0   396.64004553885997
684.0   397.00643244452044
685.0   398.51016780046126
686.0   422.6256162608033
687.0   408.3090383171851
688.0   435.95435238154937
689.0   449.2770113539735
690.0   459.2570756490174
691.0   462.2039061072433
692.0   479.0600565041872
693.0   487.3805609578632
694.0   484.06929715604224
695.0   498.1655988660716
696.0   496.6001198819305
697.0   484.41231425865885
698.0   513.3896918029467
699.0   526.8309542549016
700.0   503.637045441174
701.0   504.6902416291271
702.0   493.8540002883486
703.0   503.9999177819408
704.0   523.0839360691436
705.0   514.2884538707723
706.0   515.1947728704032
707.0   511.02900191559104
708.0   516.919862124488
709.0   501.9366569090231
710.0   483.43277080648517
711.0   480.78509825162644
712.0   485.2603196031837
713.0   486.9165695734173
714.0   469.93752840404426
715.0   466.9861173770395
716.0   470.5795780998953
717.0   473.60607530318134
718.0   462.27561925756777
719.0   463.0519783976542
720.0   464.13668667910525
721.0   459.7991510642652
722.0   457.01278917402465
723.0   442.0135396332572
724.0   467.60601510218726
725.0   455.89297102650767
726.0   448.84929680875416
727.0   445.01549581654814
728.0   439.7275397016551
729.0   447.04516896329596
730.0   423.58594177410066
731.0   434.49375810468007
732.0   439.3318568128808
733.0   444.8066577312176
734.0   443.43411445913796
735.0   445.8280577418023
736.0   435.20214958147756
737.0   427.8632556091767
738.0   439.97433683500117
739.0   443.634945118186
740.0   449.06868363618753
741.0   441.88702945939315
742.0   459.3545429176801
743.0   428.9782070939493
744.0   448.7468031357961
745.0   442.4662204992508
746.0   435.2749509223613
747.0   439.0395541351432
748.0   437.63641323798885
749.0   440.86534573036676
750.0   449.9552201218646
751.0   452.0790500805357
752.0   437.595851167223
753.0   455.4945540655265
754.0   472.35697444239895
755.0   474.9702435479984
756.0   505.43592890580953
757.0   517.4515506582197
758.0   537.0752565210661
759.0   550.6044179554292
760.0   556.7988037934006
761.0   595.0935747671887
762.0   620.781184283602
763.0   639.6339998522977
764.0   657.4188297076353
765.0   678.1509650572141
766.0   686.5969270234946
767.0   692.0306306546113
768.0   720.2537730992132
769.0   709.1252185476557
770.0   724.9933145599489
771.0   735.3940620788842
772.0   720.9627135471031
773.0   707.0091892761757
774.0   726.8109068654854
775.0   692.7153990301338
776.0   706.4580487520808
777.0   702.9194837949926
778.0   684.4665219582018
779.0   662.4788461245361
780.0   652.4524043278988
781.0   643.806165753768
782.0   618.6828651659328
783.0   607.2610805274439
784.0   585.6791403432305
785.0   578.1629134523599
786.0   561.1582019231931
787.0   562.6791926512265
788.0   548.4487044114894
789.0   532.8761027885635
790.0   517.2525531728652
791.0   489.5626293242123
792.0   487.69302132234213
793.0   469.04412582704634
794.0   458.7589497980026
795.0   431.231504453369
796.0   432.5229866044723
797.0   426.60047723011235
798.0   403.15401278112085
799.0   382.602349253224
800.0   378.6120745389195
