600.0   92.94864213235107
601.0   84.97180483576338
602.0   81.22296966195063
603.0   97.14673232891826
604.0   92.16464317629234
605.0   97.10059941269787
606.0   86.21244867221205
607.0   84.30114722001193
608.0   87.77540378936183
609.0   86.0880253151901
610.0   79.30821925313722
611.0   79.38875280693901
612.0   80.63360645723057
613.0   74.73469187525609
614.0   78.12700473975386
615.0   83.82576351744214
616.0   87.66047617712599
617.0   94.17573686250313
618.0   79.17145813577031
619.0   86.38932479987858
620.0   92.47848218238619
621.0   101.45477052296064
622.0   96.17443831296842
623.0   110.97988541922598
624.0   98.96389721335285
625.0   103.92614571370828
626.0   114.19604932384922
627.0   112.76642853282573
628.0   113.84035348168246
629.0   121.93023052974982
630.0   135.11107666524836
631.0   126.98639119510298
632.0   136.68734706116356
633.0   129.71305200825614
634.0   139.77149449628635
635.0   144.33788777565283
636.0   133.18487956539474
637.0   158.8227767021863
638.0   137.4546431505174
639.0   153.96593666604787
640.0   161.36774442519697
641.0   162.1574616743148
642.0   159.28515129506408
643.0   157.3523678147989
644.0   170.52206333185143
645.0   151.1736443666294
646.0   155.7370203350613
647.0   165.00139212755568
648.0   166.4127585662523
649.0   158.2619333430589
650.0   154.10371904017515
651.0   146.47197366029155
652.0   159.15400566948207
653.0   155.3536889087727
654.0   160.11418766452095
655.0   142.07097279642034
656.0   151.45207297384016
657.0   149.39828803824
658.0   148.13073162386632
659.0   150.32073159057893
660.0   159.583155956274
661.0   148.11459919457818
662.0   159.71436086295728
663.0   154.46369295119254
664.0   155.14591746964518
665.0   163.98981369257868
666.0   155.95566626123193
667.0   152.39699138912223
668.0   158.50991094937822
669.0   160.5771824235179
670.0   167.93959470828526
671.0   176.5252348891068
672.0   166.57626730703578
673.0   171.43205622337072
674.0   163.643001180189
675.0   176.0151808934719
676.0   168.86635456681205
677.0   178.39002046393165
678.0   192.16775943515682
679.0   201.794770447713
680.0   196.62752348852717
681.0   213.7366238182336
682.0   207.0371258565958
683.0   208.74954538563645
684.0   228.02216388483242
685.0   231.21997331511176
686.0   233.11744344764395
687.0   227.56472936077537
688.0   248.55620438497337
689.0   251.03320241788708
690.0   258.6681296249066
691.0   251.2692756094694
692.0   273.99777717265613
693.0   267.3089409337752
694.0   272.7573881688536
695.0   275.8542267584884
696.0   270.0867497331872
697.0   271.12461205191914
698.0   279.23276895520326
699.0   285.01719758608544
700.0   272.94938057607817
701.0   280.3467643022664
702.0   268.64831004678564
703.0   281.0045658402779
704.0   286.64180155426186
705.0   281.7596312092822
706.0   279.9298911445883
707.0   281.7628720933003
708.0   282.38806607964284
709.0   284.5938325228715
710.0   280.71177174100654
711.0   266.3982128848161
712.0   265.12020480553787
713.0   275.0325307993809
714.0   263.1241700069087
715.0   258.06711746277426
716.0   272.3763024574562
717.0   258.1972685278722
718.0   264.1573323357226
719.0   263.2025552508638
720.0   250.35228208921347
721.0   256.95326981759996
722.0   251.9470970826242
723.0   239.20300524063364
724.0   252.32146869333715
725.0   250.05185095879378
726.0   254.28847538901084
727.0   252.0024858027296
728.0   257.50732335518643
729.0   247.06169386717
730.0   235.49169193019534
731.0   248.904776812014
732.0   247.7714344341242
733.0   246.53212129492857
734.0   246.94227113420678
735.0   235.3511573404826
736.0   243.6971415624855
737.0   229.51091238084203
738.0   247.37175420481137
739.0   236.6566021252865
740.0   250.76802124336893
741.0   244.69584305470562
742.0   248.25316768650814
743.0   244.59508602150262
744.0   240.5349623790768
745.0   253.04355707029237
746.0   244.09256446877203
747.0   245.20589638732974
748.0   253.52759202438057
749.0   244.43482068401477
750.0   250.7906948301649
751.0   242.16756572681612
752.0   247.3113987097659
753.0   254.74148659611907
754.0   258.0701234047424
755.0   267.72086621365713
756.0   276.8530162229159
757.0   296.0953950799931
758.0   313.30696895470203
759.0   313.6195529206668
760.0   315.899805791649
761.0   329.002906109293
762.0   330.66389350583336
763.0   354.07321551615917
764.0   353.61222005278046
765.0   383.63235631722426
766.0   390.2058840740994
767.0   389.94588702119154
768.0   400.3116206409844
769.0   397.38991123413393
770.0   411.69275276528174
771.0   403.29349083999784
772.0   405.523552092788
773.0   390.9355903189869
774.0   401.54783950776334
775.0   379.97165463765896
776.0   390.43843341549564
777.0   392.82963548290707
778.0   391.59328918087004
779.0   373.0063275786898
780.0   373.32010522771293
781.0   371.9875262997954
782.0   354.68579720437026
783.0   335.0584901260997
784.0   329.515006758546
785.0   317.8321356791745
786.0   329.40991510475044
787.0   306.4504257782361
788.0   306.6149884330193
789.0   300.82079570904284
790.0   295.6654848008036
791.0   268.02078444220984
792.0   260.93097688175044
793.0   258.1351874776656
794.0   247.08341324215442
795.0   250.7865580412199
796.0   238.7242534047465
797.0   247.00766710768318
798.0   229.11200983008578
799.0   218.2710149177543
800.0   206.911174665487
