600.0   49.71424455377414
601.0   51.55428045299567
602.0   50.549978887928376
603.0   51.29653920224462
604.0   46.04883959681007
605.0   58.01520758759423
606.0   40.0856757420521
607.0   54.3664491439624
608.0   53.57486781909469
609.0   45.898818937160286
610.0   36.643353839541334
611.0   49.94308676114795
612.0   41.69054539859934
613.0   41.521085509160656
614.0   48.755905621266294
615.0   40.70645880749038
616.0   44.93734188441263
617.0   51.17139499511629
618.0   41.646448525031644
619.0   54.2703219760202
620.0   38.83356182039307
621.0   52.792442449351455
622.0   51.90920152913978
623.0   63.244701937873714
624.0   49.30968411717902
625.0   55.955988941925995
626.0   55.19411797458065
627.0   54.72879162218791
628.0   71.52259948559097
629.0   78.56788506440338
630.0   67.71490276031804
631.0   67.79341628544691
632.0   72.02374277874014
633.0   70.88584291073627
634.0   72.8581662203857
635.0   76.8005836497899
636.0   75.18880253124621
637.0   83.07429534825187
638.0   68.60030602157869
639.0   87.01348202000742
640.0   93.91866636331599
641.0   88.06366445690577
642.0   76.02456152498834
643.0   77.6087649937252
644.0   88.24377782500414
645.0   77.70906913477279
646.0   78.6637530954697
647.0   81.86761703826824
648.0   82.99198049608935
649.0   83.52354590581893
650.0   78.1170158974513
651.0   77.18557442007466
652.0   81.20813318058507
653.0   81.94067128189334
654.0   81.87750297521029
655.0   72.19363455505732
656.0   85.28449687491818
657.0   83.95414598784052
658.0   75.92682416875232
659.0   77.36200192420034
660.0   76.2215738744629
661.0   77.13780506788876
662.0   82.07624237431088
663.0   78.8808979223933
664.0   79.216131269089
665.0   86.5136826727161
666.0   79.0668326504373
667.0   75.12159963873123
668.0   78.58482087816597
669.0   83.18150969056524
670.0   86.64587102563075
671.0   87.41399876887897
672.0   91.35340211048748
673.0   93.25640634912716
674.0   86.81922871723276
675.0   91.5494486002936
676.0   89.41909850041117
677.0   91.94911719680238
678.0   96.46510720675576
679.0   98.45834808300003
680.0   101.04321899550854
681.0   114.35685592813448
682.0   102.26965391734612
683.0   108.47935890239114
684.0   115.01539796380547
685.0   106.38099346196185
686.0   128.45229008678376
687.0   115.79338690567093
688.0   128.54358014007673
689.0   125.28483795556906
690.0   127.20096468359304
691.0   134.76483975097614
692.0   135.61106422513674
693.0   134.5469502561296
694.0   140.69675509840866
695.0   145.641158900589
696.0   144.57613527788675
697.0   135.37203376768048
698.0   145.55802026076358
699.0   137.7387029307404
700.0   154.13645636331503
701.0   135.44749153531944
702.0   128.05043640663308
703.0   140.00747425437223
704.0   152.28729256660495
705.0   155.3500551827637
706.0   148.22084873410932
707.0   150.10939353749208
708.0   142.80944099028767
709.0   137.83812052703817
710.0   149.31551202537264
711.0   139.71359172544535
712.0   142.70839045423173
713.0   139.90823568618467
714.0   136.2912332837222
715.0   133.77404723348306
716.0   141.53178049869592
717.0   141.2331345127475
718.0   131.89048029289395
719.0   133.18822620027174
720.0   133.30568846847513
721.0   134.12192120752883
722.0   132.24627069593592
723.0   123.54322818886905
724.0   131.5595518301653
725.0   127.81997225336286
726.0   133.7225593996431
727.0   134.99982835244833
728.0   130.3118995268947
729.0   133.56408788908493
730.0   123.37271703319058
731.0   130.08942778740823
732.0   122.65270441902672
733.0   130.3195451139252
734.0   128.8653302301129
735.0   125.8525046269499
736.0   130.81335422923502
737.0   130.1399047055178
738.0   133.93043292689416
739.0   109.00779064040063
740.0   130.8388932899814
741.0   125.8322117352256
742.0   139.8335990631072
743.0   122.55588642206496
744.0   119.08236576308022
745.0   131.1486901614174
746.0   126.46873667792937
747.0   132.38310198514006
748.0   145.29667623406084
749.0   126.85323376565049
750.0   127.82717667786056
751.0   135.7538254797186
752.0   130.0503645732884
753.0   129.09019832605478
754.0   127.36400431491828
755.0   138.4538666361864
756.0   147.59124479651305
757.0   149.98229790427598
758.0   157.15795203800158
759.0   168.58630296034272
760.0   158.2843850721824
761.0   170.3046006983285
762.0   175.57729176736873
763.0   187.41978989213666
764.0   195.71203383955455
765.0   198.76183963146758
766.0   199.36808498238912
767.0   193.04649765791888
768.0   202.90130651471216
769.0   202.75082936989523
770.0   204.1571956882133
771.0   214.84936788591386
772.0   210.7855277156572
773.0   201.12923092707734
774.0   214.45974584671828
775.0   204.5745128340994
776.0   193.99737514491815
777.0   197.8113593498822
778.0   192.37059090205645
779.0   190.54909722032278
780.0   187.6376306945506
781.0   182.39428110685552
782.0   176.91968169576649
783.0   176.8481924692793
784.0   168.54305622995827
785.0   166.3529961977446
786.0   165.76845736704766
787.0   153.83343819518382
788.0   161.93678866831044
789.0   149.08439437617466
790.0   145.4541523193354
791.0   127.99316289447893
792.0   141.06127992054095
793.0   133.6832316606188
794.0   128.74822843660772
795.0   118.2930029787924
796.0   126.27906243848855
797.0   120.1157071863708
798.0   117.72907831960615
799.0   111.39333575989971
800.0   105.00409980074949
