600.0   34.26044592147815
601.0   27.913669807784714
602.0   31.144205574608122
603.0   41.42844924437102
604.0   29.92628327649217
605.0   33.97271174750472
606.0   23.913557731480154
607.0   31.385637823561353
608.0   38.22176799830706
609.0   30.53200347602143
610.0   26.74672103812287
611.0   28.791999452599498
612.0   20.842635622675004
613.0   24.110994606268576
614.0   35.0990788161609
615.0   20.731279640938567
616.0   30.49214401711282
617.0   35.963045007625794
618.0   28.2645391509445
619.0   31.15432738843947
620.0   26.249279388333093
621.0   30.96920623097222
622.0   39.32056024007386
623.0   37.92440246419716
624.0   29.8918918529356
625.0   26.92743253092732
626.0   37.26696217122185
627.0   34.69573324887193
628.0   38.84260035383076
629.0   41.67785505607566
630.0   45.08519872730065
631.0   41.074421702356375
632.0   42.143863599457546
633.0   36.64826916387102
634.0   45.64269934312938
635.0   49.39956609372021
636.0   43.43803736016412
637.0   52.3586853026068
638.0   29.167902625851525
639.0   41.583131615440095
640.0   52.212497705570826
641.0   42.90124553123394
642.0   42.725702925917176
643.0   41.63423656192984
644.0   46.98458108603171
645.0   43.31773846463844
646.0   41.415308223009646
647.0   45.429431888373585
648.0   48.005288108374685
649.0   45.795264130549015
650.0   42.473170877446734
651.0   42.443804862256314
652.0   39.54416180374545
653.0   45.38668256535283
654.0   43.38411585525219
655.0   38.58754801304832
656.0   42.679254950316476
657.0   43.58485983053808
658.0   44.256339564415725
659.0   41.33815654021089
660.0   45.04415214011587
661.0   43.961988992075646
662.0   37.81922837345496
663.0   47.66883628725762
664.0   42.74736047375012
665.0   44.67710734373122
666.0   42.17206507075619
667.0   46.59801545117071
668.0   43.310097831546074
669.0   44.2675314161186
670.0   49.90281536802854
671.0   46.51112522663689
672.0   46.31255910671629
673.0   46.26494509728187
674.0   44.39765551268451
675.0   43.72359484642877
676.0   46.92699044815262
677.0   50.748144769123485
678.0   52.06888301228733
679.0   45.18592943020812
680.0   41.62082954653465
681.0   62.32658278035686
682.0   52.212544829343216
683.0   59.92094983789133
684.0   56.01916120719406
685.0   58.359638796692025
686.0   63.25841011179608
687.0   60.51596424575851
688.0   69.99410931719169
689.0   71.84801446967884
690.0   64.79156575123017
691.0   67.19541597552859
692.0   67.48009334996155
693.0   62.070769851265766
694.0   71.89049933602635
695.0   69.53042070045694
696.0   74.017866861257
697.0   60.36850680138696
698.0   70.80880414535031
699.0   72.94836244745889
700.0   65.98477465291634
701.0   79.35525331830706
702.0   67.26744431824756
703.0   73.00712023458365
704.0   77.12420872418556
705.0   68.53049470777478
706.0   73.17208812357654
707.0   74.20781750483494
708.0   73.24203651407964
709.0   72.35168482181209
710.0   72.35164814275578
711.0   68.98925037641649
712.0   69.62086975778897
713.0   68.83266121856204
714.0   65.82490477901223
715.0   55.85785126052687
716.0   68.98570440812068
717.0   68.37363971009873
718.0   72.21756466677667
719.0   59.224808917770474
720.0   64.6403649697155
721.0   62.59938030198009
722.0   64.77298756783111
723.0   52.718348331024146
724.0   70.71211683706682
725.0   67.00552237624296
726.0   67.3618588924075
727.0   66.01678679251341
728.0   73.13990406369669
729.0   68.31205298082386
730.0   64.45168810546156
731.0   61.90507509048399
732.0   57.56831617984298
733.0   61.84770065781356
734.0   58.958062899398016
735.0   56.893704002152674
736.0   60.932255658374885
737.0   53.42561242740922
738.0   71.08891870890713
739.0   57.34627753540741
740.0   64.24543198547337
741.0   59.778075242280465
742.0   65.9718825278944
743.0   59.41242957013637
744.0   57.34579448212199
745.0   69.2816017589223
746.0   59.61459252665577
747.0   68.05108008918893
748.0   69.77783696564143
749.0   64.0027435547974
750.0   66.62625338847886
751.0   67.62599260346633
752.0   66.71635978120361
753.0   73.08910877588485
754.0   67.14958649060881
755.0   70.27125718433209
756.0   75.30362316611033
757.0   77.10493254681779
758.0   74.65005351851116
759.0   83.62025277632131
760.0   74.98572159965371
761.0   87.92038292564757
762.0   86.00616475195008
763.0   94.11102138840792
764.0   92.46930356924898
765.0   95.95396243852372
766.0   100.76455304815812
767.0   89.44690120130721
768.0   97.92539150036484
769.0   94.0339966095689
770.0   101.44123705536506
771.0   99.97100424216183
772.0   98.50882924758108
773.0   97.41317870112948
774.0   97.55611363814651
775.0   84.12445019859572
776.0   90.02089864156179
777.0   89.34895817204256
778.0   85.71100003814115
779.0   87.18652846917246
780.0   89.28706758043589
781.0   81.96236185867062
782.0   88.37879734240994
783.0   85.83517034664163
784.0   81.61892859142262
785.0   69.4431164898435
786.0   75.63247357349096
787.0   62.9650565567386
788.0   73.25778605876695
789.0   79.95114416649591
790.0   69.10007487834983
791.0   60.69514149299681
792.0   54.60753523022893
793.0   64.8356481955571
794.0   64.61062530135806
795.0   59.180861603752476
796.0   59.54199457520218
797.0   64.77723007772596
798.0   50.3954029795604
799.0   54.55592937104822
800.0   50.82460173091704
