600.0   40.59928594515674
601.0   32.375920499648004
602.0   41.12711894995019
603.0   38.568880966670605
604.0   27.25196673347142
605.0   41.974054357215266
606.0   31.769307931497877
607.0   33.28389743548982
608.0   39.09903792783285
609.0   39.875257895344674
610.0   24.22840379463517
611.0   35.204621319385154
612.0   29.811496129008873
613.0   31.597334568217775
614.0   33.844970985809994
615.0   22.98721077284452
616.0   32.934260687736355
617.0   36.365704717616495
618.0   30.474706024784496
619.0   38.674142576626764
620.0   30.201337497864074
621.0   40.73041093599758
622.0   32.58994983002748
623.0   39.13844211414755
624.0   32.318295084909096
625.0   35.93791726414557
626.0   46.21124047404453
627.0   39.81760914841274
628.0   38.65179342315983
629.0   44.706973937293554
630.0   38.24337126405271
631.0   38.25395048194676
632.0   37.1712197194683
633.0   41.54797390177444
634.0   39.77867827167154
635.0   41.914550417162104
636.0   46.44013583531435
637.0   49.16416176946166
638.0   40.667535946253935
639.0   49.93851500422841
640.0   50.72586851437313
641.0   49.71667240385389
642.0   39.721431307732644
643.0   46.87488097570687
644.0   53.34611267367356
645.0   43.185241391566706
646.0   40.8883609649466
647.0   50.696996634286535
648.0   48.40850712123094
649.0   49.97530401993549
650.0   48.02655999025086
651.0   43.418624719912515
652.0   46.38896022530082
653.0   47.19984366225606
654.0   48.078905668543
655.0   36.47631655638702
656.0   42.27441782276793
657.0   41.33389846391822
658.0   41.13271986102458
659.0   38.70172454642872
660.0   43.518939344561915
661.0   35.806893811728486
662.0   37.81159546539007
663.0   40.445003380109256
664.0   44.829062504700914
665.0   46.27387111573276
666.0   42.975588001725725
667.0   38.40357105892315
668.0   38.43744114267096
669.0   40.24058498754431
670.0   42.930943999349154
671.0   42.082172168565535
672.0   41.847654597267706
673.0   43.229231778170686
674.0   35.42985948716259
675.0   43.93221654904394
676.0   39.21874294303936
677.0   43.86499863498278
678.0   42.232773120744525
679.0   40.55870467307767
680.0   47.610070970040766
681.0   51.219396535698706
682.0   43.62338954088159
683.0   36.62988661999873
684.0   40.02414894349636
685.0   45.54564061286723
686.0   50.42227384401261
687.0   49.474728980246766
688.0   59.57826851122471
689.0   51.330876340416296
690.0   52.32658339070741
691.0   50.09917543303206
692.0   56.56497419753279
693.0   52.80149951982747
694.0   52.83955815644009
695.0   57.546101837669625
696.0   54.53593489280138
697.0   52.40676722888759
698.0   61.8096516943568
699.0   62.57269036491422
700.0   52.66456771009152
701.0   52.94768620067137
702.0   44.538127221821895
703.0   55.96768668370717
704.0   55.274510495664344
705.0   55.35415261501464
706.0   52.02949762337744
707.0   54.75155975423806
708.0   55.1427269170276
709.0   52.45260358920419
710.0   60.673320674332444
711.0   51.326755942775605
712.0   45.23433755823217
713.0   57.1068028013361
714.0   51.005441749291606
715.0   44.20849124477124
716.0   54.30272037835351
717.0   48.844918013437365
718.0   49.01776438640039
719.0   50.775940873818
720.0   54.36300087694042
721.0   48.68959916600451
722.0   51.157518017698635
723.0   44.43262524284165
724.0   47.46447168158545
725.0   48.79164894082035
726.0   53.35969786565977
727.0   42.983262644641314
728.0   46.58246885878205
729.0   48.65018922683697
730.0   49.021598163836444
731.0   44.0670817364699
732.0   44.02094749707538
733.0   45.95567730679085
734.0   39.85701769910992
735.0   46.16077075698814
736.0   41.89267781988926
737.0   39.16215178861597
738.0   52.00658793085489
739.0   40.1398348748225
740.0   52.573466525269794
741.0   43.53311635282245
742.0   46.02298731381049
743.0   37.29427743798081
744.0   35.50363937610774
745.0   44.59684432003809
746.0   43.51446499474358
747.0   42.44650277825582
748.0   43.826795479761216
749.0   46.44381439635467
750.0   48.56725283357747
751.0   49.16186049840749
752.0   40.26331670519323
753.0   41.9459779603049
754.0   48.806757658292526
755.0   51.50481539080363
756.0   54.498433565464296
757.0   56.950688772378044
758.0   54.94620804802631
759.0   52.829978082894485
760.0   60.26974823077754
761.0   64.51509585847526
762.0   57.967631536292856
763.0   62.82305152175675
764.0   68.71408209825424
765.0   72.72592814155752
766.0   66.2821086221137
767.0   60.03553256956107
768.0   71.76587552654738
769.0   63.47100010581548
770.0   63.23109734717693
771.0   70.41118783403232
772.0   63.79943312126696
773.0   68.44016880082137
774.0   62.949282977936804
775.0   57.51227683540023
776.0   68.67015142079762
777.0   54.21883425703078
778.0   50.440520448505225
779.0   61.768822070471344
780.0   56.955576503098484
781.0   58.230616173897744
782.0   52.31029116230502
783.0   53.84814964576208
784.0   52.098116006745386
785.0   41.03615843321009
786.0   56.540698000558024
787.0   49.10651867847429
788.0   47.175063229995374
789.0   47.60242532311642
790.0   43.198013583889974
791.0   43.26580769842701
792.0   40.9360579657112
793.0   41.32995414225755
794.0   42.21274473852799
795.0   35.752937667553596
796.0   35.836055854099584
797.0   36.75129445956563
798.0   40.7025328912442
799.0   36.98704327144367
800.0   31.408930930151257
