600.0   63.870565621324005
601.0   62.47446267945011
602.0   59.64793163548444
603.0   60.08173473885873
604.0   56.75391775250594
605.0   66.10207637862396
606.0   55.286531331858754
607.0   56.70951661940214
608.0   61.05337461432126
609.0   52.88363153913954
610.0   48.76113634959157
611.0   52.40796315589765
612.0   55.65039106777195
613.0   50.42795117817934
614.0   60.5103681052627
615.0   54.23057427292983
616.0   50.42643957743212
617.0   60.682059561544236
618.0   45.299273252885456
619.0   53.11304480921251
620.0   56.92441059953356
621.0   56.868758827653664
622.0   58.36201194306156
623.0   63.71800684352806
624.0   63.303700409107336
625.0   59.88723162140454
626.0   63.06433455721489
627.0   60.792763842899376
628.0   71.37575919609472
629.0   71.13548009014633
630.0   69.51349035720924
631.0   68.32593605337436
632.0   67.97542135185245
633.0   72.89591643878893
634.0   73.6177629235273
635.0   86.16465591815259
636.0   75.55983736172556
637.0   83.49125471306897
638.0   70.29039153946579
639.0   78.03191533545896
640.0   81.0060519194571
641.0   83.3757105684843
642.0   79.25353749787675
643.0   70.76150500005721
644.0   80.06853118614288
645.0   71.01390745816224
646.0   74.46729532211538
647.0   82.03171090836406
648.0   76.23395307384214
649.0   76.1487069640745
650.0   77.4375592199834
651.0   66.6897162556034
652.0   71.03893508525746
653.0   79.3986217746538
654.0   73.64046285344244
655.0   61.30678878411993
656.0   76.32642329980891
657.0   69.17490205093216
658.0   70.24160292376843
659.0   58.84001679649907
660.0   66.46180107904323
661.0   65.8654986894779
662.0   67.07281700798973
663.0   65.25788554584031
664.0   63.31168080620367
665.0   72.67166527541409
666.0   65.79880310757724
667.0   61.9225391635961
668.0   69.33479267727361
669.0   62.5213685581424
670.0   71.47045642276373
671.0   69.60737531092815
672.0   71.6586943380978
673.0   69.38550574333286
674.0   64.78933625479516
675.0   77.67192862316432
676.0   62.985845075778855
677.0   70.96816666073306
678.0   75.85599761565965
679.0   72.7621402060393
680.0   70.69406750257599
681.0   83.36679360939954
682.0   75.69443819642228
683.0   75.72404674667985
684.0   81.00773327502424
685.0   78.73972821033766
686.0   79.6740440232274
687.0   86.65474060529468
688.0   87.76691186691377
689.0   84.25616428070339
690.0   90.83204249772245
691.0   91.22879588482601
692.0   98.31166565860113
693.0   85.651316179498
694.0   88.3196655532748
695.0   95.02590025763288
696.0   102.06564464151904
697.0   87.01392415837438
698.0   99.24349915205337
699.0   93.8398623332777
700.0   87.67091891072212
701.0   100.16635187171192
702.0   85.21697750683364
703.0   96.02151840593191
704.0   100.34547481274893
705.0   95.93835007055822
706.0   95.34645473805108
707.0   97.43487118396965
708.0   91.9169941287688
709.0   97.76981219516395
710.0   94.69387785893088
711.0   86.51746859613311
712.0   72.9952177680114
713.0   86.0942602754516
714.0   80.81151761642451
715.0   78.79347565049576
716.0   87.31974890244413
717.0   76.70977390576556
718.0   82.56562955502599
719.0   64.83442880961832
720.0   76.38535063934171
721.0   79.64231043488383
722.0   74.15788458021999
723.0   66.28048384019522
724.0   73.16104423303275
725.0   73.85024743324058
726.0   79.35692773068774
727.0   71.00810902368926
728.0   77.94152934701447
729.0   72.43819133766078
730.0   77.40953119624558
731.0   79.28377805720623
732.0   64.78110108731559
733.0   72.63279389164825
734.0   66.35547169069955
735.0   73.22700600638541
736.0   68.9081017387062
737.0   66.66275533194303
738.0   77.4830169520022
739.0   63.10516645480425
740.0   74.72197386482281
741.0   63.16966894966782
742.0   69.6604831314726
743.0   52.35569623654925
744.0   62.85360781559254
745.0   60.97643373100243
746.0   61.82147999188203
747.0   64.15690936062174
748.0   67.86256956258592
749.0   64.1375390319563
750.0   63.452950291235084
751.0   63.7548810373151
752.0   71.02399405513728
753.0   65.27615199454235
754.0   68.17138712077312
755.0   69.26685506919242
756.0   71.87087491007983
757.0   83.2470880302584
758.0   87.36981674314339
759.0   79.69004999113906
760.0   79.7443652141794
761.0   90.04389865025126
762.0   90.25781950956193
763.0   96.62013245637635
764.0   102.95259839252745
765.0   103.61642892965358
766.0   103.68028398880642
767.0   98.7874582483486
768.0   93.42356039036244
769.0   95.38624867550985
770.0   102.87687149546198
771.0   111.09673347616075
772.0   104.80565280300553
773.0   94.23584985081754
774.0   105.87642952045431
775.0   90.2022405263236
776.0   102.82415728922624
777.0   91.92966289969479
778.0   90.39609862845589
779.0   91.28662779667201
780.0   85.28456253929116
781.0   87.5305145219908
782.0   77.15393755096409
783.0   80.27258628866394
784.0   81.93209512369799
785.0   73.51027338382372
786.0   80.04044774157754
787.0   77.77765381272746
788.0   71.14855184644574
789.0   71.63183474832039
790.0   63.27602874408021
791.0   72.4329529803054
792.0   70.28462502681211
793.0   69.59638264734969
794.0   68.45600056361477
795.0   66.68683061583226
796.0   63.63089142336946
797.0   56.62011524976566
798.0   54.08746920884607
799.0   53.25780363242913
800.0   50.10997383348271
