600.0   116.1887241801513
601.0   117.62584761776006
602.0   110.91817023035935
603.0   111.23433479356882
604.0   91.91843338787638
605.0   106.9803298416245
606.0   96.58700643023062
607.0   98.8787651313119
608.0   101.24387171725132
609.0   94.67065392056273
610.0   83.66685229486461
611.0   94.2897466006334
612.0   102.771383724267
613.0   84.02609976859213
614.0   90.69363076045173
615.0   84.97122270352807
616.0   94.37040244164916
617.0   94.4992998247335
618.0   91.44303730759395
619.0   93.8257341680955
620.0   89.8500192362647
621.0   95.20297505943967
622.0   100.19501636772307
623.0   109.3126126221797
624.0   103.90004963795312
625.0   102.85267701858115
626.0   108.09552776952992
627.0   106.01167704490689
628.0   111.96871066422497
629.0   121.08814931925426
630.0   116.9271556337263
631.0   123.11511205733981
632.0   121.76171507199433
633.0   121.47848265664615
634.0   122.79931001682846
635.0   133.1311789069521
636.0   129.52443524112027
637.0   152.7191709211253
638.0   126.42895412672053
639.0   141.99723701967895
640.0   141.59192502416437
641.0   132.00767200422052
642.0   131.32353671893574
643.0   138.1907215828733
644.0   140.41108370973615
645.0   135.74213894779075
646.0   141.38717589445696
647.0   129.50862262109615
648.0   133.17435225347117
649.0   134.80587608993858
650.0   130.5270657071674
651.0   132.1842320136367
652.0   133.16343284854335
653.0   128.24617316352555
654.0   125.33260925401964
655.0   122.78313117646366
656.0   120.86838448768313
657.0   122.01804190767896
658.0   115.81277187206024
659.0   110.82964165258193
660.0   123.49163712493234
661.0   118.53956651612842
662.0   107.83701954096512
663.0   116.60468163672178
664.0   117.53249183066552
665.0   126.72870586932376
666.0   120.09595889717045
667.0   117.39470392107941
668.0   108.34977815509731
669.0   111.98724192399982
670.0   124.08936900825626
671.0   130.8801150241626
672.0   122.9561156301188
673.0   118.66968590163239
674.0   117.48501296284036
675.0   131.86724627708656
676.0   125.7099237434407
677.0   121.14371440336191
678.0   128.949938959402
679.0   123.03985581204591
680.0   128.8231970957175
681.0   144.8027754110502
682.0   139.14220370654013
683.0   147.82282443767542
684.0   141.01630443854725
685.0   151.57497947788318
686.0   146.69682767406965
687.0   152.42057240616637
688.0   155.00504950135857
689.0   158.50320728342643
690.0   161.16047997942724
691.0   156.18612112743375
692.0   169.46354217183446
693.0   167.1170716729427
694.0   170.62838943982499
695.0   165.9326895047621
696.0   165.83695560266983
697.0   162.9109070304291
698.0   185.46081066203513
699.0   166.77536669057528
700.0   166.06906026565522
701.0   178.49097384840894
702.0   171.961244303493
703.0   176.02783550265687
704.0   168.74539919087442
705.0   167.2570702937919
706.0   168.9399114669315
707.0   170.1988095714909
708.0   164.67900770480094
709.0   165.36637602665732
710.0   168.57371848269793
711.0   157.89978254047546
712.0   154.46087862528265
713.0   151.3837944830553
714.0   154.01256461193645
715.0   145.6426123873051
716.0   150.1440089296354
717.0   152.66185083111432
718.0   142.01134962854465
719.0   146.13757097366994
720.0   152.4591330640484
721.0   150.3292116871205
722.0   143.3302544670486
723.0   137.91226532199457
724.0   143.40488194167264
725.0   143.13854350758103
726.0   135.91290774573457
727.0   138.99201258906322
728.0   136.07996547586544
729.0   142.69485026880722
730.0   133.5681691143179
731.0   136.83106627471517
732.0   130.66134293221305
733.0   128.92757572515666
734.0   121.72267752487315
735.0   126.18658586355912
736.0   115.7976207056895
737.0   114.81272518352696
738.0   126.56862841918647
739.0   116.69686619663901
740.0   133.6701439107162
741.0   129.39658134001377
742.0   129.48259781764907
743.0   116.88384380245921
744.0   114.38814352422438
745.0   116.7098706767838
746.0   112.33376526026939
747.0   110.43453284573229
748.0   118.42523223634117
749.0   118.58239519740152
750.0   117.86058738642635
751.0   122.24134230039641
752.0   120.19973795521105
753.0   131.90851177213088
754.0   133.2042325296171
755.0   133.43628138851895
756.0   138.04537211422846
757.0   142.9548966529809
758.0   162.10519882404438
759.0   159.52853488693296
760.0   154.6230967421802
761.0   162.02639601223933
762.0   165.18790173102494
763.0   175.10256355328485
764.0   178.4337455236916
765.0   191.02032660488254
766.0   195.0571939974664
767.0   186.3463199914103
768.0   190.064897712818
769.0   193.42720509455913
770.0   199.66609944684993
771.0   199.8054097834962
772.0   198.8017863698511
773.0   191.8756526692555
774.0   183.41117924993554
775.0   183.7495162687937
776.0   178.9837896189472
777.0   181.00324532553554
778.0   178.13980474549192
779.0   178.1765937925054
780.0   171.3732805372267
781.0   172.0939130951135
782.0   160.46659324736896
783.0   161.65660939399083
784.0   152.36752206441344
785.0   152.42812873437683
786.0   165.14098225867897
787.0   134.9179321189652
788.0   144.3993083704314
789.0   139.5611177166312
790.0   135.41490389952807
791.0   123.95125255450279
792.0   123.19324460490125
793.0   125.4084452460109
794.0   129.82611436204806
795.0   123.02122156381603
796.0   117.05350755558806
797.0   110.37557801875664
798.0   118.77604266188874
799.0   102.68191296306682
800.0   97.04680336077297
