600.0   173.7804809527353
601.0   163.02377596493253
602.0   160.3591178651027
603.0   172.5917582335658
604.0   152.99012658359717
605.0   156.96211258245057
606.0   151.67914187177107
607.0   155.64839064285056
608.0   157.0845127731487
609.0   152.42756958967888
610.0   145.50232571267577
611.0   143.6233261152442
612.0   143.40679594944052
613.0   141.4306712924199
614.0   136.97471437557945
615.0   136.46878885467058
616.0   147.2415055173413
617.0   147.03646884727738
618.0   138.01758493979315
619.0   147.4238055523753
620.0   142.92903000555413
621.0   160.6745464746744
622.0   148.06596727047142
623.0   164.8626916322557
624.0   157.82909938057722
625.0   169.91585979003818
626.0   177.18992651637777
627.0   165.10863590851466
628.0   177.1462744049431
629.0   189.74393248306924
630.0   188.04540838341003
631.0   189.87265940061243
632.0   190.39549558142863
633.0   203.0562291130112
634.0   202.23402262585975
635.0   215.82158415303056
636.0   215.11538786486943
637.0   219.56474495900463
638.0   212.7406090944347
639.0   227.64147880223948
640.0   222.34851619643678
641.0   215.49443647153186
642.0   223.15737305584688
643.0   230.90341337838228
644.0   227.70744536349457
645.0   221.9581066992547
646.0   219.37365747743235
647.0   221.3317388025348
648.0   208.404750500594
649.0   206.79475255728693
650.0   206.29327973148511
651.0   202.20942332525516
652.0   207.74483025795845
653.0   212.91152549888307
654.0   205.4351453311225
655.0   193.11961640401836
656.0   198.15843968515347
657.0   195.18310520146807
658.0   194.78408823439872
659.0   191.98138377564442
660.0   195.0261065783188
661.0   201.45576872818222
662.0   195.0761144985991
663.0   194.18194635993873
664.0   179.18062633259635
665.0   204.73410935565184
666.0   194.76233792738245
667.0   190.67579524851251
668.0   190.9237173950743
669.0   189.0304064242393
670.0   209.6115707681821
671.0   194.44121126969088
672.0   206.28276429788946
673.0   197.99713808939472
674.0   204.10034855769243
675.0   219.6730792089299
676.0   208.7356954985886
677.0   215.2696050313773
678.0   216.0866291651406
679.0   220.5945484764348
680.0   218.15206905218866
681.0   230.82225517139975
682.0   230.49739243592765
683.0   235.7035929711392
684.0   241.00949641048817
685.0   246.86601010514948
686.0   251.85142278677438
687.0   261.95979147092396
688.0   259.1559592851519
689.0   270.5628423765167
690.0   281.44397311537796
691.0   281.72133925864733
692.0   286.114478350858
693.0   281.5955348463181
694.0   287.294529457766
695.0   299.14903903841
696.0   288.6059306328353
697.0   277.03375029770666
698.0   297.94120799842256
699.0   289.70501842590147
700.0   283.7587199534638
701.0   286.0320496892271
702.0   274.4090921009614
703.0   288.0317044419422
704.0   288.32432148453216
705.0   290.33253505744415
706.0   281.98542644491135
707.0   279.9273499071476
708.0   277.2569985205387
709.0   281.30798480028704
710.0   281.83993018626563
711.0   267.2358355817836
712.0   263.7612654507652
713.0   254.30560890801044
714.0   260.39844551116164
715.0   257.76654288116515
716.0   248.43151976000416
717.0   243.80333414779764
718.0   246.1033565931618
719.0   237.0257515880429
720.0   241.11851277455213
721.0   239.64655849575104
722.0   242.32279013732537
723.0   228.86263029292869
724.0   235.57550090076555
725.0   219.3832902476901
726.0   226.0176258872673
727.0   229.0029123575552
728.0   238.5321077045428
729.0   229.3137491360892
730.0   221.06353132336935
731.0   218.71341894211116
732.0   220.67611288464698
733.0   213.57701199753268
734.0   221.19248169485
735.0   222.8880750024531
736.0   223.89685013329301
737.0   199.81451198183302
738.0   214.30397027110772
739.0   198.3548007269133
740.0   222.26918605893383
741.0   212.58250134710937
742.0   218.93084222900055
743.0   198.47393550098283
744.0   208.7276603180667
745.0   209.25425368998236
746.0   211.44950977981847
747.0   210.6108514769262
748.0   209.18049703970627
749.0   204.41668084248613
750.0   204.30272837208003
751.0   201.69444022967525
752.0   215.03333835488257
753.0   217.99642786880318
754.0   224.63645494378315
755.0   226.82361805529158
756.0   239.46424731172002
757.0   252.48359891364737
758.0   268.98902182927736
759.0   277.6555937558511
760.0   277.14554887712256
761.0   284.53482221265256
762.0   293.1578017030462
763.0   314.7842100104639
764.0   322.5479055392666
765.0   323.7452793306515
766.0   330.50606634637205
767.0   322.8329720862981
768.0   337.41606408019356
769.0   331.6308543581264
770.0   322.4516490384269
771.0   343.2997118713714
772.0   334.24793606286437
773.0   326.9836411533141
774.0   339.579351134827
775.0   315.89810700919793
776.0   319.78532548298233
777.0   325.0968435977942
778.0   310.6064561236696
779.0   310.6883355932451
780.0   300.6619496840833
781.0   298.6355855155539
782.0   289.78915913765434
783.0   285.2772645560665
784.0   275.5055894128474
785.0   271.4900726648889
786.0   264.08690621904157
787.0   241.15760268032244
788.0   255.2673908846566
789.0   246.82210527421034
790.0   242.6924449377489
791.0   234.54227832663258
792.0   224.46443576247
793.0   235.57420764663993
794.0   216.7156781452334
795.0   212.2962743536467
796.0   212.14792582999064
797.0   197.57971254829084
798.0   186.5749812972231
799.0   179.91004488138813
800.0   176.58520145690943
