600.0   232.40952596451834
601.0   222.7916446113134
602.0   209.5350200538286
603.0   217.23703608359605
604.0   212.4986293517227
605.0   227.07607317424288
606.0   209.2656707129228
607.0   222.08207098180716
608.0   216.52047977402705
609.0   199.30256139529772
610.0   205.24554743847807
611.0   202.9257014415901
612.0   204.1714879904064
613.0   200.46386502276476
614.0   199.02642462136166
615.0   189.06993384790522
616.0   200.82122984066314
617.0   198.19761300053756
618.0   188.86941975662808
619.0   200.70846560456374
620.0   194.9179907490792
621.0   207.55353889634085
622.0   211.63581354696933
623.0   231.04336784295828
624.0   226.38060665891905
625.0   227.9336206902132
626.0   250.18339585091175
627.0   242.96173890802987
628.0   255.6968922200692
629.0   258.7721043739464
630.0   257.48537242334953
631.0   273.5590279063424
632.0   275.19149688026505
633.0   275.3978777391253
634.0   290.29145284195204
635.0   299.946612398395
636.0   300.3851904256193
637.0   312.2826553237336
638.0   301.13927997519556
639.0   315.58731350625175
640.0   310.9865172398413
641.0   320.2660940382579
642.0   298.12290519764895
643.0   311.33797104723294
644.0   315.54201305432287
645.0   313.3447507425157
646.0   309.3922185648248
647.0   297.1488387469983
648.0   310.6714962641206
649.0   302.3478947464318
650.0   288.55816098281446
651.0   293.02875023401526
652.0   286.6768605392675
653.0   286.9626683337595
654.0   279.9861566343105
655.0   277.86873961207004
656.0   272.30131729624736
657.0   279.4220166577146
658.0   280.01543264857287
659.0   269.66035434798874
660.0   278.47592857019197
661.0   273.0197571926145
662.0   270.73827147096273
663.0   263.04449708869515
664.0   272.8834579431233
665.0   286.67976236509867
666.0   286.07336767609763
667.0   273.62049120371876
668.0   270.11669192296085
669.0   269.78311308997576
670.0   288.65073560244247
671.0   295.4443732331353
672.0   295.7202203667213
673.0   283.98527558624346
674.0   293.42381444295256
675.0   290.00672604577164
676.0   291.3812693837605
677.0   311.43273585846504
678.0   307.06355705369947
679.0   326.64235963552477
680.0   311.8591787737142
681.0   337.2830617077816
682.0   343.32260778437694
683.0   349.808513815206
684.0   356.0041983621453
685.0   353.4621155012963
686.0   357.51020537118893
687.0   371.17803714888635
688.0   373.8221732684533
689.0   381.9175913099593
690.0   388.9274510995686
691.0   390.9244356580172
692.0   391.15115239842714
693.0   411.154254465134
694.0   405.1178171608426
695.0   423.1882956932176
696.0   424.24305256117464
697.0   410.25814840641067
698.0   430.53378102161537
699.0   428.3749942402836
700.0   420.8116208212756
701.0   419.2597376907907
702.0   415.14354759902636
703.0   411.04106349737117
704.0   412.9733233989759
705.0   417.03998400322996
706.0   408.77067626983023
707.0   407.85871608963714
708.0   403.1599106923658
709.0   402.6311781139076
710.0   404.4718031801993
711.0   388.4295644930976
712.0   389.9925750643814
713.0   376.8535463309163
714.0   370.1589205431347
715.0   365.0134608306371
716.0   368.24007699009866
717.0   388.19632223820486
718.0   355.8700511755728
719.0   363.5761176013953
720.0   345.31921487196786
721.0   341.4246387496938
722.0   358.6790079401601
723.0   338.2903624574126
724.0   355.43637995254335
725.0   344.6165302852379
726.0   330.03357571007837
727.0   335.0084938020132
728.0   333.61069993405266
729.0   322.8825431659902
730.0   322.5785822941733
731.0   323.82384464098857
732.0   325.945399304258
733.0   325.03355332036944
734.0   331.15517590818536
735.0   316.4362348239352
736.0   308.9700040016963
737.0   301.961255610149
738.0   318.40853397806154
739.0   301.3152255255251
740.0   326.0897629401985
741.0   308.40257116570797
742.0   316.5766861165945
743.0   314.93258439963233
744.0   290.53423928015434
745.0   294.7894972733432
746.0   308.2098905749549
747.0   304.60279638161586
748.0   301.99657457601506
749.0   297.07438594076007
750.0   304.18419687678403
751.0   307.5308581869897
752.0   319.3731157305379
753.0   321.38890400770697
754.0   335.34121889218886
755.0   336.703085420463
756.0   360.5535974555471
757.0   381.28530855858145
758.0   398.888977382721
759.0   394.93653777560183
760.0   412.99698187467845
761.0   422.1276889665403
762.0   436.9851696292726
763.0   457.72474416767545
764.0   467.17651033445077
765.0   474.72103728710516
766.0   490.2866435720178
767.0   487.30666658651546
768.0   503.0025584884469
769.0   488.8927559946595
770.0   499.536206944642
771.0   505.9366237975406
772.0   516.0164383522581
773.0   487.38630206767357
774.0   495.7705802875802
775.0   474.3396108950168
776.0   492.5130368760697
777.0   475.4572771050814
778.0   479.35434312983176
779.0   451.8342967876655
780.0   449.89969428995926
781.0   439.5365950742239
782.0   431.7475176475799
783.0   428.42066525963406
784.0   408.697934083957
785.0   404.28582961993914
786.0   395.4154026697287
787.0   378.72030916410347
788.0   384.60101544952715
789.0   369.1473119309597
790.0   350.13902009893116
791.0   349.2643502350283
792.0   336.35512515912944
793.0   332.43441140591
794.0   318.2769325842022
795.0   312.5374243876869
796.0   299.91477462252664
797.0   308.147321842407
798.0   287.1096684658165
799.0   277.7424036128889
800.0   278.12480073627233
