600.0   316.97199448095523
601.0   312.06479912337375
602.0   301.988314500964
603.0   311.1380903403524
604.0   292.8790538901493
605.0   301.9773491638435
606.0   292.17973755585797
607.0   306.09361685033525
608.0   296.94012998210655
609.0   281.3502043732449
610.0   284.6025263508334
611.0   274.7405680241865
612.0   287.3819613760477
613.0   264.10790862545747
614.0   263.34105128418037
615.0   259.3711909971522
616.0   278.6001719279271
617.0   284.44812098186486
618.0   274.120508242217
619.0   287.4647016927829
620.0   274.7090896146526
621.0   298.4617190929288
622.0   298.9026416298275
623.0   316.19763774973813
624.0   318.7682405857779
625.0   308.96294397511224
626.0   340.2330766977353
627.0   343.7291307506382
628.0   364.6777786314923
629.0   361.3743254888012
630.0   374.06600930166917
631.0   378.8956727786216
632.0   391.9809959227164
633.0   403.3712463669508
634.0   403.97012700236996
635.0   423.4962211715101
636.0   428.7732677958203
637.0   425.41985425039036
638.0   412.1296616365638
639.0   442.7189750936568
640.0   449.9588447721904
641.0   442.37355260996486
642.0   441.2746961798796
643.0   436.6156907204038
644.0   445.7283150703415
645.0   429.267043642469
646.0   452.6965936300441
647.0   427.79463525125
648.0   427.143578354254
649.0   417.6952185288901
650.0   420.1165363812638
651.0   421.3338401138869
652.0   410.5340598133571
653.0   397.2545028607504
654.0   413.5263211030744
655.0   392.5108626444054
656.0   392.1688424565724
657.0   405.86648781080135
658.0   385.928906260213
659.0   385.1314965596173
660.0   389.2781474207808
661.0   385.40422946428566
662.0   385.0457478790967
663.0   387.4171653935881
664.0   386.12719690827316
665.0   403.5347058199869
666.0   393.49657744196975
667.0   393.1468631417424
668.0   385.5386733323544
669.0   387.2577498104519
670.0   414.1855683253315
671.0   416.96608690491416
672.0   417.7697113932416
673.0   413.4757344617226
674.0   412.8286755362497
675.0   424.2914994895093
676.0   428.64429837347853
677.0   429.9168968748699
678.0   459.4400330380244
679.0   458.01552884886763
680.0   461.3578860156542
681.0   486.33972442472293
682.0   483.88465130547013
683.0   498.28476249514694
684.0   503.02128884901254
685.0   513.878790816827
686.0   525.3613185887331
687.0   529.1114294609478
688.0   552.4407748377864
689.0   558.4158758467424
690.0   560.5067913944479
691.0   576.4067408776041
692.0   598.3320594811613
693.0   592.517155593247
694.0   598.4680866836428
695.0   607.7406927864735
696.0   599.7682909089132
697.0   587.9705541296448
698.0   619.7919128866714
699.0   615.8497287898725
700.0   607.2066158813391
701.0   592.949018480924
702.0   601.6882460053382
703.0   611.0011526372201
704.0   621.7040223236947
705.0   604.2456143754945
706.0   597.3095542504689
707.0   594.8699870360796
708.0   584.7871775979334
709.0   579.0314615414657
710.0   582.6850192015177
711.0   567.9668126672403
712.0   563.4048338680741
713.0   563.1897017928445
714.0   543.1168557540923
715.0   539.1764344600413
716.0   537.598483482763
717.0   538.6140382996456
718.0   535.5235259486163
719.0   523.5155805422635
720.0   521.8217412037602
721.0   512.2649337466565
722.0   517.740151220683
723.0   508.07940248578404
724.0   511.92446402024837
725.0   487.0891116509
726.0   503.7080384303713
727.0   479.98489927257066
728.0   492.4242054964374
729.0   483.45459017366204
730.0   470.0716365107164
731.0   474.9072795475623
732.0   481.7185033596103
733.0   479.9355355169267
734.0   476.71566082005415
735.0   467.4798450816134
736.0   452.03113063105116
737.0   442.50532625687583
738.0   456.8823367280096
739.0   443.9572086913215
740.0   484.6207821855884
741.0   458.9247519473746
742.0   469.543176081606
743.0   459.9634970197055
744.0   444.54307483825426
745.0   444.9066971329983
746.0   439.02212183466656
747.0   442.45051705058216
748.0   449.225247404418
749.0   444.9678634532759
750.0   448.9934782070527
751.0   457.1840831037273
752.0   450.2506672026421
753.0   481.3166040603444
754.0   486.95506190797914
755.0   510.27387893673097
756.0   519.1555243679551
757.0   546.2407149930484
758.0   572.394826956208
759.0   586.7163551663577
760.0   593.3105462791779
761.0   622.0609233530947
762.0   633.0652980876572
763.0   678.8302653969274
764.0   677.802617633873
765.0   701.7942694409405
766.0   705.9775664309293
767.0   718.2472907367483
768.0   744.0224300901214
769.0   719.5245446544268
770.0   748.3508729209118
771.0   737.4741636125955
772.0   727.1532488236126
773.0   713.4413189155554
774.0   714.7848817229645
775.0   700.8253867553211
776.0   710.416123795208
777.0   698.4558065065733
778.0   696.2217966329727
779.0   672.1442478904996
780.0   665.9785033314774
781.0   655.6583181329823
782.0   635.0177201614812
783.0   638.0670257286113
784.0   608.1091585655588
785.0   602.1240201673214
786.0   594.6238499620142
787.0   566.7554935047212
788.0   551.4741710384917
789.0   540.9370448468685
790.0   532.391713309965
791.0   498.6841302563085
792.0   507.8929972765611
793.0   483.3913005637697
794.0   469.1373881738531
795.0   459.2181254119356
796.0   452.8163785688416
797.0   443.2887777613179
798.0   418.5679985330056
799.0   404.8071756724813
800.0   396.8595056586728
