600.0   399.6337086284184
601.0   391.1631496552084
602.0   378.9001620980987
603.0   377.51850695248277
604.0   372.1403366287392
605.0   377.94991113540834
606.0   357.2823884074612
607.0   369.24161579097665
608.0   380.88668542163873
609.0   345.8387488193223
610.0   355.0229199104867
611.0   342.7158063935057
612.0   360.2605524669989
613.0   340.1526362119216
614.0   349.298478560518
615.0   331.523708589066
616.0   340.5122422720127
617.0   352.9728630890969
618.0   342.1902355372
619.0   355.26079648317227
620.0   357.62371112305664
621.0   373.14073423967193
622.0   362.70799955902305
623.0   392.7302418221218
624.0   403.1981539691003
625.0   408.98887910441
626.0   429.9860412505143
627.0   434.91670421044137
628.0   453.38069026382095
629.0   462.5979679245928
630.0   466.9382947946085
631.0   481.50436363953963
632.0   498.39044054388444
633.0   504.8980999877856
634.0   527.3686749159922
635.0   534.5566790475816
636.0   536.4080329149851
637.0   565.5002068729905
638.0   536.1289802609257
639.0   566.246581070881
640.0   573.5132932984357
641.0   564.2047909240089
642.0   561.2437444282757
643.0   555.3000893442145
644.0   546.3852863489382
645.0   549.0104846975962
646.0   552.7239658618896
647.0   546.4225181916988
648.0   548.2435331981883
649.0   537.9584788634703
650.0   522.3643462680885
651.0   528.2283640995051
652.0   519.3593490263976
653.0   512.0026201013497
654.0   526.2815822799623
655.0   502.34646493248636
656.0   508.3401030376036
657.0   526.1690306652628
658.0   498.19782412074574
659.0   501.54263739776286
660.0   508.045477830206
661.0   491.2977401390335
662.0   491.9823467008476
663.0   487.8254441994768
664.0   507.6901792746246
665.0   520.9867694376165
666.0   513.516629092032
667.0   491.86365254173074
668.0   480.1858032368516
669.0   499.44519866206787
670.0   525.191100443487
671.0   527.3328366371766
672.0   533.1246774672325
673.0   533.5674942722158
674.0   526.3792609768893
675.0   545.3056770662192
676.0   549.2575289909589
677.0   574.7203683271955
678.0   577.4264216698512
679.0   592.1241561374986
680.0   594.999596675762
681.0   608.1159158378505
682.0   622.1892132272993
683.0   654.5751513328839
684.0   648.9930771623384
685.0   661.9206017106794
686.0   675.4933947941021
687.0   699.9400536306239
688.0   707.2941675927515
689.0   723.7069344271135
690.0   730.800546680186
691.0   729.8577673355385
692.0   762.2504760252737
693.0   754.1357264694009
694.0   760.115506189622
695.0   775.2526242539444
696.0   779.9942464397418
697.0   748.206683565641
698.0   801.0522151453429
699.0   795.3026920779687
700.0   799.9116931039048
701.0   790.2743249672851
702.0   784.8529434898953
703.0   785.0775220091713
704.0   794.2066364402071
705.0   782.1142221371452
706.0   774.3456438535048
707.0   769.4436271649524
708.0   762.6381932830686
709.0   760.7013421965516
710.0   761.1425725766658
711.0   739.87489888668
712.0   728.3268902827464
713.0   726.4508699579977
714.0   723.4022927257697
715.0   697.5758045206899
716.0   688.9588090366826
717.0   704.2864334690631
718.0   679.0700318081842
719.0   689.5424977090679
720.0   675.088695975769
721.0   662.6074145954549
722.0   677.7231794794817
723.0   653.1008277912701
724.0   671.5871077349912
725.0   645.5879960582383
726.0   624.8468169707655
727.0   622.0216615980078
728.0   649.6426004780387
729.0   632.820910201244
730.0   607.4070108453219
731.0   617.2451209027328
732.0   623.6306356201328
733.0   619.5471174936336
734.0   617.3054869569725
735.0   619.4833652280729
736.0   594.9773206561425
737.0   603.4470190533949
738.0   597.5953947058284
739.0   580.0629997203114
740.0   612.114973445703
741.0   603.1659985957679
742.0   605.6180658567406
743.0   586.7873818506162
744.0   571.5315760599749
745.0   576.9981365051628
746.0   574.7156122479184
747.0   581.6280821831058
748.0   589.3627295066747
749.0   577.500275969614
750.0   588.3329598284998
751.0   593.8026790577251
752.0   604.2990891190354
753.0   607.3273281164303
754.0   638.9412131025761
755.0   656.1933057169466
756.0   686.4930168187891
757.0   711.9796514032009
758.0   757.3356929501479
759.0   757.0063545153371
760.0   776.7447188711262
761.0   833.1841536267484
762.0   824.309487197629
763.0   884.7054433792111
764.0   884.8771633129968
765.0   900.4486449319297
766.0   921.774998336542
767.0   933.215406978502
768.0   970.7989150177854
769.0   939.5081426689324
770.0   963.5755791821196
771.0   963.2309420148891
772.0   960.1304140033315
773.0   928.6133376434406
774.0   957.2014467817554
775.0   920.762237716083
776.0   947.9977914894854
777.0   913.1919169095797
778.0   909.8592029733463
779.0   867.8133996121225
780.0   881.6611032159127
781.0   855.9470677802371
782.0   843.7238753097463
783.0   818.1435208902678
784.0   807.4084390173391
785.0   786.7818774726678
786.0   763.9410425534593
787.0   751.5305017426296
788.0   728.9481784828187
789.0   715.3532798867775
790.0   704.4079592816878
791.0   672.0190403272045
792.0   656.1684808711065
793.0   631.9440667088645
794.0   604.8985491771441
795.0   595.9672278008038
796.0   591.8073063142232
797.0   585.7625965042605
798.0   546.8372094779061
799.0   526.6708505511743
800.0   507.86829585951443
