600.0   475.28558415744544
601.0   475.4396987176608
602.0   455.871476457983
603.0   466.1422428116766
604.0   451.93516152275015
605.0   450.0008198744739
606.0   447.41038739932264
607.0   443.7256106089093
608.0   452.53053047860817
609.0   423.3637998282976
610.0   424.8950488564287
611.0   418.13491578086
612.0   435.5457703507718
613.0   410.20143971284415
614.0   409.1503881159914
615.0   400.69815056895004
616.0   411.7495082960984
617.0   431.33538592250693
618.0   428.42138327819487
619.0   446.8453522529337
620.0   440.27961688517587
621.0   457.98143024904675
622.0   448.26618671548147
623.0   466.0631004496503
624.0   481.74981703423623
625.0   510.9585208734162
626.0   527.0926186980695
627.0   535.0161202042798
628.0   543.9444990950993
629.0   567.4004715069677
630.0   580.2633872924976
631.0   594.4318747799442
632.0   613.5410595737234
633.0   610.0072027280801
634.0   642.5388171229989
635.0   661.2824600421933
636.0   663.5109503763955
637.0   680.003476486585
638.0   666.4248748243353
639.0   687.8115496165082
640.0   688.8992640369854
641.0   694.5709715024136
642.0   679.709839029647
643.0   665.3394998513669
644.0   686.4039448798883
645.0   668.7445970561139
646.0   686.847155508118
647.0   668.8755161448198
648.0   665.4747926442997
649.0   676.1180962799971
650.0   657.8579400159715
651.0   654.7585569553976
652.0   643.1730241385643
653.0   628.2317342692847
654.0   621.4417613335113
655.0   617.2540298596217
656.0   621.568577242928
657.0   614.7930722349098
658.0   616.5336135600076
659.0   596.7154664427601
660.0   615.3002400068317
661.0   608.254851075243
662.0   607.7224024973534
663.0   600.5827150758378
664.0   599.46849225564
665.0   636.2740089264298
666.0   621.1095689245183
667.0   610.6160097368842
668.0   621.265553987497
669.0   624.5117868383525
670.0   638.7557620642327
671.0   663.4150659978282
672.0   669.8694579093301
673.0   658.0287110880157
674.0   659.1931184040513
675.0   677.8592125754049
676.0   679.0907414806707
677.0   691.5653127318246
678.0   715.8921735628887
679.0   722.7014154299418
680.0   748.7750724015023
681.0   762.5832032876469
682.0   770.7837947898611
683.0   785.659365286863
684.0   805.0320437435264
685.0   816.3604000268367
686.0   837.4855098507747
687.0   848.3025809190036
688.0   873.0060083612258
689.0   882.3238667616906
690.0   903.8880110551299
691.0   920.9427274982265
692.0   949.6642697155554
693.0   953.7996275924934
694.0   949.1733119460324
695.0   964.8866354405535
696.0   974.6455827290908
697.0   955.9999074313614
698.0   1000.8871127119054
699.0   994.0620438531093
700.0   980.5143982158955
701.0   969.6926569456264
702.0   973.2815180082703
703.0   982.951149731881
704.0   986.7912028254927
705.0   961.1496105082404
706.0   962.3411276597753
707.0   974.4999685920016
708.0   952.6116952724001
709.0   955.0264918650844
710.0   944.3941725356806
711.0   921.9890750487918
712.0   909.2689961015378
713.0   898.0400973382766
714.0   888.8609937154297
715.0   876.2880191290529
716.0   876.7658028789006
717.0   875.6850505926388
718.0   854.8551834886996
719.0   851.3572462760499
720.0   845.0487771862956
721.0   835.4130843719181
722.0   841.5546473703288
723.0   823.2125331947009
724.0   843.7394061579009
725.0   809.3712315704537
726.0   776.7435965694009
727.0   802.0005130086001
728.0   785.1613464737461
729.0   787.079478828741
730.0   750.5640551983834
731.0   770.3672192461373
732.0   798.3691203447123
733.0   779.5284427725276
734.0   778.9629616749972
735.0   775.9823680632203
736.0   738.6969121791415
737.0   736.9229085417693
738.0   770.8010678193602
739.0   737.7448619268795
740.0   780.7010586541994
741.0   754.4440964756931
742.0   774.0621096747084
743.0   739.5625057510462
744.0   727.1960986600966
745.0   723.7483136422413
746.0   727.244636479257
747.0   728.9417330513782
748.0   720.6288469097544
749.0   734.0363034505515
750.0   733.1776129170195
751.0   746.5236465901377
752.0   760.4531313296056
753.0   787.18899319405
754.0   805.0135249919009
755.0   840.1927894020573
756.0   865.8231350016507
757.0   882.4284680569015
758.0   942.5239112242482
759.0   937.2626216588887
760.0   985.0449269298847
761.0   1024.9508327582225
762.0   1059.1340882215975
763.0   1092.0325355440668
764.0   1138.570088209507
765.0   1149.6735409762628
766.0   1173.4850805441865
767.0   1169.7830838887355
768.0   1230.6027360597764
769.0   1212.606430420995
770.0   1216.193726129914
771.0   1223.5116527802143
772.0   1213.730387329302
773.0   1187.543787483216
774.0   1201.8922789066507
775.0   1169.3536696521835
776.0   1155.1945349429088
777.0   1167.5099097957088
778.0   1147.1081118162417
779.0   1117.7124476147096
780.0   1106.9830995038426
781.0   1098.192479141187
782.0   1053.2450791156525
783.0   1013.1591404503579
784.0   1013.3422213565866
785.0   984.4412383250225
786.0   973.7601415903249
787.0   936.8289077710062
788.0   904.2375687658008
789.0   902.145812025353
790.0   864.9661437825159
791.0   846.1876346509466
792.0   818.938016025226
793.0   776.389237168062
794.0   764.4231163899904
795.0   765.6437252200732
796.0   741.8753460335367
797.0   731.3311949012844
798.0   696.2704249581435
799.0   660.7607732928756
800.0   641.5838289834173
