600.0   555.621950689389
601.0   561.2017210066127
602.0   547.5210872809612
603.0   565.6114374005613
604.0   543.5942301967561
605.0   548.8779839020541
606.0   547.4721269999128
607.0   533.5420610809416
608.0   535.3548804890576
609.0   517.4177755206998
610.0   519.5680559698842
611.0   504.12074235721224
612.0   526.797857060899
613.0   502.91773107811593
614.0   491.1497491058367
615.0   480.02163752349463
616.0   504.85709235989884
617.0   532.7553467369531
618.0   490.8435698956648
619.0   505.4386400598768
620.0   524.3741000292562
621.0   552.6915955178624
622.0   540.439863387325
623.0   575.6838929964055
624.0   586.1115403624724
625.0   579.9674716956818
626.0   619.8995384610809
627.0   643.9184948687889
628.0   666.8025431135251
629.0   687.3730001466305
630.0   703.7433309824937
631.0   706.9965151958306
632.0   731.1097081572998
633.0   738.0832239812379
634.0   748.480128668747
635.0   785.5626778849244
636.0   806.2259476451787
637.0   807.3156086332029
638.0   778.7458810263084
639.0   825.842617773298
640.0   838.4961185358718
641.0   834.5103308677947
642.0   830.3402474929655
643.0   831.0158605934
644.0   817.8546306298144
645.0   813.909444277203
646.0   813.1899690516632
647.0   813.8360489668898
648.0   802.6112330135695
649.0   783.0819026688855
650.0   791.3633098062596
651.0   771.3865387711264
652.0   770.7966002910495
653.0   782.0947010291234
654.0   766.0380171658176
655.0   751.4553473043194
656.0   759.96412852806
657.0   760.0561856559157
658.0   731.2541412484414
659.0   744.0695839551289
660.0   727.3150715266723
661.0   727.0586129380662
662.0   741.3126123777517
663.0   722.5922201031249
664.0   736.4297588149738
665.0   769.2129977625607
666.0   747.2667007467637
667.0   747.1148771932463
668.0   736.0298355537678
669.0   755.6348081019419
670.0   781.7338794978496
671.0   800.0322264755569
672.0   813.8734309225897
673.0   793.3644008786583
674.0   785.6091532865987
675.0   833.6214554951391
676.0   822.7573321264179
677.0   858.0037852777148
678.0   859.5107381839855
679.0   867.1522119019364
680.0   913.5278101512235
681.0   930.9533574734259
682.0   937.6446765634269
683.0   990.6070580908197
684.0   975.0437175292134
685.0   1002.2531681964172
686.0   1021.6706940067824
687.0   1046.8208650685424
688.0   1051.592671615804
689.0   1076.3195363432305
690.0   1116.1300967832667
691.0   1103.7619904306957
692.0   1157.5564095926434
693.0   1148.3359751963153
694.0   1161.7740143349358
695.0   1184.7135959828183
696.0   1185.7052210628478
697.0   1153.3086100086814
698.0   1216.0116422559083
699.0   1197.449294123953
700.0   1210.6785086013574
701.0   1186.3421003150756
702.0   1197.347547366083
703.0   1209.9685860909535
704.0   1194.83789294354
705.0   1200.3474199787129
706.0   1184.8273739198955
707.0   1187.6710880520786
708.0   1167.0512864040143
709.0   1141.257688171369
710.0   1149.6101423263367
711.0   1112.420020984802
712.0   1098.8794164525464
713.0   1113.8324842119657
714.0   1083.2827706662213
715.0   1060.5499939508659
716.0   1096.6520583662725
717.0   1049.4708400618895
718.0   1025.3763428625589
719.0   1031.0291575421986
720.0   1015.2718993200799
721.0   1001.5518321604518
722.0   1022.4303184597148
723.0   990.6583107310923
724.0   1010.4409507537466
725.0   972.4077656416392
726.0   967.6626214533857
727.0   981.0128878176145
728.0   967.2169905346304
729.0   975.5938058500072
730.0   932.5862310875539
731.0   943.2809045559129
732.0   987.0484305547337
733.0   959.7002596466543
734.0   951.7369612748959
735.0   925.1498084162947
736.0   909.1577093080315
737.0   905.962990128935
738.0   925.8275508203005
739.0   909.0369041812046
740.0   942.9378922490007
741.0   921.3510584660211
742.0   937.6628184291527
743.0   902.7367955207517
744.0   903.7220097938213
745.0   893.0170004735546
746.0   888.9753962271498
747.0   910.5643131289762
748.0   892.5705624551181
749.0   905.5054030396047
750.0   914.2907750770182
751.0   915.7198674687197
752.0   936.1699580308625
753.0   952.3840952457435
754.0   979.862692434113
755.0   1015.9468996271294
756.0   1053.1734692987366
757.0   1099.716999109343
758.0   1129.1038296732127
759.0   1157.7590895612861
760.0   1193.2891626614494
761.0   1253.4778074407411
762.0   1295.0687450670089
763.0   1362.1606996203893
764.0   1375.4719401273705
765.0   1398.5717285621529
766.0   1427.6177120351467
767.0   1423.8729201716494
768.0   1488.6136937143049
769.0   1466.7275045612887
770.0   1477.3715502280122
771.0   1499.7009331935133
772.0   1503.8684422660522
773.0   1437.3828009419608
774.0   1448.333796760675
775.0   1428.4363061185268
776.0   1423.1024402548496
777.0   1445.9419217276743
778.0   1418.1809401106698
779.0   1342.885024248044
780.0   1339.5984396199897
781.0   1321.2628538560402
782.0   1301.2303812190098
783.0   1245.6294302801684
784.0   1232.867442956177
785.0   1179.2544306705395
786.0   1184.5820464101212
787.0   1146.5345003904667
788.0   1109.661140713833
789.0   1098.274390490818
790.0   1063.9363754336537
791.0   1030.6277220685588
792.0   990.7144211697693
793.0   966.9752511315392
794.0   943.394050911243
795.0   924.8170995026879
796.0   882.773001712957
797.0   902.5061272165583
798.0   854.3998199859653
799.0   816.5345480283895
800.0   770.1045706263218
