600.0   673.1934955884865
601.0   666.0942395123099
602.0   622.3673567996972
603.0   648.2416913662945
604.0   623.6487937047361
605.0   632.9758124828992
606.0   624.2568031945171
607.0   609.3439277201766
608.0   613.095861616147
609.0   592.5207592350805
610.0   587.5222674381266
611.0   587.9228945088291
612.0   604.5419538072545
613.0   575.7170828527665
614.0   573.9570071373627
615.0   557.4817774290835
616.0   587.2883321705453
617.0   609.5626963418134
618.0   578.3782197950045
619.0   606.5364832635308
620.0   621.3515689619016
621.0   632.3061227675671
622.0   633.8340259759628
623.0   671.8035115807313
624.0   689.2182935838692
625.0   696.8908953849876
626.0   719.0489752351339
627.0   758.555781940387
628.0   770.8705063399046
629.0   798.626658075327
630.0   808.595990254724
631.0   838.5684491834954
632.0   862.3632000103944
633.0   871.5463201043912
634.0   880.9239616648307
635.0   907.4971915772481
636.0   918.2258985178375
637.0   955.8902522910153
638.0   927.2344638811156
639.0   960.1305888859633
640.0   974.1796144776931
641.0   968.9213392909494
642.0   972.7314469291571
643.0   949.5724799958543
644.0   960.9084249392489
645.0   964.1183156372126
646.0   967.5080083223036
647.0   957.6550046279197
648.0   940.0658038232257
649.0   933.3574648829368
650.0   919.3504285124512
651.0   913.1733154769363
652.0   903.4418383394656
653.0   898.9694213120952
654.0   899.5543977644325
655.0   876.0790557089099
656.0   890.2366360989062
657.0   868.2803809925449
658.0   857.9418702873836
659.0   850.5610189448921
660.0   861.7357305918202
661.0   859.7114628359169
662.0   855.6718934472749
663.0   864.4006430630551
664.0   879.9991718236715
665.0   896.2590991682462
666.0   880.2275541114216
667.0   872.6365356012014
668.0   863.6074793180873
669.0   886.2961281830887
670.0   919.1935315934569
671.0   940.4815734334516
672.0   934.4700815332617
673.0   927.4431925944691
674.0   928.3779147003906
675.0   964.9566201546554
676.0   970.671161227275
677.0   995.0089698096813
678.0   1021.8661121400842
679.0   1030.0401720920713
680.0   1064.1408581730318
681.0   1087.941317182935
682.0   1113.7648058191853
683.0   1126.4073954675534
684.0   1153.0001122107437
685.0   1198.4455519051328
686.0   1202.8511041252727
687.0   1218.5710285723276
688.0   1248.6876246101588
689.0   1263.298116362655
690.0   1301.8235749322314
691.0   1309.6965804061472
692.0   1332.6548573268162
693.0   1371.113608111051
694.0   1372.657424541367
695.0   1391.0060582833116
696.0   1390.9259489235558
697.0   1352.2613132224544
698.0   1436.3181367928416
699.0   1431.1860299190425
700.0   1419.7250948921726
701.0   1402.3570197197719
702.0   1398.460000692752
703.0   1412.1973810247187
704.0   1427.2569722675867
705.0   1409.5887550793664
706.0   1425.8190536060658
707.0   1381.4681855078657
708.0   1369.986106316135
709.0   1363.5007808720238
710.0   1347.254694633698
711.0   1327.1711657309822
712.0   1303.8693656653313
713.0   1293.0203355455349
714.0   1278.8569700925088
715.0   1266.092107983691
716.0   1233.039130763361
717.0   1269.0886615311883
718.0   1214.8289815039723
719.0   1234.1756976068032
720.0   1202.0743787337954
721.0   1199.0152686458407
722.0   1212.803989828618
723.0   1195.8313518239931
724.0   1173.661807758002
725.0   1152.4083606892664
726.0   1148.3713206530088
727.0   1142.035755877171
728.0   1137.3142492621425
729.0   1153.1436491987247
730.0   1098.4336383825155
731.0   1108.2484494953446
732.0   1134.9155186650662
733.0   1138.398399783597
734.0   1122.2303358259137
735.0   1112.1778003701963
736.0   1088.1645992806866
737.0   1071.8690857159888
738.0   1093.3970718405083
739.0   1056.4536532357877
740.0   1127.0402109511442
741.0   1082.254723811221
742.0   1101.1946835582717
743.0   1076.2673781300412
744.0   1056.9549233265473
745.0   1060.6243532688773
746.0   1039.1579196425698
747.0   1075.8554167692216
748.0   1059.8865151016469
749.0   1069.023164551181
750.0   1078.5590448994237
751.0   1089.7081623412173
752.0   1092.5085624687974
753.0   1110.694412589226
754.0   1173.2126512492748
755.0   1208.9995146327924
756.0   1248.1378126988805
757.0   1295.4829118188554
758.0   1329.4939935863374
759.0   1365.6781051971786
760.0   1431.7067835257972
761.0   1473.893913147763
762.0   1533.5518086327356
763.0   1587.422714039233
764.0   1626.2945100131265
765.0   1637.3459090205688
766.0   1664.493019378249
767.0   1684.9615534021086
768.0   1747.515100967528
769.0   1736.9497957622923
770.0   1746.2511374433295
771.0   1764.7622991227945
772.0   1748.67535341027
773.0   1696.5733101611781
774.0   1739.6384143430669
775.0   1664.927585953223
776.0   1677.585093542135
777.0   1691.6795529574808
778.0   1681.2298659696423
779.0   1606.1093770001744
780.0   1645.6590193242191
781.0   1569.2621277669773
782.0   1554.5933092932084
783.0   1495.3551127692338
784.0   1463.9826705206697
785.0   1415.01800687198
786.0   1407.8432551503345
787.0   1342.2340495800574
788.0   1337.9071120209146
789.0   1308.2917478420281
790.0   1279.2677544942023
791.0   1229.0568267580893
792.0   1193.968946886845
793.0   1161.9011160272678
794.0   1120.2658547545839
795.0   1082.3624344086757
796.0   1062.1339252179719
797.0   1080.1762993238672
798.0   998.9759492224508
799.0   951.8565577616595
800.0   921.2938801700778
