600.0   735.3816078896915
601.0   746.9731044413894
602.0   722.4135896168154
603.0   741.4266777138788
604.0   699.8037974547582
605.0   718.9634298740712
606.0   704.8755424006433
607.0   702.7395811163816
608.0   705.2443343387683
609.0   675.0847018056419
610.0   674.9137129493588
611.0   667.90860745328
612.0   686.6487035794754
613.0   665.9224837128808
614.0   646.9448479064205
615.0   656.4024907816823
616.0   667.0588158325664
617.0   683.6864401009366
618.0   675.59398594498
619.0   697.1808578208171
620.0   707.0026334597843
621.0   715.3539403129698
622.0   729.8315206533914
623.0   743.4064956758763
624.0   775.8341309429525
625.0   783.1016028207484
626.0   844.9267784277105
627.0   840.5463676873735
628.0   887.0482693582856
629.0   910.5575268174287
630.0   934.9583808451521
631.0   971.854056068833
632.0   983.0582185132075
633.0   999.3543811664834
634.0   1019.0957794224242
635.0   1051.7979088551422
636.0   1073.6976304543218
637.0   1086.1805780447783
638.0   1083.827205800236
639.0   1112.4673953846157
640.0   1116.0211837489192
641.0   1141.6476925591712
642.0   1113.5589626707672
643.0   1095.7095353740817
644.0   1098.7969916340385
645.0   1104.8046406317278
646.0   1098.3623638770023
647.0   1083.2112809935088
648.0   1075.3438549802356
649.0   1065.6629923900896
650.0   1067.5175105287751
651.0   1047.56728182259
652.0   1035.517182604525
653.0   1030.9129935536098
654.0   1029.107220632829
655.0   1015.67956607102
656.0   1016.1273343496279
657.0   1019.2943300547495
658.0   987.0607899579977
659.0   982.4596061440477
660.0   1003.4506973886492
661.0   974.8803595167868
662.0   984.977478873071
663.0   992.8373101498001
664.0   1004.0647856468711
665.0   1050.4783775061499
666.0   993.3557153982142
667.0   1019.3758123689898
668.0   994.3527484135633
669.0   1010.9545016590328
670.0   1065.2479579622695
671.0   1081.8616270901211
672.0   1098.2755382905534
673.0   1081.4772183103348
674.0   1088.6475411320484
675.0   1121.2699658877043
676.0   1123.3967529675297
677.0   1160.8433910998697
678.0   1170.911239439808
679.0   1187.9220046738367
680.0   1230.4571753087705
681.0   1246.4631365899127
682.0   1300.89587674529
683.0   1318.3754375374824
684.0   1326.0400057094544
685.0   1364.7313951912947
686.0   1362.4001608187627
687.0   1416.2090660489914
688.0   1423.7211723409812
689.0   1467.9415991437288
690.0   1501.537679136348
691.0   1508.6818353594836
692.0   1544.9546415551988
693.0   1575.4944427678229
694.0   1561.14119007206
695.0   1605.1754093120958
696.0   1590.0828604092685
697.0   1588.2696384887488
698.0   1665.6815418367983
699.0   1645.5967518029097
700.0   1633.5133691998808
701.0   1594.1799564783055
702.0   1621.7849858523966
703.0   1603.1075416861322
704.0   1641.1332008568181
705.0   1636.3855919457949
706.0   1621.3289488072514
707.0   1606.2833448265453
708.0   1608.3515332137033
709.0   1588.4116090565385
710.0   1536.6730855874105
711.0   1526.4740638742167
712.0   1506.14367814625
713.0   1495.803618862535
714.0   1464.7314988988119
715.0   1433.1899667617831
716.0   1447.3257925484381
717.0   1464.9389428875022
718.0   1422.3281132395527
719.0   1426.0583909238776
720.0   1390.0224526987643
721.0   1380.9082510975684
722.0   1363.029260298309
723.0   1366.3095817748745
724.0   1380.7926925195338
725.0   1337.049058591186
726.0   1339.1900653529547
727.0   1344.0004405538014
728.0   1306.6312880920066
729.0   1329.3004461541468
730.0   1255.0046740356863
731.0   1293.8281898922717
732.0   1313.3399511791704
733.0   1318.129585955082
734.0   1300.41839399464
735.0   1271.585503674346
736.0   1245.0613169878698
737.0   1229.4585048943277
738.0   1279.7569681994503
739.0   1227.0172622642099
740.0   1286.5602815128366
741.0   1245.5080217898626
742.0   1276.3044598997592
743.0   1256.7489775919762
744.0   1229.2577842993676
745.0   1208.031354419868
746.0   1214.180264374294
747.0   1230.9256580331546
748.0   1233.5246953067654
749.0   1220.1376487498417
750.0   1220.9888873515165
751.0   1259.7490388267236
752.0   1278.7731648916254
753.0   1318.5565904185873
754.0   1326.8630325463898
755.0   1403.925711763592
756.0   1433.9065451749932
757.0   1481.3320374914883
758.0   1561.6843181212184
759.0   1572.8073217902156
760.0   1627.218489807587
761.0   1690.858168898955
762.0   1749.358465673493
763.0   1843.1558866694838
764.0   1852.69336141461
765.0   1903.502428623197
766.0   1921.476323667252
767.0   1930.8160360542886
768.0   2041.272759175593
769.0   2017.4122785438708
770.0   2043.2647354934918
771.0   2047.4120455249445
772.0   2019.7402854827283
773.0   1964.4639253891587
774.0   1982.6382283594585
775.0   1942.291136714202
776.0   1965.2524893501022
777.0   1946.6883174757427
778.0   1928.7354075336114
779.0   1859.0530346984665
780.0   1841.0698969813793
781.0   1810.319640908031
782.0   1799.6912327190264
783.0   1718.0107635874178
784.0   1673.6820239035883
785.0   1633.8304939821078
786.0   1608.1390754881884
787.0   1557.455705245325
788.0   1515.4797008230307
789.0   1482.3868808603447
790.0   1470.625805558044
791.0   1395.137109389682
792.0   1396.6423358316588
793.0   1357.660593350945
794.0   1293.188883657919
795.0   1241.0406285485055
796.0   1232.7594979968192
797.0   1224.614990001378
798.0   1171.4920268446524
799.0   1097.508374839468
800.0   1077.0311541624096
