600.0   794.5379431677683
601.0   783.120768221528
602.0   757.353140887422
603.0   804.5025477378666
604.0   761.0166275563975
605.0   767.9434390033525
606.0   761.6371860248158
607.0   765.6507267405946
608.0   763.0018996618578
609.0   718.234900687463
610.0   711.7579129877654
611.0   706.2216109852959
612.0   725.5090143779852
613.0   716.0141448203937
614.0   716.0976569575646
615.0   712.3985222035183
616.0   744.8158170250019
617.0   774.4158620099705
618.0   757.4302168240973
619.0   779.6040029474677
620.0   790.2160608969922
621.0   839.9765600093807
622.0   828.0864936495874
623.0   895.3534946247166
624.0   904.7438953859933
625.0   937.0047850881851
626.0   971.7288812808612
627.0   1015.6986430117427
628.0   1030.569954339802
629.0   1072.17992490638
630.0   1113.14086550059
631.0   1139.883717110436
632.0   1148.1959491207692
633.0   1160.06459547739
634.0   1203.7785381855995
635.0   1255.5587367642765
636.0   1274.7259161835893
637.0   1282.371314474657
638.0   1272.0477118558213
639.0   1325.216618605797
640.0   1329.3823161585499
641.0   1337.2467790630212
642.0   1330.2693066500108
643.0   1304.359566679217
644.0   1330.5174821922637
645.0   1319.4923846183883
646.0   1321.809622235787
647.0   1307.9422065511515
648.0   1303.6319685946764
649.0   1290.7226089072165
650.0   1272.5214145008265
651.0   1264.6246110919083
652.0   1262.240928626388
653.0   1256.6907416518388
654.0   1260.984657620131
655.0   1236.2997709816389
656.0   1243.9306188709038
657.0   1249.529081833156
658.0   1235.1975991168651
659.0   1239.7507881516806
660.0   1238.3691497516945
661.0   1213.0999742672736
662.0   1247.7784055453146
663.0   1260.2495570877809
664.0   1271.1082264985537
665.0   1310.8823977745635
666.0   1292.5338323213953
667.0   1310.4988842545679
668.0   1293.5428049567472
669.0   1310.471144719674
670.0   1353.1898266694398
671.0   1394.9732323786614
672.0   1400.0502485995441
673.0   1403.6080766189455
674.0   1422.3061187780345
675.0   1471.1282187585805
676.0   1491.389764032904
677.0   1510.2163672613244
678.0   1557.854423574244
679.0   1569.3717529960106
680.0   1624.453313122368
681.0   1655.1995808557501
682.0   1713.472727555417
683.0   1781.0460431309555
684.0   1755.010369047825
685.0   1837.2253101177228
686.0   1864.6511617574424
687.0   1894.7337843080832
688.0   1911.1997795626303
689.0   1996.65676748754
690.0   2026.80243980486
691.0   2022.7217614917126
692.0   2128.344817121875
693.0   2165.3809868716994
694.0   2138.054958182861
695.0   2197.6422717190458
696.0   2180.0048496837144
697.0   2151.965345771041
698.0   2236.7703101072134
699.0   2238.89227221298
700.0   2244.5273933213753
701.0   2204.657874909423
702.0   2234.934963779321
703.0   2229.0151478051625
704.0   2262.4045647586972
705.0   2250.828656110607
706.0   2223.7434066780042
707.0   2218.660380537928
708.0   2202.4294581620616
709.0   2189.6568902648337
710.0   2149.794878693024
711.0   2132.2839097028796
712.0   2101.177311771493
713.0   2075.4807626302313
714.0   2055.2088096470507
715.0   2040.3677186621453
716.0   2044.4290461758633
717.0   2058.243394226762
718.0   2005.7922999403966
719.0   2044.82531133802
720.0   1972.0239792877853
721.0   1963.886898081873
722.0   1981.6757928432917
723.0   1970.570113901308
724.0   1985.1586198731757
725.0   1921.0810485667516
726.0   1926.0104544995056
727.0   1938.0339287669196
728.0   1895.9670269300666
729.0   1931.9783158872247
730.0   1832.2752588835574
731.0   1876.0985989414817
732.0   1920.0804830608033
733.0   1919.0332068910318
734.0   1900.3016129750054
735.0   1898.950363207272
736.0   1839.919752943078
737.0   1861.1695563643634
738.0   1883.1503526114889
739.0   1830.6079082320834
740.0   1938.5931237380898
741.0   1869.966241012498
742.0   1920.421528181832
743.0   1886.76487849969
744.0   1882.4201442559438
745.0   1876.3928796766659
746.0   1887.646384452871
747.0   1934.848362139759
748.0   1912.1097318270386
749.0   1915.9901002999372
750.0   1889.951218079295
751.0   1872.7380735054403
752.0   1837.8416059483468
753.0   1851.0028499407354
754.0   1860.4574392156114
755.0   1904.5674036808796
756.0   1967.728894091555
757.0   2008.4335490533736
758.0   2079.080892681899
759.0   2087.6968024487915
760.0   2186.2763197410086
761.0   2265.0182605179275
762.0   2353.336534414065
763.0   2447.983577210026
764.0   2480.062931682193
765.0   2585.9582100718803
766.0   2617.775200336191
767.0   2644.0624229189175
768.0   2743.909933647797
769.0   2702.9129006203993
770.0   2774.636569267558
771.0   2747.7457280106423
772.0   2754.766828315226
773.0   2645.4647351667927
774.0   2679.7154085098628
775.0   2598.5088928780415
776.0   2580.383227989469
777.0   2584.9867021943705
778.0   2546.839520348948
779.0   2444.751392226025
780.0   2416.26282130739
781.0   2343.251860885123
782.0   2274.843794041053
783.0   2178.2730885880314
784.0   2129.1038539066467
785.0   2035.6911728230393
786.0   1986.5242176160023
787.0   1917.5456165579553
788.0   1845.5328414010146
789.0   1795.7906334783545
790.0   1725.7647619040608
791.0   1621.3955231593209
792.0   1574.8792012530187
793.0   1515.7288310361264
794.0   1470.8920872362019
795.0   1397.536172860482
796.0   1347.9184068271813
797.0   1328.8479420933288
798.0   1226.6838287594376
799.0   1140.0948515101884
800.0   1108.873105222438
