655.0 656.0 657.0 658.0 659.0 660.0 661.0 662.0 663.0 664.0 665.0 
19.96 0.6682029940932352 7.4652843203140264 233.1229781363774 157.39848333831753 21.284469041209462 4.206852500098421 -0.7053922374585682 1.484014561300853 -1.0429485136075698 -1.777457572326199 1.1758676675755737 
21.96 1.094640326615945 10.040279165334994 234.74493073522416 81.07216565177663 9.207426182662402 2.8252420044128144 2.3845536783938996 1.3959796022155047 0.293820260639734 -0.6376651935033806 1.6231503117315071 
23.96 0.8147320560415778 4.490511609388619 169.24711447817168 23.879846640701203 3.180755908183585 1.332497698270032 1.8786640601845193 2.02202070951094 0.3489477523890798 -0.04812291826218029 1.8185781137098331 
25.96 0.16260848358382418 1.7896668069574844 58.79744953026079 12.43262152959312 1.8676905873031728 1.6641231440108868 0.8189561193763666 2.97487372171787 0.044696565271379995 -0.27924060536682305 2.1300050353646895 
27.96 -0.48375134626365934 1.7156309882113305 44.01052319206269 11.578911451139305 1.375307268399439 1.7514945218368894 1.3282388385389368 1.2625618105687693 0.6944127289523294 1.2816152809547248 0.4362026873095317 
29.96 0.7296709924498543 0.47022182113590816 35.181869525923645 6.789311622933496 1.3094610476689184 0.9887815326217719 0.8596148516727453 1.7664674335774748 -0.8808826585301688 -1.5129731827624084 0.7660730037198391 
31.96 -0.015295036787932759 2.099538705996281 30.090581044264354 6.639246175424319 1.7215046466990316 1.9924782707299187 0.33897442889656304 1.406541582777379 -1.5810927815834646 0.7284706256804441 0.3265355866303139 
33.96 0.38955261718604106 1.6574300686132233 37.88658191237906 9.986414935056786 0.5497842739131897 1.6538613908704463 0.8660100076412505 3.045016754701976 0.3671634943335391 -0.16302254793603765 1.1045753889747516 
35.96 0.35344243520700047 2.5366333511960306 61.54583096120925 15.557389762481023 1.6249076606454764 2.5071691741134714 2.5606527904359666 3.7167255302485387 0.7504023357084577 -0.010163104827284997 -1.0275283686446244 
37.96 -0.1392690957136722 2.1027714670557884 88.10685494342732 21.759894923547904 1.6090373918741818 0.8788173033562146 0.40951208924758475 1.4144629872224925 -1.2886015677807166 -0.6961034068561389 1.5172869542413139 
39.96 0.12751638293386236 4.407611045591864 104.39458140231977 36.68419570743788 3.4443680871316644 1.493211263537603 -1.1827018555280802 1.3446567230808455 -0.2113802061797685 0.6322502930071892 1.5214596023503475 
