500.0   308.6649301603208
501.0   305.5022165524658
502.0   307.6837569155999
503.0   306.6355469730542
504.0   306.29505246561274
505.0   302.660260084348
506.0   306.48007115380625
507.0   302.2899825600313
508.0   291.2673384569021
509.0   293.7004484896779
510.0   287.3058400790908
511.0   285.09203274111286
512.0   287.8684309965926
513.0   289.53760858279406
514.0   283.3262302456806
515.0   281.6102556318837
516.0   286.8066980112678
517.0   284.77514850636584
518.0   287.4724168951103
519.0   289.5213984112806
520.0   286.78695552761195
521.0   285.2817769299308
522.0   289.8338888698352
523.0   288.3098727166276
524.0   293.073099927943
525.0   295.93804409522664
526.0   296.22983491241683
527.0   299.66394379079577
528.0   308.5472023744113
529.0   313.97876045572013
530.0   321.93509081832843
531.0   326.8289267417
532.0   326.2837237979424
533.0   333.35009553659756
534.0   345.55379491934656
535.0   346.2484133538594
536.0   349.24270599125157
537.0   355.94380868090093
538.0   362.1074833262544
539.0   362.382046033189
540.0   364.8857356949166
541.0   366.7759653705541
542.0   368.3925576802657
543.0   371.18170165411146
544.0   362.823898052485
545.0   361.91967408642194
546.0   355.40971846915323
547.0   355.55298768673134
548.0   349.8976771747205
549.0   340.9489629002331
550.0   347.01306933790255
551.0   333.57269892473875
552.0   339.89131939100076
553.0   332.37588026973833
554.0   333.7920726544682
555.0   330.9860069278521
556.0   328.32001633418304
557.0   319.3230140966691
558.0   322.9406783869227
559.0   315.1329285223815
560.0   318.2540240894222
561.0   325.98903670901086
562.0   315.15101477865784
563.0   319.06916840327386
564.0   324.93223921351097
565.0   320.69911279874583
566.0   331.3745440668658
567.0   334.9620897856648
568.0   329.9991057060804
569.0   337.83562206013835
570.0   345.13939026927034
571.0   350.6909390075857
572.0   344.51571448580745
573.0   347.8198312926095
574.0   348.2671371685203
575.0   366.2168467826047
576.0   366.00847100660576
577.0   373.369184661873
578.0   379.39086560655966
579.0   380.263138294881
580.0   388.4204900153836
581.0   395.867708975165
582.0   400.58866553320837
583.0   405.81599798294155
584.0   412.15770054352305
585.0   419.7349276223778
586.0   422.94768994428495
587.0   416.44065078196746
588.0   422.27086602159443
589.0   430.6307427640107
590.0   423.3168503734218
591.0   425.7989684140336
592.0   419.17600462505766
593.0   418.6817207263746
594.0   416.78997339302805
595.0   414.51364986531644
596.0   412.57172176266795
597.0   406.66138590123745
598.0   397.72591230410717
599.0   394.43234267376755
600.0   391.96532289128373
601.0   390.6007026699167
602.0   380.1484161149295
603.0   393.43218600532924
604.0   383.53159054869826
605.0   382.33749981224946
606.0   388.86722487842894
607.0   386.73571387539346
608.0   394.13329469525297
609.0   377.06150423410924
610.0   382.5724369076165
611.0   378.91142521953253
612.0   386.30132153660156
613.0   374.9834552824841
614.0   372.8698770409596
615.0   376.1725984340056
616.0   375.4588812495088
617.0   383.266860832403
618.0   384.07213564670514
619.0   384.44230561372757
620.0   383.1921963144719
621.0   396.3283435045987
622.0   398.2455706841777
623.0   412.0038331119963
624.0   417.18386378536064
625.0   421.6589871093834
626.0   433.64105778800484
627.0   436.2988135593276
628.0   447.42691142096623
629.0   452.9578161172167
630.0   462.29636796473255
631.0   474.3275990342019
632.0   478.50717891175145
633.0   484.39726849087737
634.0   492.08557044557773
635.0   497.4030878747155
636.0   503.3518666928898
637.0   505.745696876993
638.0   512.2566773484047
639.0   518.9878223422066
640.0   524.334954258692
641.0   522.6560480942072
642.0   526.9478185635417
643.0   523.3719628688863
644.0   523.837137720881
645.0   526.294893014831
646.0   532.044283690779
647.0   525.2515271707547
648.0   519.4875929554358
649.0   513.8421689764702
650.0   511.96488655296565
651.0   514.3388171138384
652.0   506.79744866572196
653.0   508.10433039880286
654.0   506.3950918918478
655.0   501.9817129758855
656.0   506.44091869683257
657.0   504.4959652620876
658.0   500.4642716626641
659.0   499.08110716532
660.0   499.26343155934615
661.0   500.80665449637587
662.0   504.7097096082161
663.0   499.7213118890486
664.0   507.2878729185206
665.0   522.5228259108113
666.0   511.79342837306444
667.0   516.8946463388585
668.0   509.42862176917043
669.0   511.65136097000186
670.0   531.6925720226905
671.0   535.9237799980675
672.0   539.8400437910985
673.0   541.254142916852
674.0   541.3844883823358
675.0   554.7623469489581
676.0   555.3087559709876
677.0   560.9472727953771
678.0   574.7154510787985
679.0   588.6292239894656
680.0   596.7945801428187
681.0   599.0772338235025
682.0   615.4334022095292
683.0   612.1090932856491
684.0   628.3330251106669
685.0   639.1056869523353
686.0   647.6815251293609
687.0   665.112637746112
688.0   663.7232352443838
689.0   685.1610275407957
690.0   687.7442511866251
691.0   697.3100430437167
692.0   709.2343860792889
693.0   727.1279785983429
694.0   724.5127714429203
695.0   735.8174132672043
696.0   737.1078409660812
697.0   726.0262060825327
698.0   748.889274496185
699.0   755.6118202048219
700.0   760.5369895528211
701.0   739.241664936652
702.0   756.4292187665992
703.0   750.3164622925341
704.0   757.248852696331
705.0   745.5206317670755
706.0   756.5732448648426
707.0   760.2953140852052
708.0   744.4259941352485
709.0   745.0936096905201
710.0   729.3723808140179
711.0   729.5333162869123
712.0   726.4940723148421
713.0   718.8438187058572
714.0   707.4336877719016
715.0   703.0916269471808
716.0   703.8863609687022
717.0   714.3262746718319
718.0   692.9296410860246
719.0   706.9368101266573
720.0   689.2051985118841
721.0   681.4153307209232
722.0   687.7223520552938
723.0   682.9987567735908
724.0   682.776596631909
725.0   669.9768130901947
726.0   668.4405353200888
727.0   675.3401747378707
728.0   661.2429879905179
729.0   669.1344966762683
730.0   648.9522500801403
731.0   658.6126962835424
732.0   671.3620824308529
733.0   670.9202066522007
734.0   665.6836155024704
735.0   666.1210738564452
736.0   646.5177693703557
737.0   644.867337899238
738.0   659.9233680911168
739.0   641.0702590544206
740.0   668.6518224760661
741.0   656.2104621802715
742.0   660.9435841203068
743.0   653.0606709942085
744.0   650.1410222524938
745.0   651.3280316608455
746.0   651.5500915617689
747.0   647.8484129765899
748.0   646.7267058840805
749.0   652.3517453559822
750.0   657.024239152719
751.0   666.4832887362631
752.0   675.9497279065491
753.0   695.5010965195908
754.0   717.0717270835053
755.0   734.7731627201903
756.0   761.2131035119884
757.0   782.6463360011932
758.0   812.3748514892059
759.0   832.6858274159623
760.0   843.4639902460871
761.0   874.1215956556586
762.0   901.0517753653248
763.0   939.9225655977389
764.0   960.4507860137368
765.0   968.4639505552683
766.0   987.762429832953
767.0   988.9366813192709
768.0   1025.2675699225126
769.0   1006.8453534479573
770.0   1023.3964076021334
771.0   1038.028977975539
772.0   1042.098558493247
773.0   1020.0951228081781
774.0   1028.7173462272112
775.0   1017.1682013251549
776.0   1020.3600040031123
777.0   1013.401935421413
778.0   1012.10217423354
779.0   984.3330999668209
780.0   989.2033668262524
781.0   967.6725836140616
782.0   965.8335696864127
783.0   942.8172156381889
784.0   929.4749465421695
785.0   913.1145287422445
786.0   893.5597786854174
787.0   883.1730355368787
788.0   872.192670366821
789.0   860.87746548516
790.0   851.8274277728575
791.0   825.079102480719
792.0   808.6483252909396
793.0   794.1519655758439
794.0   788.1366952666127
795.0   771.533390205335
796.0   763.6785586990778
797.0   770.3026271642344
798.0   729.1734445497553
799.0   709.8930462918938
800.0   699.5578478466499
