500.0   288.8791893247346
501.0   292.3243526812069
502.0   291.9685327950487
503.0   290.6977745631311
504.0   286.5171941869711
505.0   289.3336145471871
506.0   282.6945990265561
507.0   281.4593825438033
508.0   277.42249990297614
509.0   280.480531785296
510.0   273.31966368132265
511.0   274.04194998167645
512.0   276.59672272030815
513.0   273.9860872340353
514.0   267.0117325119091
515.0   266.42785783787275
516.0   269.34322025175555
517.0   272.8189238594069
518.0   269.8407679304732
519.0   274.93240626988137
520.0   269.72592449751033
521.0   273.49334812345177
522.0   278.1862190089069
523.0   275.4491806633184
524.0   276.29532951411494
525.0   279.9998718370762
526.0   280.1124101637013
527.0   286.6749906589311
528.0   286.12747609766296
529.0   292.45094072452093
530.0   298.21946316031614
531.0   304.0123766656048
532.0   307.22575945518577
533.0   314.2311069833238
534.0   316.07691223540576
535.0   324.11231301236177
536.0   330.28759270957903
537.0   335.9456688693102
538.0   338.24148572760095
539.0   337.44099689113324
540.0   346.1230424976922
541.0   338.9355809744756
542.0   349.8356032137655
543.0   345.0943990218007
544.0   339.03994823305726
545.0   336.7427240275749
546.0   333.85754753010605
547.0   334.23795921818055
548.0   327.5668102143668
549.0   322.77699938431573
550.0   324.3512466661485
551.0   316.73248985231413
552.0   320.93718802263635
553.0   308.42278112103014
554.0   310.20819417705275
555.0   304.8480747936416
556.0   304.52434354179906
557.0   303.83207597724765
558.0   305.0571179170299
559.0   305.64765915057166
560.0   304.58540170805674
561.0   299.6067258686732
562.0   301.4099242809284
563.0   303.5331859489643
564.0   310.3918592802592
565.0   302.67384398219286
566.0   312.2471046661561
567.0   312.7233959357997
568.0   313.33361244074814
569.0   316.1158668483997
570.0   322.8056457000905
571.0   319.7018443788821
572.0   322.1137114487115
573.0   321.669324246913
574.0   331.07288899173216
575.0   340.6102135138511
576.0   341.80302252159123
577.0   345.75447428784486
578.0   345.8802905637552
579.0   358.63140830570774
580.0   358.6541638769941
581.0   369.74791536240787
582.0   373.3047523940233
583.0   377.72300961061114
584.0   380.69318264663804
585.0   384.777018154268
586.0   388.4050041593039
587.0   384.68578309949334
588.0   388.7133041057791
589.0   390.80020345345173
590.0   391.023082903904
591.0   389.4075533348166
592.0   386.41328707638104
593.0   389.2716990685296
594.0   385.6799207435308
595.0   383.29497512382926
596.0   378.28577643973375
597.0   372.3081925254973
598.0   372.51732429832947
599.0   366.86503774272313
600.0   357.03233809862854
601.0   360.12041121891565
602.0   353.5840963339727
603.0   360.43720265258594
604.0   358.5266565991663
605.0   354.663005434762
606.0   354.5877093430401
607.0   354.63393044999583
608.0   354.6923681246048
609.0   350.45182650169596
610.0   351.7838921692075
611.0   351.3336705485672
612.0   356.09698441073914
613.0   346.8473236178924
614.0   344.3212783673733
615.0   346.6477104798052
616.0   353.429652942367
617.0   355.55534185563346
618.0   349.736899363156
619.0   357.3366227748674
620.0   359.93611410080797
621.0   367.7690648598036
622.0   370.61064692879467
623.0   375.85185109964704
624.0   385.3270782941022
625.0   381.3177348435823
626.0   396.1463532745067
627.0   407.6152489329124
628.0   408.5068337334217
629.0   412.43868288117204
630.0   420.53670228880014
631.0   431.42737186981276
632.0   436.9613658975554
633.0   444.03105376123517
634.0   451.2064671462411
635.0   463.5885863335254
636.0   460.528010556269
637.0   467.3182191011751
638.0   466.2427127613639
639.0   474.2851735387314
640.0   473.71668148571007
641.0   477.97905011530753
642.0   472.65690523304784
643.0   473.3970163493039
644.0   474.9272333184235
645.0   479.3518466303171
646.0   474.28934544210074
647.0   475.6532852321522
648.0   469.39624476054104
649.0   472.09413036639944
650.0   466.2053987028221
651.0   470.008901043567
652.0   466.99294930502106
653.0   458.9103709117409
654.0   459.1693019421851
655.0   456.7753215403158
656.0   460.736521081846
657.0   460.95604303824393
658.0   450.182628031132
659.0   462.0843977749219
660.0   461.39589662380166
661.0   454.9866058932417
662.0   457.108714348061
663.0   459.48306346377586
664.0   461.3385613307252
665.0   469.52869864687347
666.0   469.43589332350757
667.0   466.7534408243375
668.0   465.08863086722636
669.0   472.0280522734879
670.0   479.7739629145515
671.0   483.21343831276005
672.0   492.6637774282552
673.0   493.2790686546677
674.0   493.5879458868597
675.0   505.93794801147834
676.0   501.2361150694356
677.0   514.798084897495
678.0   518.6791124403833
679.0   526.2598345417588
680.0   534.8668841249719
681.0   550.29098785695
682.0   552.7908887320556
683.0   556.832618645265
684.0   570.0037408235041
685.0   578.9526581806707
686.0   582.0786113621471
687.0   590.6043124957287
688.0   589.1918133769451
689.0   607.5108023051679
690.0   619.8382349135742
691.0   618.0778903546906
692.0   642.9033072826746
693.0   644.9307822813525
694.0   639.2324125099423
695.0   658.612473531978
696.0   655.137784746631
697.0   647.2732956693035
698.0   669.1931312970943
699.0   672.4765610735687
700.0   672.6614951614814
701.0   665.9936408382546
702.0   669.7875243448553
703.0   663.3416019777629
704.0   678.4021080450838
705.0   670.4957997914224
706.0   670.3337625541897
707.0   661.106860752019
708.0   663.8219061782623
709.0   666.1119977993703
710.0   654.5151731971738
711.0   654.7739070206137
712.0   646.7296161663861
713.0   640.7160953648344
714.0   632.100375349115
715.0   629.5549996748523
716.0   631.1312977829941
717.0   633.8925854452381
718.0   616.982726809944
719.0   628.8255724877504
720.0   613.7532461037077
721.0   612.3138066538846
722.0   614.961369091836
723.0   609.3882164815686
724.0   615.9888896628768
725.0   604.3420514696329
726.0   608.9716061608775
727.0   605.3217283209341
728.0   593.4007005098391
729.0   596.7653158636068
730.0   589.2856443612268
731.0   588.1568024029042
732.0   599.5708809400467
733.0   607.3751780882956
734.0   603.7005692229524
735.0   592.145289956017
736.0   581.8441699472424
737.0   575.5417343293611
738.0   592.0293238998684
739.0   581.2622616959383
740.0   601.5644332692281
741.0   593.5678823122331
742.0   597.422579210815
743.0   596.66868322566
744.0   594.4958275780498
745.0   581.6957618356607
746.0   582.2531625825214
747.0   587.9557106841941
748.0   580.7324601574013
749.0   587.1047219198144
750.0   589.6633410370297
751.0   596.830691405729
752.0   614.1704452566864
753.0   620.845670956865
754.0   642.387818299302
755.0   661.2820724277116
756.0   677.7180564498582
757.0   694.3820973127845
758.0   711.9947555293617
759.0   731.8680500429185
760.0   755.1647474747728
761.0   780.7441256958732
762.0   798.131595172123
763.0   826.5489885084959
764.0   842.8852055911651
765.0   855.5861238531135
766.0   876.7907952854534
767.0   875.4958532000134
768.0   905.8701767884755
769.0   899.8262314961918
770.0   912.6858444675116
771.0   910.6079828982926
772.0   909.2736161628463
773.0   890.6443090815891
774.0   917.1322999138492
775.0   890.5953394033619
776.0   893.8684518777218
777.0   893.1619694579416
778.0   900.8300754932355
779.0   874.5236385224076
780.0   868.314448312533
781.0   856.2542681586037
782.0   861.2915268503413
783.0   837.730222178778
784.0   817.4004568874926
785.0   807.3190480770214
786.0   802.7941528026876
787.0   787.8269049192392
788.0   775.58207390494
789.0   766.8361023444686
790.0   759.1151964151583
791.0   730.2261643840378
792.0   726.7516339475657
793.0   713.4715707883939
794.0   698.5064225695622
795.0   683.8715225887204
796.0   673.3464310320365
797.0   686.3680996195203
798.0   656.0253153962149
799.0   638.3205944579573
800.0   631.1918712646489
