500.0   259.1058848992651
501.0   260.6700042769442
502.0   260.26103036884564
503.0   259.2960966148695
504.0   261.40121513827813
505.0   259.1523577291439
506.0   255.59708248099753
507.0   252.80807595821787
508.0   248.3651365224559
509.0   251.215989479122
510.0   247.33151422979185
511.0   248.48584698153726
512.0   249.88449693014226
513.0   250.44676649285694
514.0   244.79727634934625
515.0   244.67268181312872
516.0   242.02508803458113
517.0   250.9346617755937
518.0   251.4705649219255
519.0   252.8724860806382
520.0   247.21783288982775
521.0   250.0365541902435
522.0   255.24782626758642
523.0   249.62548992417223
524.0   249.26216200094692
525.0   255.4715385735789
526.0   260.2681953677025
527.0   257.69528941923346
528.0   259.04650362178336
529.0   264.5883214070548
530.0   266.54249339998796
531.0   269.7350077690223
532.0   272.469789846378
533.0   280.46657030572476
534.0   279.535501285289
535.0   286.9722817068262
536.0   288.26369637076624
537.0   290.86448335800065
538.0   295.5045254001411
539.0   297.79658666685117
540.0   296.5383583318971
541.0   296.95373244970796
542.0   295.98981500751296
543.0   299.7886389704538
544.0   295.97872048415286
545.0   296.6496714403548
546.0   292.76743520099404
547.0   288.15880938562174
548.0   288.89358826344204
549.0   289.8271751649672
550.0   280.38093504982186
551.0   278.377653894042
552.0   278.9892202123683
553.0   273.18944064194716
554.0   275.64335017562627
555.0   271.11379676085556
556.0   275.93451919267125
557.0   271.32929292708917
558.0   273.9194647589318
559.0   270.29563650384745
560.0   266.67075380027404
561.0   271.23992856124704
562.0   269.7180467604421
563.0   266.7892273437414
564.0   275.8087067006952
565.0   273.94122293951597
566.0   277.38715601637676
567.0   270.7817925888083
568.0   271.664631565681
569.0   278.48103827462046
570.0   282.70708432695983
571.0   284.6730370427953
572.0   285.20990118608074
573.0   292.85382559112463
574.0   290.14051333640015
575.0   295.6818497468425
576.0   300.89225352879953
577.0   300.7844908154715
578.0   306.0419953419541
579.0   307.5672635895459
580.0   317.00680932077904
581.0   316.70222030795054
582.0   321.33735458829614
583.0   325.1000464729621
584.0   329.79088706169085
585.0   327.3073195968378
586.0   330.359582097917
587.0   329.62770237550427
588.0   334.82696321227485
589.0   340.41025498451404
590.0   333.69095071618705
591.0   336.3897048461726
592.0   329.8838832384503
593.0   329.6312995290329
594.0   328.22184729391546
595.0   329.11771929094897
596.0   326.0404768883139
597.0   321.26652238221305
598.0   314.38960552231987
599.0   316.6441752572876
600.0   313.4018503151349
601.0   314.2965505407379
602.0   313.24153327588107
603.0   314.93735937362726
604.0   306.02555968939237
605.0   309.66010443991655
606.0   312.86328584891453
607.0   305.8077162500179
608.0   308.45310822001505
609.0   306.45825747554886
610.0   301.6594791944811
611.0   303.4949938484952
612.0   309.4916839932063
613.0   303.3494056062461
614.0   300.1530472020163
615.0   300.7380276789672
616.0   305.5350137102341
617.0   309.5536664492445
618.0   311.632133733646
619.0   315.9177061255909
620.0   312.37830333551227
621.0   315.3900182596488
622.0   322.229053120467
623.0   331.581963851656
624.0   327.3601733973971
625.0   335.69915523819026
626.0   341.02653925526374
627.0   345.417789648902
628.0   351.2687350499562
629.0   358.86795387339436
630.0   363.2166279202991
631.0   367.3538106718076
632.0   365.3662208788049
633.0   377.7432292361836
634.0   383.36287950638393
635.0   380.3322544648452
636.0   391.46726587825646
637.0   391.7727590714871
638.0   389.60458413305213
639.0   398.84088859707225
640.0   398.9184041911485
641.0   396.85599247673434
642.0   400.56923155398937
643.0   401.2496616764943
644.0   397.2968007126433
645.0   396.07417958980096
646.0   400.3473574730928
647.0   398.4586833677672
648.0   400.0054731602675
649.0   397.5059888210833
650.0   393.40591386163277
651.0   392.9374215046757
652.0   390.4648349030324
653.0   391.41516705666027
654.0   387.52073735110685
655.0   386.1862645511478
656.0   387.67237910183417
657.0   388.02923389712936
658.0   380.94589439700553
659.0   385.05249652793714
660.0   386.18482938299775
661.0   379.732995221619
662.0   386.4578141966233
663.0   386.8246457322617
664.0   391.17208300812734
665.0   397.11871773963884
666.0   395.82190917726285
667.0   395.1484756190798
668.0   392.6194711226282
669.0   399.7559676723429
670.0   410.3227058098839
671.0   407.75947097221734
672.0   408.9266046091105
673.0   406.8550501355612
674.0   415.04297229378636
675.0   420.81554545712083
676.0   421.44492178239125
677.0   429.9387264102589
678.0   428.94764464730883
679.0   436.0414307850926
680.0   447.07219162494806
681.0   450.64393745620345
682.0   453.9428750099441
683.0   464.9221495869925
684.0   466.66525108551417
685.0   475.3049906934128
686.0   486.80900412513256
687.0   487.534792734634
688.0   491.81661764664494
689.0   492.24279462112514
690.0   507.0548139174055
691.0   505.5585871471453
692.0   522.6358990560335
693.0   527.3282036264071
694.0   525.7893041764618
695.0   532.08142597682
696.0   530.653502575096
697.0   528.0677463950614
698.0   543.6227191748862
699.0   542.3777936906096
700.0   540.1847304246036
701.0   539.8828651384111
702.0   547.7824688033721
703.0   540.6393070366821
704.0   545.5905750321677
705.0   538.2777341259535
706.0   541.7750124202634
707.0   538.4892183545915
708.0   541.5308606204031
709.0   538.5723882587599
710.0   530.050152433617
711.0   527.3353695156349
712.0   516.229357713492
713.0   521.221612492769
714.0   517.8281245650873
715.0   511.0674886733587
716.0   515.5218877139723
717.0   512.9645578598114
718.0   513.0876915367165
719.0   511.90608505756273
720.0   498.22868805241916
721.0   503.50364910584125
722.0   508.26484553264726
723.0   498.52010180102
724.0   504.8227303318142
725.0   495.32504870668134
726.0   493.46121233678997
727.0   494.3410435893159
728.0   493.7268287836062
729.0   496.7452967062233
730.0   478.9229707835889
731.0   486.846307382181
732.0   492.2109221713261
733.0   498.61227739429813
734.0   491.8931483273041
735.0   493.7352203990827
736.0   474.443161279725
737.0   478.1832839336796
738.0   491.46491674150525
739.0   480.57498400080135
740.0   497.2500265861269
741.0   486.96302579771964
742.0   489.3393856943676
743.0   484.58067048570683
744.0   483.57514422495314
745.0   482.3518156702532
746.0   480.7906460283393
747.0   484.7122974767487
748.0   483.5229555023989
749.0   485.61345147716247
750.0   487.7985267923275
751.0   491.9732813370399
752.0   490.4494841771313
753.0   500.6704799404842
754.0   519.850857282241
755.0   530.50707350082
756.0   545.6573760203986
757.0   558.3137567714066
758.0   588.0705974813153
759.0   589.9363399639317
760.0   606.7782373121327
761.0   620.9686910587683
762.0   638.0587660232483
763.0   647.8519102756535
764.0   664.4316842639444
765.0   679.9760711879381
766.0   687.038600176261
767.0   694.2812490603607
768.0   711.3809573987918
769.0   704.3634319610677
770.0   719.3572398733977
771.0   714.0465771332501
772.0   718.7993592593111
773.0   714.1672130305113
774.0   712.4367557651427
775.0   702.0946733552979
776.0   699.6783074215028
777.0   698.2166606919401
778.0   701.8101133374589
779.0   687.6253327907176
780.0   688.3586526769071
781.0   675.8233938785706
782.0   667.2361766413247
783.0   669.8172707160599
784.0   648.4471206035115
785.0   640.1604119006734
786.0   640.2678467129808
787.0   620.4985055520107
788.0   612.2543146849331
789.0   609.7585529730245
790.0   601.6253618755168
791.0   595.408986071489
792.0   588.0710110650634
793.0   570.8468123883039
794.0   559.1804109981059
795.0   552.5797555912754
796.0   543.3162691904132
797.0   546.4669104030919
798.0   526.072798764459
799.0   508.71600858659485
800.0   508.1883566531735
