500.0   245.06854638096434
501.0   246.01207649406524
502.0   245.79851342379138
503.0   241.59569770359076
504.0   243.4538098908275
505.0   241.64135760162273
506.0   244.1645078070952
507.0   243.10541969430844
508.0   238.71997495403312
509.0   236.22669565360366
510.0   236.87756445472542
511.0   236.14966035398103
512.0   237.45437117069966
513.0   235.10380559037912
514.0   230.76586497623734
515.0   233.7877187661871
516.0   238.11678014502436
517.0   235.2503615218168
518.0   231.1442523235471
519.0   237.07562169635113
520.0   235.72389042848388
521.0   236.65023799814387
522.0   244.1366712459202
523.0   237.37407492093004
524.0   235.0715294929402
525.0   239.37680231208867
526.0   241.9899236782264
527.0   245.64565586853885
528.0   243.09869407908556
529.0   248.10585723970007
530.0   252.5625937799044
531.0   254.9528900996202
532.0   257.88125287587224
533.0   259.79963094587606
534.0   263.920558739123
535.0   262.33133580561366
536.0   273.6148996548047
537.0   272.0432957128501
538.0   274.90664218440423
539.0   273.22755006010715
540.0   271.7523029118756
541.0   275.02154210517756
542.0   274.7828078204844
543.0   277.9034702107551
544.0   275.5006987042175
545.0   273.71772958873527
546.0   269.3075012384993
547.0   266.47746508342715
548.0   269.1272132833128
549.0   266.21196723492176
550.0   263.96934258577124
551.0   258.23399883274
552.0   259.5603769111267
553.0   256.5716143381081
554.0   256.05655196475465
555.0   255.1960016637278
556.0   252.9265530298535
557.0   253.30682362789022
558.0   253.9820988612265
559.0   253.54810711598907
560.0   253.249991470279
561.0   256.39214155104713
562.0   251.88185746558023
563.0   249.39151287713992
564.0   255.64076297451757
565.0   253.63308981010354
566.0   257.55263604886244
567.0   259.38756287210964
568.0   256.99765482027095
569.0   258.65924321885126
570.0   259.8492654767607
571.0   265.1467208285274
572.0   261.81459751112214
573.0   267.24572163017393
574.0   272.88640039760276
575.0   276.45468863899896
576.0   277.72601768660803
577.0   275.76193101518123
578.0   283.51781900278917
579.0   283.64362546920904
580.0   282.38352966352505
581.0   291.51669156517397
582.0   291.55876069014585
583.0   295.14432540036387
584.0   297.51411911814665
585.0   300.69104793260504
586.0   301.64516009395925
587.0   301.93418411010134
588.0   301.6327921468558
589.0   305.6051767104281
590.0   299.6238057622807
591.0   304.70983986877087
592.0   303.15718868763855
593.0   301.7722787624652
594.0   301.67642557955025
595.0   297.80366191383337
596.0   296.53966344133073
597.0   296.3844535426418
598.0   294.8857578562977
599.0   294.806932804634
600.0   289.88451283044697
601.0   285.2927151653364
602.0   283.07213319956213
603.0   287.7842538216719
604.0   284.02571336987177
605.0   288.65400836059695
606.0   287.77298994046106
607.0   285.32425487319006
608.0   289.27497875552723
609.0   282.49318235519803
610.0   280.8974227198264
611.0   282.26378865347823
612.0   278.1851491226582
613.0   278.46240382877346
614.0   279.01536591875714
615.0   276.57250213778974
616.0   285.59056183184174
617.0   284.97811531680253
618.0   281.49581999352375
619.0   288.1098481935197
620.0   284.4290362989735
621.0   292.1770411735923
622.0   291.62179450261056
623.0   301.0964134858771
624.0   302.06365454532676
625.0   309.01154401871787
626.0   308.8200883604278
627.0   302.8748596007966
628.0   316.6908088487701
629.0   318.99520410531613
630.0   322.46663014349247
631.0   332.58978949457816
632.0   330.06843644723057
633.0   338.7801521202751
634.0   343.7197117165392
635.0   341.70788806740774
636.0   346.65552326335256
637.0   353.47906944732773
638.0   343.5957442423459
639.0   353.6621698971385
640.0   356.3838002497425
641.0   358.0048750906108
642.0   356.2723596756341
643.0   356.7140401337437
644.0   353.8095968419387
645.0   361.18232223880597
646.0   355.20988669161596
647.0   355.03618022517276
648.0   353.49774564196105
649.0   353.7399062414224
650.0   353.07628697344893
651.0   353.33971525785995
652.0   349.76315361677644
653.0   344.7865282695646
654.0   350.9518419621497
655.0   345.43851994094
656.0   346.5811719652518
657.0   344.65418681664545
658.0   338.02712143705463
659.0   350.80022593298617
660.0   346.4043341921622
661.0   345.19633931381696
662.0   345.85966889340716
663.0   343.7467503835676
664.0   349.6643824570727
665.0   356.52743174009373
666.0   351.28333100552726
667.0   348.3921373462504
668.0   345.70817921610524
669.0   356.7415297290042
670.0   361.3633283776813
671.0   366.35750797321504
672.0   370.38665678896956
673.0   369.4362995439398
674.0   369.4048787729148
675.0   375.5608931861689
676.0   370.51960376732177
677.0   376.9837279289721
678.0   384.00340846808234
679.0   387.53442711361726
680.0   392.06031817260015
681.0   395.45163426833165
682.0   406.92081688863135
683.0   402.5834909226791
684.0   412.3417839043168
685.0   416.37691816727073
686.0   422.8785803628345
687.0   426.49252541619745
688.0   430.6068377212432
689.0   435.2034501614951
690.0   441.1735677789532
691.0   441.5938689752135
692.0   454.6089843177935
693.0   464.17598415607023
694.0   460.32097417688357
695.0   465.68203613546444
696.0   462.4581828936643
697.0   455.8781731123215
698.0   471.35789284916405
699.0   476.75741903661674
700.0   471.99730741275613
701.0   467.83958830411717
702.0   471.5302075713487
703.0   475.36419018828093
704.0   475.59138702836935
705.0   474.0560145638062
706.0   477.6516769152907
707.0   471.34276980217504
708.0   467.8417676944091
709.0   468.00317386212646
710.0   466.2830800819806
711.0   458.8428457374594
712.0   458.3262932250489
713.0   448.76192684075016
714.0   453.3529133000217
715.0   451.8891502261387
716.0   447.56304300148105
717.0   453.20202260799397
718.0   441.1241280146165
719.0   450.8798560741648
720.0   438.97856984874824
721.0   434.3476569714139
722.0   442.89450988558025
723.0   441.86054987548033
724.0   440.5030406010864
725.0   433.0719931566862
726.0   429.9324118958045
727.0   435.6609981464383
728.0   428.65884411350174
729.0   434.7063492256678
730.0   419.1190350183592
731.0   421.8508437538009
732.0   434.6637593286921
733.0   434.69289762205534
734.0   429.6953323453158
735.0   431.6082257542808
736.0   416.32562599002
737.0   417.4123617990443
738.0   428.41302938178706
739.0   425.3272822624073
740.0   435.0335532801111
741.0   429.7772909493501
742.0   435.5090770673963
743.0   423.5519414337469
744.0   422.7890672749338
745.0   425.1582388119907
746.0   424.6795230441048
747.0   429.10001736972714
748.0   424.6859485366443
749.0   425.938782858012
750.0   424.9376380002229
751.0   425.11698937743614
752.0   438.59938516438416
753.0   442.688909103835
754.0   454.34293550950673
755.0   464.6864150993617
756.0   470.9584686089486
757.0   485.4588305704265
758.0   504.49410125959434
759.0   507.9197169916791
760.0   513.885558934211
761.0   529.4720396810638
762.0   544.0827081779715
763.0   560.9266539573028
764.0   564.9871663983978
765.0   571.6940620072232
766.0   582.1368316968523
767.0   587.9221662425571
768.0   604.8727480235635
769.0   602.7437374872694
770.0   609.7470453857078
771.0   605.1006183720941
772.0   619.7177698586562
773.0   605.5868609481598
774.0   613.6466279843027
775.0   605.0436893579615
776.0   602.459811337783
777.0   606.3943909307825
778.0   601.9269945760337
779.0   584.1142909251141
780.0   587.2533579338907
781.0   580.7848729917863
782.0   578.18685485846
783.0   562.372723183023
784.0   561.3780431132636
785.0   553.8684520835499
786.0   544.5630225301526
787.0   536.6304454979489
788.0   532.3665835772099
789.0   533.0150119222615
790.0   519.8692496984468
791.0   508.3880070298094
792.0   495.0663586009505
793.0   487.69663267993184
794.0   483.5251901360419
795.0   472.5483376430563
796.0   469.4917051143688
797.0   471.6202394746958
798.0   457.6812533750504
799.0   441.5869030153379
800.0   439.2872080579072
