500.0   228.30999760282285
501.0   224.99187301551012
502.0   229.64623577691043
503.0   227.8554872215021
504.0   227.60147493959417
505.0   226.999349048167
506.0   225.8479254155802
507.0   225.90413875865693
508.0   227.1749685905338
509.0   225.16720186407042
510.0   223.9143094492982
511.0   222.60359836187942
512.0   223.66292606468832
513.0   225.01435569825875
514.0   222.7268322133681
515.0   222.27445301548107
516.0   223.08714062602576
517.0   223.23133606197155
518.0   224.30831623962146
519.0   224.58214567211868
520.0   220.98067391670338
521.0   221.5983435923807
522.0   225.73629457088956
523.0   226.74521249255892
524.0   223.703035701914
525.0   226.89352614827268
526.0   228.90637448575532
527.0   230.3304854940496
528.0   230.93850024583185
529.0   232.30552292254916
530.0   236.49793937625932
531.0   234.96126075250436
532.0   235.64166979658566
533.0   236.26887997351173
534.0   241.60991420609534
535.0   243.4146294443661
536.0   245.99076479247913
537.0   245.2954258347353
538.0   247.75450905816538
539.0   251.83828135462147
540.0   251.59236443145267
541.0   252.225039040423
542.0   249.69435550734897
543.0   255.12634563623192
544.0   251.47194667924202
545.0   249.70083152822193
546.0   250.3182713422335
547.0   247.22973448121797
548.0   247.76384538324362
549.0   245.6062379039707
550.0   242.36893135798087
551.0   239.4299323704987
552.0   240.9438645278051
553.0   241.4355246484538
554.0   242.87598635642834
555.0   235.77844995229052
556.0   241.69104787036835
557.0   237.35319743650913
558.0   234.78974258562803
559.0   236.3422652813539
560.0   236.97535836394192
561.0   235.62887714915428
562.0   231.48348620625407
563.0   234.70851653046475
564.0   238.42077226534207
565.0   241.2918427426166
566.0   244.45085162936724
567.0   241.45822188558714
568.0   238.66458707651142
569.0   244.06263562819618
570.0   249.0745560494021
571.0   245.31666551611542
572.0   244.69336027853686
573.0   245.5900529809885
574.0   248.49071652719138
575.0   253.70909288005979
576.0   251.47588653711531
577.0   252.94810323151725
578.0   258.08183444665104
579.0   255.27607878614455
580.0   259.32045304140667
581.0   267.6954820879299
582.0   267.94772162315616
583.0   266.52880039968574
584.0   270.5874599881286
585.0   268.0871451303592
586.0   271.8256064402555
587.0   273.16851885401974
588.0   274.1628530831157
589.0   272.0474129688657
590.0   273.203740014515
591.0   272.296481621834
592.0   275.10985362619164
593.0   273.2724043148094
594.0   275.46324762580383
595.0   271.3348893802822
596.0   272.76674550350526
597.0   268.7626635908085
598.0   268.92742051037595
599.0   268.11390678313967
600.0   262.06376439620095
601.0   260.6768285763514
602.0   263.42326365554254
603.0   265.1159718664721
604.0   261.68766401889485
605.0   257.2852998475252
606.0   262.02191047125604
607.0   261.11144409944836
608.0   262.5591206147496
609.0   260.9996894778
610.0   258.53117909408274
611.0   257.2307036333258
612.0   262.5493539928396
613.0   257.3933869633301
614.0   252.3282163906192
615.0   257.4895456817431
616.0   257.9737570204038
617.0   259.97286306437985
618.0   261.28206078680626
619.0   258.84660804343395
620.0   262.7162015493867
621.0   270.2734956246973
622.0   266.7303113266456
623.0   273.20076928206976
624.0   272.7341826718937
625.0   276.34923498098266
626.0   275.6145769570883
627.0   281.35364742885923
628.0   288.28024517576927
629.0   288.70518508363233
630.0   290.695048664053
631.0   291.2677122447391
632.0   297.35110953960697
633.0   299.5002423186381
634.0   303.12844301053633
635.0   304.6258464130288
636.0   306.135227847601
637.0   306.77559039219676
638.0   305.61830280049315
639.0   315.0167413971886
640.0   311.9196203347289
641.0   315.1580966685024
642.0   311.46863611243845
643.0   315.41971557523533
644.0   312.15587733483886
645.0   311.9045435748532
646.0   313.53653550771725
647.0   310.77589923045326
648.0   313.4381591041519
649.0   312.30132515724586
650.0   308.76476267955485
651.0   310.1559065550567
652.0   309.63871822116164
653.0   310.1637488647368
654.0   307.203833703122
655.0   308.0883587025866
656.0   304.6554860085684
657.0   303.7581979242453
658.0   301.92525735469366
659.0   305.87532996895834
660.0   303.00817690342245
661.0   305.8689653433957
662.0   304.30072680251686
663.0   306.4415319566245
664.0   310.3308248807423
665.0   313.6381916720054
666.0   312.57445536681456
667.0   308.7655729430839
668.0   308.54991792666266
669.0   307.1476053654194
670.0   317.3638376376044
671.0   319.0206752336381
672.0   320.4350237647537
673.0   321.0577220538208
674.0   324.25808282349686
675.0   324.64356645857214
676.0   329.0100085928259
677.0   331.39094523271706
678.0   338.0005325302925
679.0   333.84567831329167
680.0   342.5707759627432
681.0   343.02052571650756
682.0   346.0797711006134
683.0   351.2009431432279
684.0   351.3274804147157
685.0   357.48369755514585
686.0   362.7686712830848
687.0   372.01216542046524
688.0   370.59857486634104
689.0   374.4685253440957
690.0   376.56426360293244
691.0   381.46815298213687
692.0   388.2680125377228
693.0   391.8469453678261
694.0   390.37081142187634
695.0   400.04785806923934
696.0   400.08628249643647
697.0   396.34818414045895
698.0   399.9337546073595
699.0   403.3712905314801
700.0   399.94461194066866
701.0   394.7360343052476
702.0   401.7943475737687
703.0   403.69652458529663
704.0   398.29064763886805
705.0   401.4259152934781
706.0   398.3513550898242
707.0   403.4912118999061
708.0   400.8221806484058
709.0   399.71214048876254
710.0   397.0034796675365
711.0   393.88591983709847
712.0   390.13384133097935
713.0   384.96504395860984
714.0   381.8916063306927
715.0   384.41073969316454
716.0   386.35591774866606
717.0   386.4268314025783
718.0   383.11549926184153
719.0   379.6037563118405
720.0   376.0028573050836
721.0   380.00336443184005
722.0   372.781759639696
723.0   378.5830865906922
724.0   379.08757746241713
725.0   375.78110809551725
726.0   374.1269587043751
727.0   373.67285854217016
728.0   375.0064923644681
729.0   373.60525903950855
730.0   366.10972095740726
731.0   369.09015368378283
732.0   373.7417481281246
733.0   367.559799129601
734.0   371.01642204846775
735.0   370.56357936096055
736.0   366.7970643062319
737.0   363.20015807167175
738.0   368.5973622345253
739.0   359.7979172378782
740.0   371.87089906038995
741.0   364.7299852750134
742.0   370.5764233062135
743.0   366.0283413434368
744.0   366.6977922103945
745.0   364.98943640832834
746.0   371.69838074289083
747.0   373.1692807021023
748.0   370.0162683123547
749.0   370.26918462902626
750.0   362.2609033723009
751.0   372.7809518429233
752.0   380.86513478865845
753.0   379.54421559984917
754.0   391.9947963244512
755.0   395.4559424592146
756.0   401.75350520960137
757.0   405.8905616397149
758.0   422.3491648483634
759.0   422.2768221521542
760.0   435.96882247716616
761.0   447.37046364542726
762.0   450.6091793998259
763.0   464.90455716829183
764.0   473.6152890610775
765.0   469.41306988618294
766.0   484.0645283615445
767.0   483.4476295777858
768.0   502.60601379480704
769.0   495.8174543869073
770.0   506.07411343405903
771.0   501.55468097976524
772.0   504.55577419796185
773.0   499.4019114944779
774.0   501.33783964370014
775.0   497.4282188260777
776.0   499.4046533305093
777.0   501.2416574532652
778.0   492.9728034073896
779.0   486.4287806090363
780.0   483.40918611722435
781.0   475.2426346729588
782.0   475.27850773042815
783.0   472.8747323137611
784.0   467.0839236342551
785.0   456.2142008415664
786.0   457.1426591555085
787.0   441.03773008348304
788.0   435.33927902837286
789.0   434.86196818576144
790.0   427.15116100915566
791.0   418.9611862859253
792.0   413.80063227388445
793.0   409.4937882509384
794.0   401.66521563468933
795.0   399.7890072862356
796.0   395.05440267087437
797.0   391.60448866476503
798.0   384.59409723735325
799.0   372.2111742654752
800.0   367.9213065058816
