500.0   216.26647125249505
501.0   218.63400576608095
502.0   219.92749032766145
503.0   214.5556496342903
504.0   214.7036352641588
505.0   216.3871804932834
506.0   215.7509331844271
507.0   217.6977016063145
508.0   218.32786612835886
509.0   213.14593752860551
510.0   214.15707487630038
511.0   213.76187854567638
512.0   214.02431022569485
513.0   215.86079320286095
514.0   214.00825990939674
515.0   209.72206223035883
516.0   211.04999329243006
517.0   211.95745330584532
518.0   212.72536409664121
519.0   214.07838741145318
520.0   210.67277277198437
521.0   213.89806720625154
522.0   214.1179262159985
523.0   216.21708714898034
524.0   211.7140717758724
525.0   215.89981316613896
526.0   217.97937888718403
527.0   218.63631911509717
528.0   219.939747502793
529.0   225.17153259944826
530.0   223.1578537841642
531.0   223.79479858651575
532.0   224.32555387206048
533.0   222.177194559009
534.0   226.30351855986063
535.0   224.99427763554593
536.0   232.87358071248025
537.0   231.95033830908514
538.0   231.17936851987784
539.0   234.14744140319348
540.0   232.4297124944071
541.0   231.6412119167419
542.0   237.90685023722665
543.0   233.6635593834666
544.0   231.11568996636166
545.0   230.27833148020986
546.0   232.9948612203829
547.0   229.04257956019606
548.0   229.28160672665012
549.0   226.15998729574494
550.0   227.3534272742114
551.0   224.7656281693269
552.0   227.71509295005646
553.0   222.7284697120311
554.0   227.26456136172942
555.0   224.29465285323363
556.0   224.89946898589724
557.0   224.0776553930857
558.0   225.36440356008674
559.0   223.81821930168977
560.0   220.4284668148854
561.0   223.09713745257162
562.0   220.75482957183382
563.0   222.60671202437246
564.0   225.36751612485523
565.0   224.247404492752
566.0   221.25993621412735
567.0   224.9090196844139
568.0   227.66684257332858
569.0   227.68806039138826
570.0   231.33733840695314
571.0   231.89436429749648
572.0   231.74570931402215
573.0   231.53779629663765
574.0   232.16767162321966
575.0   235.97936923623152
576.0   233.17658494703406
577.0   238.90297779456705
578.0   242.41897461186613
579.0   238.29186233043595
580.0   243.51734386655858
581.0   245.19209756873974
582.0   245.35670086436042
583.0   244.09841704640496
584.0   245.19350354835163
585.0   246.33340074153568
586.0   249.7888498732033
587.0   247.96580477168007
588.0   249.07495072960418
589.0   251.5644376289531
590.0   246.9854537857002
591.0   255.30007050544282
592.0   245.53542940329103
593.0   252.60324085308972
594.0   249.6856522960942
595.0   247.0832587443391
596.0   248.40494403646065
597.0   245.65272132403948
598.0   247.26086248295306
599.0   242.20087334688813
600.0   244.2390278300344
601.0   243.24555704197067
602.0   241.82618211108854
603.0   242.29267973045623
604.0   240.81939839551933
605.0   239.29126772056142
606.0   239.66402986502783
607.0   241.84157202740332
608.0   243.0803761528331
609.0   239.22714750214803
610.0   240.81145077301733
611.0   236.46839302023832
612.0   240.82464702432162
613.0   239.174550777445
614.0   232.48138118298098
615.0   237.74729617539697
616.0   242.12116379771803
617.0   243.63898115583484
618.0   243.53129979660244
619.0   243.5904145998593
620.0   243.03042820143972
621.0   250.5402825658691
622.0   246.4763842481666
623.0   244.21565489797737
624.0   249.362353378526
625.0   253.63260237964425
626.0   255.98263226315308
627.0   255.50079464205598
628.0   261.59185325299813
629.0   262.89531138255
630.0   261.949703190201
631.0   264.62388901727496
632.0   267.43947043734187
633.0   268.38087601837395
634.0   269.7346581507529
635.0   271.9054644404481
636.0   277.4645698710523
637.0   276.61871122881007
638.0   274.2838987184743
639.0   280.19669721075826
640.0   278.4242917683625
641.0   280.7412509591809
642.0   277.7221780695811
643.0   279.8455288572565
644.0   276.1861040901982
645.0   276.20335208763703
646.0   278.79292807371604
647.0   280.7118978221653
648.0   276.8373428937369
649.0   275.16444216975793
650.0   277.0568504116705
651.0   278.3134920142663
652.0   275.32543683826333
653.0   273.049536823972
654.0   276.3983262871349
655.0   271.10960980393367
656.0   271.44777170490136
657.0   272.81257700291025
658.0   275.26251489744635
659.0   273.50973080960443
660.0   271.3809416459739
661.0   267.3531103789917
662.0   272.4110667442169
663.0   268.66937086560137
664.0   275.4395429498748
665.0   276.74356078731944
666.0   280.1578799825736
667.0   276.64530073172523
668.0   273.3776381201276
669.0   277.6345806111015
670.0   283.88575886722674
671.0   284.33008105753004
672.0   285.53378287288643
673.0   286.9114371821151
674.0   283.69826699515124
675.0   286.60377179049044
676.0   287.7626052584695
677.0   293.68445432715265
678.0   295.16042442038764
679.0   295.46010003076896
680.0   300.6761454619046
681.0   303.0464897809252
682.0   308.5803347615604
683.0   306.3091021459292
684.0   310.0108128607831
685.0   307.2247127338335
686.0   318.69806147038594
687.0   321.23290084142326
688.0   315.7980778378517
689.0   325.29598118834485
690.0   328.3236109016846
691.0   327.2468086283515
692.0   334.12872005639764
693.0   334.76198880927626
694.0   333.2111983607596
695.0   337.5948368794871
696.0   337.07547351841777
697.0   338.3467836715709
698.0   341.6802090153313
699.0   346.8019341897926
700.0   344.4763163991943
701.0   336.5609982964248
702.0   340.34277515574064
703.0   338.98288857609026
704.0   347.88001550801044
705.0   340.4660483650905
706.0   340.9473910366414
707.0   346.1470064384832
708.0   342.5106622508436
709.0   343.6263601121091
710.0   341.1316784632393
711.0   334.49733776441184
712.0   333.5181708241335
713.0   330.6176727713839
714.0   332.74575544352876
715.0   337.4175657381809
716.0   326.51536195584566
717.0   331.42362787964043
718.0   328.05321016468196
719.0   328.6220039336727
720.0   329.3898153483469
721.0   325.42817832985173
722.0   328.4796822968874
723.0   326.58274651054734
724.0   328.758737809648
725.0   325.0471785000054
726.0   325.5260545036021
727.0   322.013621218924
728.0   315.58001659650705
729.0   320.94985123512294
730.0   318.6996975804028
731.0   319.8517768047948
732.0   323.27218247481824
733.0   319.04253745435443
734.0   325.39654131359583
735.0   317.452331402257
736.0   314.3789172032025
737.0   317.53566095979
738.0   317.0834427019749
739.0   317.79976736964244
740.0   322.108246390979
741.0   318.2966226148449
742.0   320.42941388151047
743.0   319.1684295504237
744.0   321.55711110588436
745.0   317.2613160010616
746.0   318.73551514339124
747.0   322.5670632138612
748.0   318.8108439958591
749.0   321.9970448499187
750.0   325.5089330789433
751.0   320.85006681197365
752.0   323.26419404429936
753.0   332.5670610890982
754.0   335.42292273524686
755.0   339.2198020747683
756.0   345.90148013426955
757.0   344.7084841618618
758.0   353.7709623319565
759.0   361.5782373683069
760.0   365.64138429364016
761.0   368.51089288358094
762.0   385.08298101859015
763.0   391.46063423811825
764.0   391.42864738760045
765.0   397.78611271321483
766.0   405.1211815970667
767.0   403.4984279471028
768.0   417.10382054000576
769.0   411.3519548999993
770.0   416.6348858162821
771.0   414.83832408668513
772.0   423.54001678730145
773.0   414.1763753873115
774.0   416.7902039899689
775.0   411.8595885749466
776.0   406.2971308662079
777.0   415.3136505736215
778.0   408.70970883204456
779.0   400.39387074729285
780.0   403.26803094732423
781.0   397.99067497603966
782.0   391.95881060049254
783.0   391.9710887905189
784.0   385.72141902717107
785.0   382.1482974960352
786.0   376.7153769892365
787.0   372.2690073553021
788.0   367.47821881089027
789.0   370.9266970654998
790.0   363.96461870663455
791.0   351.2500637735757
792.0   351.69745107418777
793.0   348.5353014176396
794.0   340.8624100782263
795.0   332.22432838501345
796.0   335.7683531767074
797.0   333.67456154585693
798.0   322.71604716359735
799.0   316.4649191992435
800.0   317.316313721778
