500.0   207.3652989300942
501.0   211.02157561664487
502.0   211.29643047745324
503.0   207.55986163201234
504.0   207.957889980868
505.0   207.69672545772946
506.0   207.0917713504342
507.0   204.6940379783481
508.0   207.34633485098752
509.0   206.55237372490387
510.0   204.27380535338534
511.0   203.9397770616666
512.0   206.40966039025975
513.0   208.20283544635882
514.0   204.7444672898122
515.0   207.12155009719547
516.0   207.83984356248155
517.0   206.6596575995045
518.0   203.2967680364849
519.0   205.0282653416733
520.0   206.66254321675513
521.0   206.62481355271208
522.0   207.4578867468632
523.0   209.6497536851747
524.0   206.27227386385826
525.0   208.15645021412055
526.0   208.8338912165947
527.0   204.34950253541714
528.0   209.74556062981415
529.0   210.32509815262628
530.0   209.7253724606256
531.0   212.7984987293029
532.0   215.01395847666467
533.0   210.35575085479095
534.0   214.5819862823943
535.0   216.9060803095938
536.0   215.04318489731568
537.0   219.52439912718185
538.0   218.3443094295632
539.0   217.31070366026742
540.0   215.4888750744325
541.0   213.9982993203796
542.0   218.99096421669523
543.0   216.325816234636
544.0   222.37584965710798
545.0   217.65290892272932
546.0   220.50241178216092
547.0   218.61486782839756
548.0   217.06896062788232
549.0   217.5610240911732
550.0   215.34318550739067
551.0   213.73018418107222
552.0   214.5188468487075
553.0   214.2720125003178
554.0   212.58553187490304
555.0   212.30618607506622
556.0   212.23868652552497
557.0   211.64705251709134
558.0   211.7709572404358
559.0   212.74945578866837
560.0   213.80003354161133
561.0   214.73749498214997
562.0   210.0623556951597
563.0   210.0058754015041
564.0   213.54407830163825
565.0   215.45840000986152
566.0   215.81694778273393
567.0   213.99170683775523
568.0   212.33414023249625
569.0   218.9938489246301
570.0   218.17207565477193
571.0   215.6815836485233
572.0   215.70100784320547
573.0   217.0849131553865
574.0   223.17211692727665
575.0   218.72728476238117
576.0   223.66736791394896
577.0   221.1964986578581
578.0   224.40153538067386
579.0   221.36532469702772
580.0   225.76793131011402
581.0   225.76538673062078
582.0   223.67220354677843
583.0   226.51300046129572
584.0   229.32607279962738
585.0   227.85045287085032
586.0   231.0386275497452
587.0   229.98620994555858
588.0   230.2157602674688
589.0   230.57543097328642
590.0   226.9023564277933
591.0   229.81562109790158
592.0   227.06162870732484
593.0   230.72284851367522
594.0   227.8302469801613
595.0   227.88715441391705
596.0   225.85398537290192
597.0   225.4212357453507
598.0   228.32670664321606
599.0   227.74639882689476
600.0   227.0839975859453
601.0   226.23813556045786
602.0   223.01770601367107
603.0   223.27020677478694
604.0   222.79418918108271
605.0   223.9894440713274
606.0   228.3720809741592
607.0   224.8139610644588
608.0   223.84975660296448
609.0   222.22596090725426
610.0   221.13054863543925
611.0   221.60912167174146
612.0   223.45958501400733
613.0   224.95182086730358
614.0   225.58314195086936
615.0   224.11613070025055
616.0   224.07432664479725
617.0   222.58915350013444
618.0   226.88514130161977
619.0   229.0847671544693
620.0   225.2667164100094
621.0   227.50675612859516
622.0   229.67411940395664
623.0   229.0955954988141
624.0   231.87771651030485
625.0   231.95104271349905
626.0   231.2808065680525
627.0   233.69475487745046
628.0   237.00492762734584
629.0   238.1763905505686
630.0   239.06077465826652
631.0   238.83474126769048
632.0   241.64391933985155
633.0   242.85562106389546
634.0   240.99429744080453
635.0   249.54236217576639
636.0   248.5306536740986
637.0   249.76634777958637
638.0   249.11667848130728
639.0   249.10594318047478
640.0   246.6458252197544
641.0   246.74927156876427
642.0   249.6404719395757
643.0   249.656019885066
644.0   245.7273832070247
645.0   248.97933032604212
646.0   251.41508211163617
647.0   250.28994109267055
648.0   247.24856841067322
649.0   247.86028285633128
650.0   245.06361395126558
651.0   250.09765525384242
652.0   244.1015671298253
653.0   248.62218336327896
654.0   247.052245408889
655.0   248.59035926701085
656.0   247.54249902605056
657.0   245.03766147430474
658.0   245.18590333243503
659.0   244.28358959894982
660.0   246.80842530373707
661.0   245.36802290548985
662.0   244.12045778241034
663.0   245.8650924929258
664.0   249.06656875458052
665.0   249.79477959949642
666.0   246.09701092121358
667.0   247.32775452750207
668.0   246.2336660506226
669.0   244.83868505535716
670.0   249.97133390778473
671.0   253.33584860825678
672.0   254.0665452002847
673.0   253.933388581475
674.0   253.38692190207826
675.0   253.21953488339975
676.0   253.45882903850836
677.0   260.3738197901356
678.0   261.548836078848
679.0   260.63863694809964
680.0   264.53497328496417
681.0   265.5865263572245
682.0   264.2237437279138
683.0   266.7592616860403
684.0   270.3280427169772
685.0   271.32212275129694
686.0   277.1598247854682
687.0   280.66130580293344
688.0   276.7628923905847
689.0   279.3868761320853
690.0   280.776823910107
691.0   283.1962580775351
692.0   286.16911929471513
693.0   293.3515721122755
694.0   287.00677373072216
695.0   288.7104414837095
696.0   290.2865894439169
697.0   290.26802766353234
698.0   291.16916575707586
699.0   292.3548849960468
700.0   292.3577527193195
701.0   292.2530868082228
702.0   293.07870222889534
703.0   292.0137388048729
704.0   292.85922067552457
705.0   293.39227395885916
706.0   293.0514176572389
707.0   292.45925921841774
708.0   293.40616002015645
709.0   285.7414529423086
710.0   286.83679094854324
711.0   288.97309632888874
712.0   286.6690244762581
713.0   288.1293668364974
714.0   287.57959820808577
715.0   286.01128573369704
716.0   279.74322388899526
717.0   286.6122448193553
718.0   283.42513334568133
719.0   286.16628061563955
720.0   281.67899389780393
721.0   281.31303134243154
722.0   283.0799263904496
723.0   285.5995877611101
724.0   282.24689452385593
725.0   276.964837858614
726.0   276.056191441068
727.0   276.3375717931294
728.0   279.0911439597284
729.0   277.74485781102766
730.0   275.9485766187968
731.0   275.838224787221
732.0   280.4182940581887
733.0   279.4136158383473
734.0   280.0262267184524
735.0   278.695321560169
736.0   274.76836487354
737.0   275.90702393471446
738.0   274.99631894978387
739.0   273.49326922599636
740.0   280.9686414647015
741.0   280.9555380904
742.0   279.125652942864
743.0   278.36937027756727
744.0   282.10159248774085
745.0   277.9660822702962
746.0   278.00169533849777
747.0   277.01404477630376
748.0   279.94136587531733
749.0   279.892004960757
750.0   278.5622315010234
751.0   279.02994656954183
752.0   280.3698726784209
753.0   285.0183134361394
754.0   285.72048722433146
755.0   287.6701256246457
756.0   288.79053932292885
757.0   293.7780125785877
758.0   303.5854663616989
759.0   298.0487466354384
760.0   308.3106236636427
761.0   313.53721464039285
762.0   316.98164705899916
763.0   316.87120352406396
764.0   320.48162383076965
765.0   329.33957917502363
766.0   330.32958107814017
767.0   331.5805402959043
768.0   340.0790858948496
769.0   334.42430294727126
770.0   342.08916872216906
771.0   339.4792993327064
772.0   342.18694417634225
773.0   335.8813764467986
774.0   339.6027242478427
775.0   337.0341935143098
776.0   338.2366275366425
777.0   335.96236823803474
778.0   334.805421041499
779.0   330.91361420852513
780.0   327.2947148514954
781.0   320.25917897849257
782.0   321.0798837809727
783.0   320.85023278320176
784.0   315.72187819762024
785.0   310.3088981543172
786.0   313.0542977958064
787.0   306.6487619399627
788.0   300.4352737845748
789.0   303.5146156272331
790.0   298.3777659521094
791.0   297.12037186270567
792.0   293.63401724003046
793.0   292.320381746644
794.0   287.20584168581064
795.0   281.973357806289
796.0   284.62096495680674
797.0   283.1283678285084
798.0   279.30244950943967
799.0   273.36659681109546
800.0   269.5078957128589
