500.0   200.76268597953162
501.0   204.27559379561515
502.0   203.6432760022311
503.0   201.4714574407393
504.0   203.38151973963372
505.0   199.66086729153676
506.0   202.10942894423678
507.0   200.49819042256468
508.0   198.6109117380826
509.0   199.17440733815775
510.0   200.48467602020233
511.0   199.7991761360355
512.0   203.44535305553063
513.0   198.948236032886
514.0   196.15552818669687
515.0   199.3557950720392
516.0   200.18274862492942
517.0   200.24489057414948
518.0   196.8071396043421
519.0   199.30242691498952
520.0   198.0948418493921
521.0   200.31699018768686
522.0   202.78011405066738
523.0   200.48518317585481
524.0   201.07748997017924
525.0   198.79281275046995
526.0   197.0823840996209
527.0   199.6813900460313
528.0   203.4490980878785
529.0   201.44657493824715
530.0   203.57461159409274
531.0   203.07844352771738
532.0   203.29888225541956
533.0   204.2467880225934
534.0   204.73492897470317
535.0   202.7612161776916
536.0   204.94961849714426
537.0   204.56844562052757
538.0   204.1314728133178
539.0   207.55520639870517
540.0   207.5315813603329
541.0   205.46515341419138
542.0   205.01993568838498
543.0   205.9500576075358
544.0   208.76977752247686
545.0   208.97039059093683
546.0   207.96734416292688
547.0   206.95234178295308
548.0   203.49429220835793
549.0   206.07498968376524
550.0   205.32267208998292
551.0   204.14224988986322
552.0   205.4911682218442
553.0   203.43803362152414
554.0   206.9605660786466
555.0   203.86405534182552
556.0   206.34771784041683
557.0   204.19029561239242
558.0   202.07474375868227
559.0   204.32612164820873
560.0   205.58856894839928
561.0   202.47166914701396
562.0   202.23960870607212
563.0   205.35596884153492
564.0   205.8239125591083
565.0   203.51541671719545
566.0   201.85296490179564
567.0   205.04190687321832
568.0   202.6678233724418
569.0   204.65685492328123
570.0   206.45169320800719
571.0   204.60240495345627
572.0   204.7294045682278
573.0   206.76117661592548
574.0   206.73054893021003
575.0   205.90921869043743
576.0   204.95956523877953
577.0   211.22096386806916
578.0   205.39656923158057
579.0   210.53188549272838
580.0   214.08057399527078
581.0   210.72720380003355
582.0   215.8698446223299
583.0   211.13391263318286
584.0   210.11449137101604
585.0   214.87470446866405
586.0   210.3909369167034
587.0   208.89442388987678
588.0   214.1249890421559
589.0   217.10865144701322
590.0   212.69476778945622
591.0   215.36701488832648
592.0   214.09123717803308
593.0   210.486783134197
594.0   210.6050687317257
595.0   212.24184394957157
596.0   213.21379666134166
597.0   214.59251991358678
598.0   210.86397116649394
599.0   210.92558350050012
600.0   213.31116865003824
601.0   210.76569629869277
602.0   208.85625135705217
603.0   210.3497899609116
604.0   211.0258071111838
605.0   208.9737127583048
606.0   211.3845805585213
607.0   209.5025983263292
608.0   211.79302065017225
609.0   208.25432186427005
610.0   210.4758873453193
611.0   207.8137938293997
612.0   212.40613296235713
613.0   209.0414052053985
614.0   209.44061933543026
615.0   210.11078161715375
616.0   209.68114470521883
617.0   206.57613583543147
618.0   208.5202472780339
619.0   211.08091786917103
620.0   208.73102063141354
621.0   213.03212601940652
622.0   213.83276165863023
623.0   213.0620425994075
624.0   215.34233071729662
625.0   215.0110000128394
626.0   217.84422593542214
627.0   218.222171798318
628.0   221.46579683880623
629.0   219.92523691375956
630.0   219.98048159695892
631.0   224.14948003805674
632.0   220.77410212830674
633.0   222.15824334056916
634.0   224.68343836661617
635.0   222.2738214470048
636.0   223.3858507349096
637.0   223.69571189336338
638.0   223.17354546899264
639.0   220.88044219278865
640.0   224.0733360562091
641.0   224.73857068633848
642.0   222.74019717574558
643.0   222.43192163444328
644.0   226.55142080560745
645.0   223.87745664416218
646.0   226.62293375442854
647.0   225.33566055547456
648.0   222.3298724957665
649.0   224.65491122561116
650.0   223.3230910791245
651.0   224.9481849487472
652.0   224.90630725201035
653.0   224.04911296785858
654.0   223.59012333033732
655.0   220.33080649093571
656.0   224.2624536723282
657.0   222.93427648085208
658.0   221.51118508077613
659.0   221.8384113874354
660.0   222.29578754389732
661.0   221.96262503702974
662.0   226.33605142768224
663.0   223.34162833216877
664.0   225.83347099940852
665.0   223.02307464880414
666.0   225.03009051418482
667.0   223.2288826766654
668.0   223.0887134633721
669.0   226.04730021002015
670.0   224.8111757209342
671.0   224.87084703509075
672.0   228.76042266618822
673.0   228.9457597233288
674.0   230.4643435169152
675.0   232.93412655846365
676.0   229.13940907379813
677.0   229.09079411211815
678.0   228.2248236246027
679.0   233.60975072556516
680.0   232.37056767152316
681.0   233.67307638161694
682.0   233.9467223358496
683.0   233.71878976731148
684.0   236.3342745466649
685.0   238.15631619164165
686.0   240.11923584314627
687.0   242.08620974459834
688.0   241.181174031641
689.0   245.15461713972135
690.0   244.42158057276902
691.0   245.57882439981267
692.0   246.53635600246275
693.0   246.06886082081056
694.0   249.0394194340649
695.0   248.67520684844308
696.0   252.3796357615765
697.0   248.71835397420898
698.0   253.98008120718723
699.0   253.97742556873132
700.0   252.8047639553175
701.0   249.18171388376197
702.0   256.8840725410805
703.0   247.99514177694152
704.0   252.27918994067167
705.0   249.65124804744912
706.0   248.88646913248363
707.0   247.00563848844695
708.0   251.35402496313066
709.0   248.43984976534395
710.0   250.2781386122313
711.0   250.0864706677423
712.0   247.98061913638048
713.0   246.90709275184008
714.0   247.07107177376358
715.0   246.417755755169
716.0   246.3872591420246
717.0   249.82621077163626
718.0   243.40391483039934
719.0   246.02991394553058
720.0   244.97785131652904
721.0   244.40065079433978
722.0   243.8822325550566
723.0   244.0377029773003
724.0   244.37711825438325
725.0   240.1284520484268
726.0   246.26892767745872
727.0   241.34253476537592
728.0   243.18807955019625
729.0   241.17816378657753
730.0   240.17301120477816
731.0   240.46053374916846
732.0   244.79946007761694
733.0   245.20545177605572
734.0   244.71690766799676
735.0   242.11256873947607
736.0   240.24644082546163
737.0   242.1770394253781
738.0   241.65039523640397
739.0   247.44032713991703
740.0   243.3800692791932
741.0   242.7276263859106
742.0   242.44399753829302
743.0   240.25100815568774
744.0   242.73492470745808
745.0   242.17822542376769
746.0   248.82439307198362
747.0   246.8252099456012
748.0   245.2269588636029
749.0   246.5345481980371
750.0   244.46203227489164
751.0   244.53244296423892
752.0   245.1919121380923
753.0   247.28233278406137
754.0   245.51115267279985
755.0   249.9558211064123
756.0   253.20808681282628
757.0   250.70654240044163
758.0   256.0370918400619
759.0   254.13091659249685
760.0   256.74247770182325
761.0   258.3033263808714
762.0   265.54589482831057
763.0   268.67623704681205
764.0   266.540481329471
765.0   272.6743828706798
766.0   275.50836654560385
767.0   271.24381368848157
768.0   273.152508307643
769.0   271.7743674976609
770.0   275.5215574343155
771.0   275.157610092353
772.0   275.3910724606094
773.0   270.77267352187937
774.0   274.41838750875195
775.0   272.50191517941556
776.0   274.67004703284357
777.0   274.57556661171947
778.0   275.5873665852051
779.0   271.5608914139819
780.0   266.94225943779185
781.0   266.3414926291401
782.0   266.05546000730675
783.0   263.3549773360888
784.0   263.031700049361
785.0   259.79693501943376
786.0   254.117309278004
787.0   257.0876922090575
788.0   252.57747944009216
789.0   251.90456916928235
790.0   252.26344176678006
791.0   247.67155599269063
792.0   247.55728909217
793.0   248.60219619710975
794.0   245.36367691648533
795.0   241.33962083338463
796.0   240.23454158164392
797.0   243.41815137509798
798.0   237.93388114443474
799.0   235.60971236382463
800.0   237.55391557702328
