500.0   200.1016208420491
501.0   200.628393240881
502.0   200.32806692273448
503.0   201.92991953009724
504.0   202.8082133175519
505.0   200.220041752023
506.0   197.53110151714532
507.0   196.6878041466966
508.0   198.23725598817495
509.0   200.306766062865
510.0   198.34693184470788
511.0   197.26019178723482
512.0   197.49760924513407
513.0   197.47723912355272
514.0   197.61605492492038
515.0   196.55485219021224
516.0   199.11112849339057
517.0   195.91559394299657
518.0   196.6452225983793
519.0   198.40833997994866
520.0   195.9550474592178
521.0   197.27790579997387
522.0   197.66601554896684
523.0   197.56215663221602
524.0   198.43946086785562
525.0   193.69554675154436
526.0   196.8427615850544
527.0   197.33508487249867
528.0   198.40238105070998
529.0   199.19538601964166
530.0   200.36998243565645
531.0   198.1307859100523
532.0   200.7733461072439
533.0   199.25863680663022
534.0   199.2763630413145
535.0   200.0181611182147
536.0   201.60802572638235
537.0   200.33431551135664
538.0   203.1314431379282
539.0   200.9834468332687
540.0   203.21901240019713
541.0   200.9209097870116
542.0   203.97733465892318
543.0   200.8395462381387
544.0   202.0599180863339
545.0   201.3499738242533
546.0   200.3102457146149
547.0   199.60119393292516
548.0   198.03065214220712
549.0   199.39608337562126
550.0   200.68633489485003
551.0   200.51532315663033
552.0   199.097319400919
553.0   198.41623923154873
554.0   199.8046089371792
555.0   199.75961841807748
556.0   199.83268921005325
557.0   198.99624786126523
558.0   193.71399249134845
559.0   198.33425394569417
560.0   198.6184303736501
561.0   199.16693371155756
562.0   201.03706965504526
563.0   199.0574069164949
564.0   200.88164408312596
565.0   199.12745388014847
566.0   199.57400932415166
567.0   199.90812514549225
568.0   199.99725980320218
569.0   199.68820042709163
570.0   202.0855247267713
571.0   199.64775922857356
572.0   199.56613682919138
573.0   200.67431546502678
574.0   199.11468183053617
575.0   201.1935314542684
576.0   200.00387662669223
577.0   201.38569425782876
578.0   199.31699209664546
579.0   203.44866156610928
580.0   204.83808794296218
581.0   202.1986161794629
582.0   199.66214332398454
583.0   201.8421285730823
584.0   205.36033710615254
585.0   206.43253021209014
586.0   205.44235007645125
587.0   203.0853441530996
588.0   205.88948900469993
589.0   202.9204908770947
590.0   207.0522192634355
591.0   202.9970484845851
592.0   204.7239050573332
593.0   205.64230447062025
594.0   204.0392332480808
595.0   205.25089998452304
596.0   205.49665157362676
597.0   203.92736547203185
598.0   205.0097507534605
599.0   201.3555293539575
600.0   200.5607909770546
601.0   204.34158261360207
602.0   203.6889249634767
603.0   201.0282305215293
604.0   208.44162633932487
605.0   201.99523974128587
606.0   202.25210760288755
607.0   201.6153593389033
608.0   202.63908672198593
609.0   200.42860186426415
610.0   203.5753368019065
611.0   201.10550690643814
612.0   202.6521414742442
613.0   203.05618321889696
614.0   202.4089607110877
615.0   201.44221027467427
616.0   203.97101832529668
617.0   205.21673040620317
618.0   201.79600774248578
619.0   200.1145691818298
620.0   202.54114757056763
621.0   205.32726665790338
622.0   206.74615698788955
623.0   204.73679495281297
624.0   207.05976598540497
625.0   204.35038108335684
626.0   203.36666007037275
627.0   207.7384928901937
628.0   206.50051669738718
629.0   209.05805862637592
630.0   205.31211034409057
631.0   211.27714140478636
632.0   207.484123960278
633.0   210.26910071613312
634.0   212.15181425456214
635.0   210.41390789394396
636.0   212.63619998308036
637.0   210.2335728555548
638.0   211.422522208817
639.0   209.73977064335983
640.0   213.01800163045877
641.0   213.2732824564129
642.0   211.38325830326448
643.0   212.5920434882577
644.0   210.07487965452842
645.0   209.68488627042007
646.0   210.5973692494318
647.0   210.28696602444742
648.0   210.75696777868643
649.0   210.00520765422993
650.0   212.99282481843775
651.0   207.24383627883523
652.0   209.08016669055573
653.0   206.9635600177776
654.0   208.66838711208516
655.0   210.12356230681095
656.0   210.5814236247371
657.0   208.018204790959
658.0   211.63435785856848
659.0   209.9860601404705
660.0   210.40234682116588
661.0   209.30116759185293
662.0   206.47069159010087
663.0   208.6373635277234
664.0   209.09838258334898
665.0   208.60673250035097
666.0   210.3638820772015
667.0   210.87778221210624
668.0   211.12811629131963
669.0   213.14955806574085
670.0   211.03384373925394
671.0   213.74448513326809
672.0   213.940279983811
673.0   213.3557916466133
674.0   213.77648208632908
675.0   217.63704817827283
676.0   217.3088384753773
677.0   213.3063930334673
678.0   216.29728144822022
679.0   211.77231374445537
680.0   216.06826901437634
681.0   215.66008073732928
682.0   215.95701863054123
683.0   217.31806341389947
684.0   218.99604953201856
685.0   219.17015088041026
686.0   219.74765774157262
687.0   217.21740314098227
688.0   221.65572161452437
689.0   220.83967318136885
690.0   221.8931516420803
691.0   219.89494458257823
692.0   221.05799852317196
693.0   223.80745865055033
694.0   222.2145292825397
695.0   227.43164925215058
696.0   221.26868316330933
697.0   226.3576689058688
698.0   230.6385372494648
699.0   229.37988918800662
700.0   226.98126350282578
701.0   227.069160451284
702.0   225.3307003938827
703.0   225.6498492369748
704.0   224.2882654490489
705.0   227.84171147546303
706.0   225.31236662228932
707.0   229.50630856148442
708.0   227.78758698745125
709.0   226.2308694702302
710.0   225.69276343428336
711.0   223.64084293834117
712.0   221.940698888205
713.0   223.74422382416273
714.0   223.2792635788487
715.0   227.83819672954692
716.0   223.04110177810875
717.0   222.47128411961356
718.0   216.44123518128495
719.0   220.83188594083128
720.0   221.94681360289508
721.0   224.14898559285112
722.0   221.5534724921331
723.0   221.99572755933218
724.0   220.78332336766832
725.0   220.96664548281578
726.0   222.5394010432877
727.0   219.33029225906512
728.0   221.89085479983672
729.0   218.4127397251913
730.0   218.3351732878443
731.0   221.4619360682519
732.0   225.4086720243379
733.0   222.69352067385896
734.0   224.04529493391297
735.0   223.86321874439759
736.0   219.65190096041897
737.0   219.65358214765237
738.0   221.556373935275
739.0   221.58845242531652
740.0   225.3121715528467
741.0   221.3064229784413
742.0   223.12779587240922
743.0   219.89058085223607
744.0   220.27179899422887
745.0   218.55947237839953
746.0   224.36163887323065
747.0   223.05481668325083
748.0   225.3591169679984
749.0   221.1521917194109
750.0   223.26819688536463
751.0   223.71577226153644
752.0   221.66909176969014
753.0   225.18900369796688
754.0   224.67205680364168
755.0   223.56745472889725
756.0   226.3166127906093
757.0   225.4253366943923
758.0   228.65729133417742
759.0   227.62698927447482
760.0   227.3225827660416
761.0   232.85522583840302
762.0   232.03320332877615
763.0   236.58713605755818
764.0   232.40289958525364
765.0   239.04475216801427
766.0   235.53370776961927
767.0   236.3511596632392
768.0   238.83188826896773
769.0   238.58232468546453
770.0   238.13608681739584
771.0   244.05330384883118
772.0   240.71652975609996
773.0   236.05941775806275
774.0   234.5972100347013
775.0   234.1321654248733
776.0   238.75317893212832
777.0   235.25424986326675
778.0   235.4967415624911
779.0   233.51384074960848
780.0   234.14108701516852
781.0   233.283865560112
782.0   235.7873660228149
783.0   235.1681830490933
784.0   230.60111558320114
785.0   226.03626729586574
786.0   228.11461497552406
787.0   224.49139485011892
788.0   226.48734544642966
789.0   224.72174027225878
790.0   224.16797584120124
791.0   224.0000562990964
792.0   223.87418943481157
793.0   219.57478276268566
794.0   219.5983015244337
795.0   218.4348718187858
796.0   216.18171022940362
797.0   221.49240917496272
798.0   216.56168675198205
799.0   214.33461528278772
800.0   218.38610491839765
