500.0   202.20375579395326
501.0   198.92244950543386
502.0   203.21373340795085
503.0   200.41337932028367
504.0   200.12093866103285
505.0   205.01311150739366
506.0   200.16575360761587
507.0   199.6433697810908
508.0   198.5380529236811
509.0   197.27751412100793
510.0   198.93565303228434
511.0   198.17441166075594
512.0   197.08784060384127
513.0   196.54942330314998
514.0   193.47631563467473
515.0   197.65311908349307
516.0   198.8021433312639
517.0   195.5360870676229
518.0   196.19140208804768
519.0   200.38456167330583
520.0   196.77105682927416
521.0   195.82407122420423
522.0   195.56858212162783
523.0   198.44223000580337
524.0   194.89754569373875
525.0   197.4229091306216
526.0   196.94218513112682
527.0   201.3262524570855
528.0   200.84400847392325
529.0   197.44445491440288
530.0   199.09172487401884
531.0   198.82245023545124
532.0   201.50145174836038
533.0   198.16169332483597
534.0   199.90955504399076
535.0   204.31281110087352
536.0   197.65057878968847
537.0   196.60340052452298
538.0   199.30333803175998
539.0   200.59264890359034
540.0   203.2209755030144
541.0   200.535182886376
542.0   200.29328707419697
543.0   202.24146608028676
544.0   200.12953329781558
545.0   198.75474403221486
546.0   202.58652737222977
547.0   198.98735023149558
548.0   198.59314326767105
549.0   199.33584966224194
550.0   199.3397127600341
551.0   196.63601535929138
552.0   194.63421351517368
553.0   195.9089013332375
554.0   197.61920635972228
555.0   200.14795561115582
556.0   200.9315029875163
557.0   198.56861249855194
558.0   196.651627342643
559.0   193.2975745492952
560.0   197.82851154940872
561.0   195.78292145690196
562.0   193.36960307627479
563.0   194.92407990910678
564.0   196.61761980124064
565.0   198.8327468845025
566.0   198.99447657264716
567.0   198.7433671149719
568.0   199.33370872843136
569.0   201.36176336553066
570.0   195.09529013819358
571.0   199.83281844505552
572.0   196.29044653123108
573.0   197.5439012095503
574.0   196.450164575512
575.0   199.80375811914234
576.0   199.17426491223083
577.0   198.78814871025494
578.0   200.31134135421507
579.0   200.0796651499691
580.0   198.3685971663307
581.0   198.63824808350606
582.0   198.7280386191537
583.0   198.4858298926225
584.0   200.72314520595702
585.0   199.13937347107603
586.0   200.66972115654843
587.0   197.82084595167308
588.0   201.44646273055636
589.0   200.5675359144807
590.0   201.00124938326772
591.0   201.72907324370365
592.0   199.8738194150486
593.0   199.30610490268643
594.0   200.46624563298937
595.0   203.4197937945087
596.0   200.02803232275673
597.0   201.50867815073946
598.0   198.16663445821555
599.0   201.40030441012996
600.0   199.45544106754906
601.0   199.8351672049828
602.0   199.16436614858767
603.0   199.97265719964582
604.0   197.23441263826794
605.0   197.03799307616808
606.0   200.4511155468332
607.0   195.75586280493323
608.0   197.23796852471614
609.0   199.81386726811206
610.0   197.95134330064414
611.0   198.9702105319211
612.0   198.29896326161654
613.0   199.45902087017257
614.0   197.52776025749756
615.0   199.82347901426292
616.0   196.2316030430458
617.0   199.10506812394945
618.0   200.48396332349068
619.0   200.3515308854852
620.0   201.71060268927832
621.0   200.96153704790038
622.0   200.74030843680532
623.0   199.4052390314079
624.0   203.2545146153129
625.0   200.00091604347355
626.0   201.73186799040693
627.0   198.42077896795203
628.0   199.4489472176507
629.0   203.18127648058078
630.0   200.68979990826233
631.0   203.98873698724867
632.0   203.55445178923267
633.0   202.7828604829128
634.0   202.12226603530323
635.0   201.848506989998
636.0   203.80848060457728
637.0   203.4554975608916
638.0   203.67923311240352
639.0   204.23108425672817
640.0   204.85614492708933
641.0   205.6559949440697
642.0   205.04058936845982
643.0   205.31417008544994
644.0   204.0441024614
645.0   201.35000107536084
646.0   205.87120022095334
647.0   201.97531495724195
648.0   203.4929374931704
649.0   205.20869603850466
650.0   204.6610087513574
651.0   203.4392803035471
652.0   203.99744547186035
653.0   201.0654354725485
654.0   204.68611564223056
655.0   202.95091366801523
656.0   206.2584835548827
657.0   203.42764915391913
658.0   202.53224624570555
659.0   201.09663790808233
660.0   200.58799709290608
661.0   204.04357608579252
662.0   200.71956366424692
663.0   200.63645736881827
664.0   202.29962438207212
665.0   200.90188619633435
666.0   203.56018101810142
667.0   202.86238764183486
668.0   201.8663010846553
669.0   200.08712226012412
670.0   202.954212325082
671.0   203.1296780503092
672.0   204.81153143696608
673.0   205.89723172222853
674.0   201.73005327308508
675.0   204.90583561457834
676.0   203.50171012677097
677.0   203.7180122408804
678.0   204.20556536827223
679.0   209.23930880005992
680.0   205.5888369449134
681.0   206.89767164611055
682.0   207.163271783768
683.0   209.47395381057854
684.0   208.3284704525828
685.0   207.98259331818133
686.0   210.71600788326182
687.0   214.07478992377287
688.0   207.4932237455048
689.0   210.70645168768408
690.0   211.28622433581413
691.0   209.10817586260316
692.0   212.50714677167738
693.0   212.70046825588744
694.0   211.76333974131194
695.0   212.3995307814971
696.0   213.39604813206452
697.0   211.76332966047667
698.0   212.42899762431512
699.0   210.0249541644566
700.0   209.44098675150747
701.0   216.34794418118645
702.0   212.53122820917636
703.0   209.99259065579903
704.0   211.1382636583498
705.0   211.85006218350077
706.0   212.49860767871334
707.0   211.40689531754518
708.0   210.9376222713947
709.0   211.78403535837685
710.0   211.7935308170587
711.0   211.90906451196167
712.0   211.51703842607063
713.0   210.1786612379865
714.0   208.88645402749216
715.0   209.46549726019214
716.0   209.68625758547697
717.0   211.0132693358296
718.0   207.9630125606724
719.0   208.40279294709862
720.0   208.64894223901408
721.0   208.26474075832797
722.0   210.45077195340295
723.0   208.48012127596442
724.0   210.45376635382627
725.0   205.54842857915267
726.0   212.38117704163702
727.0   209.9972680463236
728.0   206.46696599681857
729.0   208.08040027942252
730.0   209.38219413577318
731.0   210.04239947320855
732.0   208.99857939325184
733.0   210.26072891830702
734.0   210.38303227737242
735.0   205.32112332436031
736.0   212.6665153629704
737.0   206.3561191252436
738.0   209.28441029196298
739.0   206.87434516935085
740.0   209.0722132818033
741.0   210.00038837890392
742.0   208.62226057172407
743.0   205.92023530621427
744.0   206.31180892287807
745.0   208.78051591301366
746.0   208.16061915154114
747.0   206.5334824933092
748.0   209.41684471155608
749.0   208.82549137065882
750.0   208.48136736735418
751.0   208.80742559466603
752.0   209.7658680769166
753.0   209.2768403012665
754.0   207.99504734219963
755.0   210.3899630946653
756.0   210.56102683741722
757.0   211.67962850538765
758.0   209.35529839140642
759.0   213.73334674438183
760.0   213.01823655921464
761.0   210.2955481214759
762.0   211.57983504029679
763.0   215.30382055430562
764.0   214.53422259814988
765.0   213.96475881946267
766.0   213.09353794517588
767.0   215.4600309067066
768.0   213.22948915311557
769.0   214.28425900388075
770.0   217.79604056865676
771.0   215.39022196178
772.0   216.44577705648126
773.0   215.97668592806994
774.0   214.6538543824203
775.0   214.2467039059607
776.0   213.65553328412497
777.0   215.39716372721944
778.0   210.08509443970672
779.0   213.06485226985873
780.0   212.75110662370662
781.0   212.43063942511995
782.0   210.28584431506613
783.0   211.66118677409335
784.0   211.38938022599496
785.0   209.37962069760997
786.0   210.06777895079347
787.0   210.2772584231204
788.0   208.6762856813392
789.0   207.74928911624934
790.0   207.45290327917985
791.0   209.26266860094324
792.0   207.76175678130946
793.0   210.13425524906745
794.0   205.52127720285077
795.0   204.86118549159582
796.0   203.35066248044677
797.0   205.3385089973348
798.0   205.6966232740973
799.0   202.7326830879687
800.0   204.6046322227005
