500.0   204.03295498635495
501.0   204.71586390717684
502.0   204.02171011934436
503.0   203.92278487404124
504.0   203.93458391646706
505.0   203.42370244188587
506.0   204.5745195437341
507.0   203.40488897080914
508.0   202.67855784653523
509.0   202.42483226414114
510.0   198.7510270281327
511.0   199.85894656823265
512.0   198.69537076288748
513.0   197.90442787748165
514.0   200.67798012065205
515.0   199.08514398787204
516.0   199.09915322905582
517.0   199.48988387265499
518.0   199.60588880230782
519.0   199.10110050062823
520.0   198.7190959226438
521.0   199.71802855623187
522.0   199.86118303886255
523.0   200.21127979255922
524.0   201.9457578239154
525.0   199.81451823635348
526.0   197.65808950986994
527.0   201.6549460371166
528.0   204.25620165931784
529.0   200.6047576785687
530.0   204.27484227043956
531.0   201.6617491295248
532.0   200.30651357590844
533.0   201.70922365825768
534.0   201.9152757095272
535.0   202.69087272059537
536.0   204.02195219045674
537.0   203.221120288626
538.0   204.24280937843545
539.0   202.64862148187026
540.0   204.90977445506067
541.0   204.0431500774166
542.0   200.68615908143116
543.0   202.73303565322908
544.0   204.22621445902988
545.0   202.2700118256646
546.0   202.6815591345143
547.0   200.49595173349462
548.0   199.85701636789182
549.0   202.75090971261918
550.0   197.68514550148373
551.0   199.3027899323425
552.0   201.2967914265549
553.0   201.09418062703935
554.0   199.0072101896341
555.0   201.6534619975873
556.0   198.5840707078689
557.0   202.00507451594277
558.0   200.53032091602245
559.0   197.33845874443537
560.0   199.27417090228997
561.0   199.6790840640309
562.0   200.63204845893742
563.0   199.69452422401807
564.0   198.8620441292761
565.0   197.26008919566868
566.0   198.59161229104586
567.0   199.8386961792662
568.0   198.66947239329406
569.0   200.09281191562832
570.0   199.10205503008754
571.0   200.697657779476
572.0   200.44227805704165
573.0   201.64932297444375
574.0   197.39859558843787
575.0   197.0830920534224
576.0   201.62512026185894
577.0   200.05231586113288
578.0   198.64957387698394
579.0   200.6909711478487
580.0   200.1454199713328
581.0   199.65572780596872
582.0   201.47456240927056
583.0   202.10631703310116
584.0   201.4860027250185
585.0   204.36618025129135
586.0   204.91869810260334
587.0   200.8879298919434
588.0   200.15271095995035
589.0   202.56001693424992
590.0   200.97017770669638
591.0   200.0209745738157
592.0   199.87978369213616
593.0   202.9278379496146
594.0   201.83942374626994
595.0   201.77085356277234
596.0   200.76432955138668
597.0   200.9951174103503
598.0   199.60278154946118
599.0   199.67803358542105
600.0   196.7347432870827
601.0   198.86717820996432
602.0   198.4423208375945
603.0   200.36768942691012
604.0   197.46842124499278
605.0   200.3700734184409
606.0   199.97555684807944
607.0   198.16950336064338
608.0   200.44744152478984
609.0   197.21365030186806
610.0   199.63218731715833
611.0   195.79028440123662
612.0   199.92127050247942
613.0   200.0155615640848
614.0   196.82424138113103
615.0   199.8588430692586
616.0   197.85443241130793
617.0   199.27678082806813
618.0   197.53156407573474
619.0   197.0141678483358
620.0   197.96347868740312
621.0   197.10195902840806
622.0   201.0294071896607
623.0   200.89794387043756
624.0   199.97476264524485
625.0   200.64149824255261
626.0   202.67249294968073
627.0   199.64253706774844
628.0   197.89330108525067
629.0   201.79129216358717
630.0   203.30074871315514
631.0   200.53514286294015
632.0   203.11422796212904
633.0   201.50834600929647
634.0   202.0115265534624
635.0   202.6954393515398
636.0   200.123734178481
637.0   205.05319155860832
638.0   201.58265439874367
639.0   202.22476694089792
640.0   204.95413126617265
641.0   200.71047691690646
642.0   203.45605729975546
643.0   202.80362441813529
644.0   201.23203235406973
645.0   202.47541776663715
646.0   203.05301467315516
647.0   206.7925274559793
648.0   202.2301145355532
649.0   199.66493002418892
650.0   202.54002451790674
651.0   199.35511906432376
652.0   202.94715857094062
653.0   199.39066472349495
654.0   200.36628990905703
655.0   200.72564317026118
656.0   204.27724256704855
657.0   200.5669489920393
658.0   203.34478116317828
659.0   199.9345115030122
660.0   199.41186781793922
661.0   202.13944026853014
662.0   201.3327823640667
663.0   200.71377186877257
664.0   199.04166367965672
665.0   201.55560209127233
666.0   203.31464025099658
667.0   202.3661077863944
668.0   199.07790024992278
669.0   198.67901805797703
670.0   201.18230969112594
671.0   201.54919871106472
672.0   199.26948954542283
673.0   201.75861073617182
674.0   202.2261017535966
675.0   201.3705637099397
676.0   202.95312002406504
677.0   201.2741082019136
678.0   199.1994358016166
679.0   202.59692003867698
680.0   204.31840743007606
681.0   202.90682552750286
682.0   202.11809356679535
683.0   201.93136511673677
684.0   205.32658118411777
685.0   205.3137301206945
686.0   204.90933278759488
687.0   206.2341625854136
688.0   203.75894778858105
689.0   205.3470228065447
690.0   206.0873356666406
691.0   206.22420379767132
692.0   210.5470552200402
693.0   204.80340510430173
694.0   204.3424483775552
695.0   206.90592474423394
696.0   206.90112667616697
697.0   205.41476498778601
698.0   207.8785984461924
699.0   207.74979301707094
700.0   207.634998036644
701.0   205.1270373543134
702.0   208.06417142885888
703.0   205.67386456759002
704.0   205.52288505980937
705.0   201.94323162116248
706.0   209.00020722983197
707.0   206.8709794642698
708.0   206.69748421585803
709.0   206.40232210290137
710.0   203.23215921752754
711.0   205.74461613368365
712.0   203.60748823234118
713.0   205.38359650224268
714.0   203.84990813432316
715.0   204.67837101225393
716.0   203.34777881479798
717.0   205.13905409464869
718.0   206.04638922140157
719.0   201.8274602521792
720.0   203.74060523009942
721.0   206.04734148763154
722.0   204.25367897854048
723.0   204.9651942565288
724.0   205.772081943575
725.0   202.00173271264705
726.0   203.60181759674313
727.0   204.6646189651816
728.0   203.10246603066446
729.0   202.03940156611665
730.0   200.67143310750873
731.0   202.60437411108444
732.0   201.80353242753688
733.0   201.25400685155225
734.0   203.0211528152862
735.0   206.18840594706398
736.0   202.96306783838466
737.0   203.76359874524894
738.0   201.458146429594
739.0   202.9802338569682
740.0   205.1305711933375
741.0   203.79164589851788
742.0   203.27326621213237
743.0   204.59494721728163
744.0   204.44780874541718
745.0   205.52655878305498
746.0   201.00763437138335
747.0   206.1089641554106
748.0   204.22754928045853
749.0   201.81801241092697
750.0   203.93551872658387
751.0   204.98285147170645
752.0   202.55875441264925
753.0   206.07242703126886
754.0   203.12037533628336
755.0   202.17481337694088
756.0   204.30345392412494
757.0   204.86343012056489
758.0   201.26520271994318
759.0   205.25135234606026
760.0   205.015080594482
761.0   206.19869225585464
762.0   206.078842812894
763.0   207.2167697519001
764.0   208.84892747238166
765.0   205.56321417966922
766.0   209.5533266345038
767.0   205.82650528576679
768.0   210.3524779118252
769.0   203.45388610441321
770.0   205.92887192447765
771.0   206.9570796595613
772.0   207.36991843907705
773.0   206.0208031911832
774.0   207.32239156022334
775.0   204.5451598358028
776.0   208.8027239876382
777.0   205.4936046027361
778.0   204.83146708562478
779.0   204.21048182137324
780.0   204.14680092672165
781.0   201.8568210313574
782.0   207.0660654872995
783.0   206.58954184349446
784.0   205.5441244325481
785.0   204.01722825843885
786.0   205.52401404392035
787.0   203.92050926761166
788.0   203.07104345703314
789.0   200.6083156621029
790.0   202.04152726615902
791.0   200.71229229826713
792.0   204.57078264739167
793.0   200.06126452867218
794.0   202.19126695460918
795.0   202.94377016793956
796.0   202.62440034703863
797.0   199.43998144908196
798.0   200.91047157489518
799.0   199.99624758234032
800.0   197.47697154226125
