500.0   209.94744415807568
501.0   210.34709927404091
502.0   213.05393533252013
503.0   206.16187188411493
504.0   211.75351288653283
505.0   205.63008599395195
506.0   207.44136814463465
507.0   207.121013187376
508.0   208.2595871927491
509.0   204.32175355639626
510.0   208.96532541441567
511.0   205.1552618138754
512.0   204.31894473564455
513.0   206.3437848187459
514.0   204.46844027272235
515.0   203.96008810498586
516.0   203.89444151641678
517.0   203.37025414478262
518.0   202.20483339557268
519.0   204.76789763397815
520.0   203.28640564732245
521.0   201.92391167880703
522.0   203.47336289784596
523.0   205.51475654024944
524.0   204.8564663199769
525.0   205.3422212299719
526.0   201.63987350489379
527.0   203.3293975968214
528.0   207.3396127231832
529.0   205.43893581672205
530.0   203.54568777291001
531.0   202.8383238913742
532.0   205.01874051959896
533.0   206.9650243419567
534.0   205.00106884925626
535.0   203.43586290882263
536.0   207.91686847981066
537.0   210.4461011012156
538.0   210.24399095670915
539.0   208.51052469135286
540.0   208.7958855674574
541.0   208.27055099294662
542.0   208.0368220437973
543.0   210.66102928356779
544.0   210.84489652883033
545.0   207.22518301792243
546.0   206.99571672889832
547.0   208.82520365621633
548.0   205.49549188800188
549.0   206.43758007924586
550.0   203.968696383373
551.0   202.89727516769958
552.0   206.10803042919554
553.0   202.0276615518837
554.0   205.7011149473902
555.0   202.9433432229473
556.0   204.57936297374695
557.0   199.89672509361208
558.0   206.24703995826295
559.0   200.19585576190536
560.0   200.6140735058175
561.0   200.6699110886235
562.0   204.7527852252675
563.0   202.68536747913276
564.0   202.97560415696069
565.0   202.21575890056545
566.0   205.17191560290942
567.0   202.52435423747184
568.0   201.33371621466745
569.0   200.14307073227874
570.0   203.3549161576448
571.0   206.4473438051274
572.0   203.29893004906776
573.0   203.6078526196825
574.0   203.54367157806936
575.0   205.33452504094748
576.0   207.07775350978463
577.0   204.384494984032
578.0   204.99218332635985
579.0   202.8896929024655
580.0   203.25388661856186
581.0   202.20276984866152
582.0   206.62265884744485
583.0   205.5282722669576
584.0   204.81405319885368
585.0   206.50547463276578
586.0   204.86301437593752
587.0   203.7173709883923
588.0   206.67845118432115
589.0   208.20405618692496
590.0   206.02414694427225
591.0   203.88073631794055
592.0   206.26733971982523
593.0   204.59127837674865
594.0   202.9342008469097
595.0   203.1427128222158
596.0   205.47662539246514
597.0   203.66258959014715
598.0   202.482915114872
599.0   205.22085083738614
600.0   201.3485127347025
601.0   201.9732972536866
602.0   205.93246212817527
603.0   201.6609884641207
604.0   200.7706359387514
605.0   199.3216778962777
606.0   200.98842325792762
607.0   201.1229630231567
608.0   202.9523728467697
609.0   199.97816909773474
610.0   201.78895252005864
611.0   203.48959329168918
612.0   201.7559917978856
613.0   199.82704852980487
614.0   203.85762278165012
615.0   200.14049072873206
616.0   199.8706566182201
617.0   203.83253847707996
618.0   202.5845122267576
619.0   202.87739428434
620.0   200.4937083453609
621.0   198.87130528420926
622.0   204.9020639657556
623.0   200.46898232109143
624.0   203.72135186270268
625.0   201.01946842077191
626.0   204.36419051240713
627.0   200.4898377363412
628.0   203.5165004558144
629.0   204.41749386261088
630.0   204.94650948482504
631.0   203.2168361800443
632.0   206.2245598409427
633.0   206.5062400630749
634.0   205.14465494851115
635.0   204.09110685631677
636.0   207.81551851558493
637.0   205.11423437622236
638.0   207.28533380572824
639.0   206.73788621730614
640.0   206.9558979510483
641.0   205.8470776733673
642.0   206.1089682491324
643.0   206.41597444965706
644.0   206.9493966085619
645.0   203.99766785277384
646.0   204.24418019182067
647.0   204.41591817956325
648.0   206.6320549534046
649.0   204.98894726355397
650.0   203.523268514376
651.0   202.8588621606879
652.0   205.99777649459588
653.0   201.92849457974728
654.0   203.82930503172216
655.0   203.18517983406082
656.0   203.56857854534084
657.0   202.47872281615255
658.0   203.64469213610982
659.0   203.68606924258214
660.0   204.65075826708883
661.0   203.65439161783198
662.0   204.28203466529513
663.0   205.40315789393523
664.0   203.54854798091515
665.0   204.94387555310297
666.0   203.55348183757621
667.0   202.1630647686588
668.0   200.8185055297132
669.0   204.92899820289892
670.0   206.0444613164898
671.0   205.5148001463007
672.0   203.73244865128905
673.0   204.59864738423917
674.0   203.05333335672924
675.0   205.16802527995333
676.0   206.23870176819818
677.0   205.225541639591
678.0   207.97073155936297
679.0   208.40060601465174
680.0   206.92156095298847
681.0   202.46220647834494
682.0   206.14720835457547
683.0   207.0100497716061
684.0   206.66924997444713
685.0   205.62310508220835
686.0   207.7172535928621
687.0   208.00030886224906
688.0   208.84360768144234
689.0   207.93446249459967
690.0   205.3145656715974
691.0   208.25284134412186
692.0   211.01971148246454
693.0   208.75289138219736
694.0   210.34676152503735
695.0   211.2952900313824
696.0   207.8697917290624
697.0   210.45313056712925
698.0   209.53529622246484
699.0   212.53607552611587
700.0   211.7135786324743
701.0   208.78480925149339
702.0   210.46383190363596
703.0   209.34466300768995
704.0   210.5980482052578
705.0   212.09298174595224
706.0   208.87540732777668
707.0   211.51625350243526
708.0   211.7532763132514
709.0   209.46545222133838
710.0   211.5194553437426
711.0   209.6446538013606
712.0   209.47158835809986
713.0   205.96912052247566
714.0   210.39859200240974
715.0   210.0626130474607
716.0   206.9364843501909
717.0   206.52885336211378
718.0   208.88441239897017
719.0   206.09275297744412
720.0   207.43415806894401
721.0   208.13488311082662
722.0   208.90250701379878
723.0   208.7496049597248
724.0   208.73405937872928
725.0   208.70925817415855
726.0   206.6452959167256
727.0   205.67197240335375
728.0   205.59375796455424
729.0   205.30031798177717
730.0   205.55505325254637
731.0   204.10683166827334
732.0   206.14928604895667
733.0   206.56540415836886
734.0   205.38196590989799
735.0   207.583734395714
736.0   203.69389604871898
737.0   205.36846959629187
738.0   205.25080903432544
739.0   203.94763487763385
740.0   206.97004780048033
741.0   207.69860394837644
742.0   208.32340289315525
743.0   203.27783933387477
744.0   204.0848071764599
745.0   206.7373461675454
746.0   203.8596117627575
747.0   205.44801246867678
748.0   203.7285327273751
749.0   204.2424589096272
750.0   205.6282683662555
751.0   204.99584550021552
752.0   205.07489542027835
753.0   202.87671758156463
754.0   205.72261318278447
755.0   208.2987871954848
756.0   205.96084374143493
757.0   206.7194023392855
758.0   210.19211023116404
759.0   206.38060847373723
760.0   206.96276746954467
761.0   207.53414595070242
762.0   210.37209586884947
763.0   207.26969552210485
764.0   206.83727027458397
765.0   210.07635684866167
766.0   208.760085458739
767.0   210.68142343424105
768.0   208.4875098445378
769.0   209.17284601531983
770.0   209.93592663432364
771.0   209.14283875894694
772.0   211.2208932655133
773.0   210.79691177149763
774.0   210.49605704689768
775.0   207.64906680849825
776.0   206.55511357059095
777.0   209.4052435668696
778.0   212.08667317808695
779.0   207.74027912411626
780.0   206.18772097246267
781.0   207.6844832551193
782.0   210.35758646070977
783.0   206.48830424073427
784.0   205.48987083516818
785.0   203.67486818058865
786.0   209.18467862415898
787.0   204.40769494270617
788.0   203.55845466562633
789.0   202.990408093886
790.0   204.4753458755414
791.0   204.26459400786098
792.0   204.58495959520928
793.0   204.32074292117258
794.0   199.32966122954113
795.0   203.52483200083807
796.0   203.49478775202783
797.0   201.49852887470183
798.0   203.73172403668664
799.0   201.01530531941867
800.0   198.27095981792124
