500.0   219.9978303967287
501.0   217.63020538328934
502.0   220.81260352326544
503.0   220.58066952218783
504.0   221.48578222433778
505.0   216.66600451570096
506.0   212.69681452395176
507.0   212.41844171533003
508.0   216.78210339783223
509.0   214.2732858164045
510.0   211.5808502198954
511.0   209.38269526751313
512.0   211.92982210948864
513.0   207.62033744079682
514.0   207.07158386039555
515.0   209.84877492248106
516.0   211.58672173269915
517.0   206.52492179091473
518.0   207.7555082393759
519.0   210.61599010608418
520.0   209.68532254574396
521.0   211.15794461565565
522.0   206.43346672609286
523.0   206.52519196469578
524.0   208.66692189778064
525.0   209.71856905587927
526.0   207.12048575540692
527.0   212.0107754959828
528.0   215.32595966673355
529.0   214.0600315672556
530.0   214.3969639306343
531.0   214.04252099412997
532.0   214.13014736542718
533.0   215.23264556412536
534.0   215.34861584926898
535.0   216.28805044321575
536.0   216.84156252178778
537.0   217.43356003999216
538.0   215.7972058114657
539.0   216.14296109162294
540.0   215.2595436395908
541.0   215.3219658946874
542.0   220.7546210435197
543.0   219.84194026594477
544.0   217.92878094000687
545.0   215.56565289405964
546.0   214.73360212394846
547.0   216.27407794574063
548.0   212.2154877719698
549.0   211.90912115690966
550.0   212.27950337539824
551.0   211.6575303069404
552.0   209.56749064416803
553.0   208.99441960067216
554.0   210.53882865293917
555.0   209.41368781310325
556.0   209.58993474647343
557.0   208.95841648396606
558.0   209.9073953835567
559.0   209.5559568026897
560.0   206.00019769114257
561.0   208.5856237595041
562.0   207.879905337907
563.0   206.63048302808508
564.0   208.1551219630115
565.0   203.8402090850477
566.0   210.4767274476312
567.0   206.72623939378377
568.0   207.66314716537363
569.0   210.69073244600762
570.0   210.90745646895482
571.0   207.69139536703213
572.0   207.2899242608071
573.0   211.3041909652634
574.0   210.47622457292937
575.0   212.95335324930912
576.0   209.9955882865437
577.0   211.1768053244656
578.0   212.01113632707836
579.0   211.6285084180297
580.0   213.62049541338743
581.0   209.22684771000448
582.0   214.02363135925006
583.0   211.5761221522625
584.0   214.31566476686513
585.0   215.9173701056443
586.0   216.5428551922179
587.0   216.03030977826066
588.0   215.50880014696895
589.0   212.79057319062284
590.0   210.26399573555727
591.0   213.1011232563119
592.0   215.4448903865289
593.0   216.1245498790971
594.0   211.66671767664477
595.0   214.31339414541992
596.0   210.7508073078643
597.0   210.44614649032692
598.0   210.2022956431679
599.0   209.97592629261757
600.0   206.60377619501514
601.0   209.25335752329025
602.0   206.71301355328356
603.0   208.8295013740645
604.0   206.33608199696997
605.0   206.63605700466667
606.0   207.4531612869114
607.0   207.5641053597171
608.0   210.25699072710108
609.0   208.51886453068195
610.0   209.9626942056074
611.0   206.54668979084354
612.0   207.4875940288746
613.0   208.0326198837721
614.0   205.93421246831522
615.0   207.02420173400233
616.0   208.19041768118964
617.0   209.61657546774794
618.0   208.71909030631107
619.0   206.24502328422656
620.0   208.321088203689
621.0   207.25049185620276
622.0   211.49848478831373
623.0   210.5187940430296
624.0   209.26978586095493
625.0   212.97797822134348
626.0   207.00407191192747
627.0   212.05624521189088
628.0   211.44389083804924
629.0   211.78089645418345
630.0   212.56963731232273
631.0   215.63510281191293
632.0   212.84178119329286
633.0   214.36098577945486
634.0   215.3459184692083
635.0   211.71989162399345
636.0   214.23103350614386
637.0   217.51327945780665
638.0   214.19405102965166
639.0   214.80101125331416
640.0   212.30377062512957
641.0   215.9417952203589
642.0   214.5282875039657
643.0   216.27259206733177
644.0   214.56608469518144
645.0   214.0135433196838
646.0   216.97587247839752
647.0   213.7831896977841
648.0   211.95308300550641
649.0   214.32275732375447
650.0   217.42410924365285
651.0   215.120999831045
652.0   215.8187896502461
653.0   212.49434511505035
654.0   212.6199045908714
655.0   211.4838852078652
656.0   211.88663215045548
657.0   211.63587908118953
658.0   211.39183308453485
659.0   211.10587758079728
660.0   210.59913781167847
661.0   210.91367788900865
662.0   211.4694050737734
663.0   210.76828203195214
664.0   212.11773706990152
665.0   215.33197069663376
666.0   211.2411384694145
667.0   212.46901417081313
668.0   209.663254946081
669.0   211.9166317509499
670.0   210.55721037543404
671.0   211.3268878322293
672.0   213.74662908676416
673.0   214.19822917008764
674.0   213.18858098310045
675.0   214.87425584226222
676.0   218.15538990785987
677.0   215.99588121841444
678.0   216.19982151322588
679.0   215.16233911416543
680.0   212.3469340856199
681.0   215.3998701083274
682.0   213.93177212356082
683.0   215.54941003086617
684.0   218.34252731403538
685.0   220.38248540102367
686.0   218.5534807976588
687.0   219.2981201980083
688.0   215.74601137756136
689.0   216.71353985287112
690.0   220.40285025545313
691.0   220.89783517901955
692.0   222.677605770598
693.0   221.73505986265357
694.0   220.39867274914442
695.0   219.93661023708265
696.0   221.33519240840064
697.0   222.48575089096212
698.0   222.57766086742618
699.0   225.54492209817906
700.0   222.0839996545136
701.0   219.07304015006162
702.0   222.32704829260373
703.0   222.99742242308517
704.0   225.03143629033306
705.0   223.57145179916196
706.0   222.93075685695285
707.0   218.46826039462658
708.0   219.33515053773695
709.0   218.93230886670017
710.0   221.12857403490125
711.0   216.63520966002935
712.0   216.8272337343557
713.0   220.87970682896832
714.0   218.167470507484
715.0   217.6375015444497
716.0   221.61377011263224
717.0   217.3762477384123
718.0   217.7139173952605
719.0   217.26292798006747
720.0   216.99031453355664
721.0   215.0282926190724
722.0   215.911311529693
723.0   215.89672049006194
724.0   217.18732816236675
725.0   214.96056278437263
726.0   215.6494200577089
727.0   215.00039046544543
728.0   213.84239600286284
729.0   213.62358931892956
730.0   213.62875123077927
731.0   210.10573110672706
732.0   212.50242147480927
733.0   214.65999298627003
734.0   215.67512936200367
735.0   214.20343193733552
736.0   215.34035527838356
737.0   214.72745238985945
738.0   211.41721812767025
739.0   214.59972286321965
740.0   213.18612155886566
741.0   213.63404748588763
742.0   215.40220329459012
743.0   212.68432469056586
744.0   212.28747497523446
745.0   213.55266746241907
746.0   213.25219869935094
747.0   212.18568138250956
748.0   214.0721546544704
749.0   213.69055387375388
750.0   212.98562025473075
751.0   215.78520229577828
752.0   216.08181062198074
753.0   217.5656674379621
754.0   215.1896364004252
755.0   215.10947818319346
756.0   214.30936167377368
757.0   217.49956578554853
758.0   215.14131159363254
759.0   215.41207142909116
760.0   217.29350352577026
761.0   221.1791382244107
762.0   222.00111137676765
763.0   221.73929966227874
764.0   223.81676806908675
765.0   221.60281320862563
766.0   225.18390553049997
767.0   223.5510240098932
768.0   222.90879898724802
769.0   223.44489460538105
770.0   218.84656239492847
771.0   223.78768721397134
772.0   221.77331163777217
773.0   224.78770152772304
774.0   226.5373211826179
775.0   223.3888081283137
776.0   225.7703068165018
777.0   221.3477483438512
778.0   221.08616885228005
779.0   223.43517581840874
780.0   220.89807571247852
781.0   217.62842380107023
782.0   216.5994968391151
783.0   218.28452377536004
784.0   215.8665511963109
785.0   213.1658669396896
786.0   217.23320255284486
787.0   214.91864132411857
788.0   217.9941256677051
789.0   210.05477072438248
790.0   213.04975219276005
791.0   209.11234275612847
792.0   211.79644950332707
793.0   210.45945853072394
794.0   211.84500604095993
795.0   211.1309349239558
796.0   207.28998415223464
797.0   209.91754829208878
798.0   210.2234434609229
799.0   207.5109021744072
800.0   209.43131324657233
