500.0   233.84961404350108
501.0   231.4747170923741
502.0   228.20520754706936
503.0   228.08300104778837
504.0   228.5443832063527
505.0   226.6837474766477
506.0   224.80261175276658
507.0   227.59654309329042
508.0   224.1127118891169
509.0   222.3582358290648
510.0   224.21139038237482
511.0   218.8473031144671
512.0   219.5113748030466
513.0   216.8939470851269
514.0   218.88773574231755
515.0   220.43282467504096
516.0   219.03413989124547
517.0   222.5280001224493
518.0   216.92176261926465
519.0   213.7765751090432
520.0   218.26435266057754
521.0   219.66398736667637
522.0   217.0995589264397
523.0   216.436416637908
524.0   221.0044984642806
525.0   219.6889458619888
526.0   222.22104558276646
527.0   219.0181113809953
528.0   218.98804090959655
529.0   224.02666318070024
530.0   226.256087106139
531.0   226.84915061286983
532.0   224.1597938342172
533.0   227.4970156327603
534.0   229.26295826619744
535.0   227.99744180272953
536.0   232.7425741047276
537.0   231.7960764543756
538.0   237.2281980251029
539.0   229.30995246630877
540.0   232.8835414512423
541.0   234.8651718688351
542.0   230.67568324288206
543.0   229.8403567930039
544.0   231.4309624168612
545.0   232.1351038402422
546.0   227.43477795820516
547.0   228.55403344723027
548.0   225.4269804226645
549.0   223.75059835467718
550.0   224.00811679229352
551.0   223.8673008791616
552.0   220.46278594970508
553.0   218.51102880745327
554.0   221.38884461129248
555.0   218.41988543400836
556.0   218.97963758741062
557.0   215.3472842990154
558.0   219.58314772975334
559.0   215.30502052000944
560.0   215.39319103129037
561.0   218.22940220366283
562.0   216.17924056869788
563.0   216.1445227377918
564.0   212.87491914142308
565.0   216.01352690139606
566.0   217.10734464924676
567.0   217.2402361623405
568.0   219.00022008881942
569.0   217.84209139508656
570.0   220.71597254778763
571.0   219.7966939284786
572.0   219.85446336207133
573.0   219.27228974736354
574.0   219.05146942693963
575.0   225.93716388057896
576.0   222.21360622925613
577.0   228.6070213170415
578.0   226.08969677000565
579.0   222.40252336377617
580.0   223.15373983880195
581.0   227.7352418036188
582.0   226.58119205336342
583.0   226.44959169644014
584.0   228.280755506875
585.0   230.15140286878434
586.0   231.99941843522222
587.0   228.9103251383771
588.0   233.00422834147017
589.0   229.2188512573946
590.0   231.31317172067747
591.0   223.89274089709468
592.0   230.77335582716537
593.0   228.0021199053427
594.0   227.09351029621916
595.0   228.83227767326989
596.0   222.95543047440765
597.0   223.39535214350073
598.0   219.25867286396695
599.0   224.8208279677693
600.0   223.3297500371065
601.0   220.14913317817832
602.0   220.67018418265639
603.0   219.98742357647845
604.0   222.28712209425655
605.0   217.67419275767512
606.0   222.42300250653042
607.0   218.94057415234036
608.0   220.1469859833148
609.0   216.1604964573619
610.0   214.67694015419625
611.0   221.11803470329926
612.0   216.96799970668016
613.0   217.63210703686582
614.0   218.65677281207203
615.0   218.6817511484298
616.0   217.2453717864074
617.0   217.83452597454595
618.0   220.2468792117709
619.0   219.44807045412895
620.0   216.19957553659938
621.0   219.206678492557
622.0   215.79392307176727
623.0   220.26514821564047
624.0   220.9979808313003
625.0   221.32779552898725
626.0   223.91651031494249
627.0   225.64637707908787
628.0   227.0866091680657
629.0   226.01448652752603
630.0   227.80879277919811
631.0   228.91881105324308
632.0   227.0027044022204
633.0   227.68141977590832
634.0   231.42297622392502
635.0   231.18075259048373
636.0   232.63135361433612
637.0   230.92631014641742
638.0   224.45361530324814
639.0   230.9105494449976
640.0   233.82145459608557
641.0   232.6700453406895
642.0   235.25753168254758
643.0   234.9279259788741
644.0   229.498640241615
645.0   229.22165703878773
646.0   232.68718114967305
647.0   227.61120094456672
648.0   230.51287200926436
649.0   231.61262866270988
650.0   227.39865208027697
651.0   227.7233691918634
652.0   225.3188043777508
653.0   228.90707094473962
654.0   226.07677395140692
655.0   227.2250834403168
656.0   224.25581169333762
657.0   225.70949683398973
658.0   226.58081165288732
659.0   224.009715847462
660.0   224.15769374313447
661.0   223.04015240408384
662.0   225.11646917480357
663.0   227.77976046035133
664.0   224.62131709136284
665.0   226.2525010389968
666.0   228.11551389494733
667.0   222.37547326127523
668.0   224.160847287777
669.0   225.86958851577455
670.0   225.43537099082468
671.0   228.44950186432297
672.0   228.86032425184553
673.0   230.5569684102908
674.0   229.17032402982122
675.0   230.69787731845193
676.0   232.5591895815952
677.0   230.85909762837971
678.0   231.37833182165534
679.0   231.73642132360658
680.0   228.68745497833518
681.0   235.19472875549388
682.0   237.3602540652688
683.0   234.56525875789052
684.0   233.3329207837121
685.0   235.89003034375784
686.0   237.69164429134312
687.0   236.1751655699322
688.0   237.29218131644078
689.0   239.67884222719235
690.0   243.70586894915277
691.0   241.79351750389228
692.0   244.51303064394526
693.0   244.19206702426757
694.0   242.06290338056502
695.0   243.07068389620744
696.0   244.36052527438417
697.0   243.58132739524794
698.0   248.99179459012188
699.0   247.2007346515683
700.0   243.59558795060175
701.0   244.29757360831627
702.0   244.0538058041475
703.0   245.3267543612466
704.0   243.1314985926938
705.0   246.19315374615533
706.0   242.43661079883907
707.0   243.86193967224702
708.0   242.7028038189395
709.0   242.49782696091984
710.0   242.8972802531736
711.0   241.51320840713285
712.0   239.01938580448845
713.0   239.6254921033723
714.0   243.32116479251434
715.0   238.7066219178918
716.0   240.97895348745104
717.0   236.6705227564622
718.0   236.17260015336737
719.0   235.52194966131648
720.0   238.45873880325505
721.0   237.64921843997868
722.0   236.93478202987694
723.0   234.88427505962798
724.0   234.54730760128948
725.0   235.78302832545697
726.0   232.40214704928158
727.0   236.3346002132619
728.0   230.5079438163062
729.0   232.6451186110595
730.0   233.97961872729488
731.0   233.03649775585404
732.0   233.21106630250392
733.0   230.89516168213973
734.0   233.18478228025506
735.0   230.83140464029103
736.0   232.64256907393647
737.0   228.55598463387506
738.0   230.59362058276955
739.0   230.21376720677836
740.0   231.7387287975656
741.0   229.95747355586286
742.0   231.6719232032302
743.0   231.33882482136048
744.0   233.4352788480155
745.0   232.31719945553073
746.0   228.00696470794614
747.0   230.7241288197864
748.0   228.8142247286502
749.0   231.98868416339653
750.0   228.96421712675723
751.0   229.08146297339536
752.0   228.16842154547496
753.0   231.7432013432087
754.0   232.64125781163395
755.0   235.12903439187116
756.0   232.81489817651064
757.0   238.38761127462877
758.0   238.1516810903846
759.0   240.49025922897806
760.0   240.05842702153163
761.0   240.87286983386412
762.0   241.65297062055106
763.0   244.87924218325358
764.0   244.82161547090445
765.0   243.7183171529742
766.0   250.65524754256262
767.0   251.39117251254484
768.0   255.37454409880027
769.0   251.71601119762113
770.0   253.45232126350143
771.0   251.30864987940788
772.0   250.9883236227611
773.0   251.5013936855895
774.0   250.06586316285987
775.0   245.12015460991566
776.0   248.04542276238328
777.0   245.90631939902423
778.0   246.39679175647998
779.0   243.34724310138463
780.0   243.72253848782063
781.0   242.31541725415036
782.0   243.18286830300963
783.0   242.24530979134022
784.0   243.89544925446785
785.0   235.36805757524226
786.0   236.3394406900857
787.0   235.3745651738151
788.0   236.31736551139406
789.0   238.92299450195887
790.0   234.5930482938412
791.0   234.31832657177105
792.0   231.44630863097584
793.0   229.08314541602192
794.0   230.49998653233297
795.0   226.14871271151165
796.0   227.76426929037635
797.0   225.9188991113568
798.0   223.07135489964608
799.0   222.78898389301492
800.0   220.40634496753555
