500.0   257.5174358551268
501.0   255.77633701309094
502.0   257.1339789341502
503.0   255.9389754415852
504.0   251.68135852020916
505.0   248.85530851395802
506.0   249.45531583937054
507.0   249.464300676706
508.0   245.96727329239914
509.0   242.69677540953822
510.0   243.64885081880345
511.0   241.50014003974556
512.0   238.7599072001934
513.0   237.479194924356
514.0   235.6749987538818
515.0   234.46478669753762
516.0   239.45380935451772
517.0   237.5916610060613
518.0   233.8003016392405
519.0   237.69645772938938
520.0   237.9401223717595
521.0   235.37536590162495
522.0   238.97480331211705
523.0   237.60304942809162
524.0   236.23012731396065
525.0   236.7669348970101
526.0   240.82298920186415
527.0   243.35173930127834
528.0   242.87424084625147
529.0   242.26983474187492
530.0   246.73785922577022
531.0   249.223754313328
532.0   248.73215902148414
533.0   249.09739217083143
534.0   255.57486420550518
535.0   257.4092318596386
536.0   257.56456765984814
537.0   262.33308804487655
538.0   258.57084742782666
539.0   264.20389856251876
540.0   262.86490084875095
541.0   262.2449280403118
542.0   261.2077446674601
543.0   260.7832215747908
544.0   262.81300210632867
545.0   255.619851482153
546.0   254.91724434065108
547.0   255.3270706220695
548.0   252.46282668245783
549.0   251.55568193350874
550.0   247.69339868122276
551.0   249.98068399300647
552.0   247.07183752135074
553.0   240.93394630247747
554.0   240.36409352959265
555.0   242.23359035639484
556.0   242.6811652482477
557.0   240.2675323140759
558.0   241.07282784724237
559.0   238.33888691816813
560.0   241.7604233769622
561.0   238.09122411610258
562.0   237.6285532311309
563.0   232.86211718031242
564.0   239.14543944125634
565.0   239.324845983078
566.0   240.4687415716849
567.0   236.3898896343795
568.0   238.99751080587782
569.0   239.47588059315368
570.0   243.81311584816208
571.0   244.64246001347382
572.0   242.03627472819326
573.0   244.4985342801605
574.0   247.2055794825798
575.0   246.81939712641562
576.0   246.9496703327659
577.0   250.27342024508133
578.0   253.46615576681484
579.0   253.86932054172476
580.0   254.93192855308237
581.0   257.6178637376641
582.0   255.68596676661392
583.0   259.32158315423834
584.0   262.0125353488923
585.0   261.64857456300103
586.0   260.9987182589381
587.0   259.4127931939534
588.0   261.8169685644074
589.0   260.69744375064977
590.0   261.8499941683553
591.0   260.9647105441525
592.0   261.4481998689651
593.0   261.9182200542544
594.0   256.14777254891584
595.0   258.27074844947447
596.0   254.8016123235915
597.0   253.43906106846669
598.0   249.08174876324858
599.0   249.06913851803006
600.0   249.9356095993235
601.0   246.9167049197274
602.0   247.8801216887557
603.0   246.76400768431367
604.0   245.65452044398262
605.0   241.6805510101576
606.0   247.1375590878515
607.0   245.67058335128513
608.0   244.8822062429459
609.0   242.2509149474339
610.0   241.18597914395022
611.0   241.51957262739666
612.0   241.6753235176053
613.0   240.2342552151191
614.0   238.3852235622869
615.0   239.03181813231504
616.0   243.67560314923097
617.0   241.64941573811117
618.0   244.94435205129216
619.0   239.3939908095259
620.0   242.4192794059708
621.0   245.13379427757425
622.0   247.1181642482504
623.0   242.7834861251255
624.0   248.117167307145
625.0   250.34617765177768
626.0   253.07066797031894
627.0   257.3015475898002
628.0   259.71679437910706
629.0   261.1814486571083
630.0   258.537428913293
631.0   259.4904990131422
632.0   263.64091982768684
633.0   261.73523225505454
634.0   261.1381518987159
635.0   272.0511444868304
636.0   270.24093561024023
637.0   274.0800749628436
638.0   266.02900282241757
639.0   271.40441050230464
640.0   273.00259820712444
641.0   270.10200996112036
642.0   272.0772258954868
643.0   269.84732681895883
644.0   270.7722927230837
645.0   270.76690341247877
646.0   270.0660702354452
647.0   271.9983039110884
648.0   269.7533202868514
649.0   270.15464049427516
650.0   270.27518522772203
651.0   268.0211282054984
652.0   265.29781350002173
653.0   264.0197413600592
654.0   261.7321198047605
655.0   262.9878837462991
656.0   263.91578633608
657.0   264.37849185634246
658.0   261.84860263909223
659.0   264.64215996206366
660.0   262.02725570403146
661.0   259.9354665250834
662.0   263.7829131159342
663.0   263.4858159683527
664.0   261.5116960569164
665.0   264.2054109036546
666.0   262.5270056310146
667.0   263.3620272610426
668.0   263.06053043201615
669.0   264.84351904345993
670.0   266.54041524880955
671.0   267.73216725674126
672.0   263.8161129550262
673.0   266.5981510814356
674.0   272.50177967517243
675.0   272.33395144028424
676.0   269.2035281063506
677.0   272.8883744473132
678.0   271.03648142543693
679.0   276.03975728575074
680.0   278.3709345569874
681.0   278.28807439360634
682.0   278.6638064797914
683.0   280.32587808329896
684.0   285.9998352170481
685.0   285.4533442438303
686.0   288.2263287949053
687.0   291.5057333577051
688.0   290.89517973121684
689.0   293.0591402798516
690.0   293.06754163440195
691.0   297.69105958148253
692.0   299.1509509969463
693.0   301.6773162516458
694.0   299.2498581031172
695.0   297.60703838590024
696.0   300.83009993522177
697.0   303.19014190965527
698.0   303.5325111824925
699.0   308.1341339703595
700.0   304.23812880397645
701.0   298.71607021607093
702.0   307.80312110068854
703.0   299.66830140108976
704.0   302.0391367393043
705.0   299.8125420328491
706.0   301.3000708938658
707.0   300.05983027960514
708.0   295.24711567229366
709.0   300.45083628918974
710.0   298.3317774475632
711.0   293.19339521878334
712.0   289.0493157187316
713.0   290.0873912047102
714.0   293.0675656129883
715.0   295.96301043837303
716.0   289.10637338787427
717.0   291.09622688256474
718.0   289.5286410898671
719.0   290.1696174647393
720.0   285.88784001825456
721.0   282.718559689627
722.0   282.54172983938605
723.0   286.65015274828147
724.0   286.84702163017397
725.0   279.6632204934202
726.0   278.63589779471494
727.0   280.00775312832366
728.0   282.1409730273952
729.0   279.8479250682171
730.0   277.4975516382472
731.0   278.62170073262047
732.0   280.15888608324275
733.0   278.7504201124609
734.0   277.6686823437255
735.0   278.48993078896564
736.0   275.09792618075534
737.0   275.85933710778073
738.0   277.0044931727886
739.0   272.96204921459025
740.0   277.0084525065538
741.0   276.4183121285993
742.0   278.15001052326846
743.0   273.25229705446617
744.0   276.28049034533944
745.0   276.7356828718411
746.0   268.45312701523045
747.0   275.6254872657397
748.0   276.56795390140155
749.0   272.28928119802214
750.0   281.1610567018958
751.0   275.34090176100176
752.0   274.3403797947588
753.0   277.99939702633816
754.0   277.8783008041223
755.0   283.9010071067262
756.0   287.0368580426535
757.0   288.0542831945142
758.0   292.905178396455
759.0   293.4214329089028
760.0   298.9335423505277
761.0   305.90345719306134
762.0   306.37141962077766
763.0   314.6344937693959
764.0   312.95497142346335
765.0   319.06326803430346
766.0   318.329865103034
767.0   317.4882809784254
768.0   323.77240542194795
769.0   319.135381350655
770.0   322.50846591287996
771.0   319.4730321455054
772.0   326.4618582160395
773.0   315.76754523342476
774.0   318.61765656132707
775.0   317.22569955970306
776.0   316.17273132283486
777.0   313.6166705615455
778.0   312.78691983645405
779.0   310.6714149548304
780.0   308.90870787286104
781.0   308.32328443031514
782.0   309.28608075921926
783.0   305.1772451599675
784.0   301.3843540608726
785.0   295.224256271352
786.0   292.08290668043094
787.0   294.2291624958803
788.0   293.05697833711406
789.0   288.6408115652257
790.0   285.163154409656
791.0   283.4960365336144
792.0   278.3706265773385
793.0   278.6569673063811
794.0   272.30729011789595
795.0   272.8637972181182
796.0   269.0792611552278
797.0   272.2701250406256
798.0   265.9879984597057
799.0   260.0716954694114
800.0   266.5377368212052
