500.0   336.104132053942
501.0   341.02009358797403
502.0   340.8512152214776
503.0   335.35749153681377
504.0   334.30674799363277
505.0   334.03247939408357
506.0   328.75507304898434
507.0   325.14660461734366
508.0   318.77143531963685
509.0   314.61352868220524
510.0   314.8502030134219
511.0   312.08890218905157
512.0   315.2602468128272
513.0   315.1559579426296
514.0   306.87092177074373
515.0   302.6117105027775
516.0   309.3647270642238
517.0   304.53770375364434
518.0   307.52009331108246
519.0   307.1319191134938
520.0   304.8201869419191
521.0   306.9213027696367
522.0   317.86148571154723
523.0   314.49843648636784
524.0   314.5195028974254
525.0   322.474396133661
526.0   324.89045303893903
527.0   329.30788393202573
528.0   342.2231070058281
529.0   338.4271352320115
530.0   349.7813044767154
531.0   357.2533426533344
532.0   359.2469443634173
533.0   367.3914478613968
534.0   374.4527012212861
535.0   376.9674654208966
536.0   392.4143456736115
537.0   393.8135609888779
538.0   399.6144262006883
539.0   403.71932347131104
540.0   402.8952130056759
541.0   412.4819257509323
542.0   412.4918226574589
543.0   407.97568407105945
544.0   405.75756763322124
545.0   405.05171864757426
546.0   397.236549932903
547.0   394.52875287748276
548.0   390.0465392702393
549.0   381.99846577752686
550.0   374.05045346041794
551.0   373.5639146936242
552.0   376.29938784301277
553.0   361.05149121467156
554.0   367.980523077142
555.0   362.09680530006955
556.0   356.28883998446554
557.0   352.43221811736885
558.0   352.1395233253477
559.0   349.61788182389773
560.0   348.859013291293
561.0   352.79877728164155
562.0   343.52903274206136
563.0   344.9532345064487
564.0   354.0074162837741
565.0   352.46427002286435
566.0   361.37812224004364
567.0   362.6702457424223
568.0   362.3298603907363
569.0   366.1261789394717
570.0   379.3362430844434
571.0   379.87901843411987
572.0   381.5864196325351
573.0   386.32596023762153
574.0   388.26371322521317
575.0   399.0353679650096
576.0   404.13510114030163
577.0   413.2794666855561
578.0   417.1556419110919
579.0   428.00994511335875
580.0   432.72137952231697
581.0   439.216268949765
582.0   447.46251694756575
583.0   454.94556614877257
584.0   454.4771876403053
585.0   463.210269642116
586.0   470.98090794874025
587.0   475.8230277952459
588.0   472.09080165492486
589.0   481.309464441835
590.0   472.25417832202646
591.0   476.21414761858415
592.0   462.8620866804063
593.0   467.52901960305263
594.0   463.6176484325383
595.0   458.14670516162806
596.0   463.51292395279614
597.0   449.29278257181477
598.0   452.4965360670157
599.0   441.98545834551396
600.0   432.3638226948742
601.0   433.1099426882208
602.0   424.9372623017636
603.0   429.7768970711133
604.0   423.0298428110741
605.0   421.96440151361634
606.0   432.8197681623672
607.0   423.44168138953574
608.0   423.46091433636366
609.0   415.1457913385262
610.0   420.90412182136714
611.0   415.01974565059066
612.0   421.85186624894976
613.0   414.42076969400915
614.0   406.0306415076968
615.0   410.83561368152823
616.0   413.42445904450096
617.0   420.6060353649386
618.0   416.2000548062717
619.0   421.3944906073591
620.0   427.21073600926184
621.0   438.71523661790275
622.0   436.6731724419028
623.0   447.0326677702482
624.0   462.2444609583076
625.0   471.68751703498816
626.0   477.0398431005901
627.0   486.8129479609229
628.0   494.1933377221024
629.0   507.89705472755173
630.0   514.6095571233406
631.0   521.2300806294169
632.0   533.9726510691357
633.0   544.726228442538
634.0   550.7980699453952
635.0   555.7040613153966
636.0   567.9512164665397
637.0   569.204013420258
638.0   569.7191666607673
639.0   586.5021366114291
640.0   594.5819278467508
641.0   589.6317869619969
642.0   590.3473288903818
643.0   586.4400438266947
644.0   587.010594013781
645.0   589.7170481975317
646.0   592.5952604417204
647.0   581.9439787725962
648.0   583.0507654662148
649.0   581.8412690619234
650.0   575.6149436297886
651.0   581.8807033327504
652.0   571.9756318471353
653.0   566.6836190996996
654.0   576.4226969161612
655.0   561.8978088831265
656.0   559.1558599992086
657.0   560.805510822222
658.0   548.9573234683361
659.0   555.8911642172676
660.0   557.7129791438241
661.0   564.0167040965976
662.0   565.7702774317519
663.0   559.9965587180628
664.0   564.7775411127428
665.0   578.2999001240537
666.0   569.4130626859411
667.0   579.3598985274867
668.0   559.8909549347242
669.0   578.7553552318744
670.0   590.3534654954584
671.0   598.6824352845955
672.0   605.3675603852395
673.0   601.042162428715
674.0   607.7402981255337
675.0   621.8519928957244
676.0   619.7898105212906
677.0   627.7424474913304
678.0   648.421301497952
679.0   653.0001024853574
680.0   669.6100459254
681.0   682.5163500894259
682.0   689.5142963822232
683.0   705.8163313865125
684.0   708.3305349025219
685.0   716.7589949654197
686.0   738.8054816822068
687.0   737.1839181835253
688.0   749.1740435745525
689.0   767.6264993797037
690.0   786.5663238687852
691.0   787.1440839944771
692.0   808.721430637087
693.0   817.4977832332319
694.0   819.1336652665404
695.0   833.9745231618359
696.0   828.0286457640486
697.0   819.1756851952018
698.0   846.4112642808508
699.0   857.3820973921188
700.0   851.5506516711171
701.0   837.9800948751159
702.0   852.257580869427
703.0   852.0458033936156
704.0   855.2372726036095
705.0   859.2573163617822
706.0   852.2060421570449
707.0   859.8873797660939
708.0   842.1932484930276
709.0   841.7971887482614
710.0   825.4215058891897
711.0   817.9260360224799
712.0   811.8146533394794
713.0   809.2696054789716
714.0   808.3684599700355
715.0   795.9983116126508
716.0   798.2922641605945
717.0   800.1883363794427
718.0   785.0617925284379
719.0   786.7430671534203
720.0   777.6046724199441
721.0   776.8326177324666
722.0   768.202892371132
723.0   771.7697400335906
724.0   773.6534187724797
725.0   759.6551482669769
726.0   758.8264388694605
727.0   757.3532567955893
728.0   752.6135640075942
729.0   762.9066809620712
730.0   733.366849392971
731.0   742.9893421907069
732.0   752.4608912363423
733.0   758.3398412433435
734.0   755.7819366682643
735.0   744.0507807989006
736.0   720.4915391498856
737.0   729.3413751899053
738.0   741.6159671842166
739.0   724.891804838759
740.0   754.9722270508755
741.0   730.9140094073191
742.0   750.3151755009036
743.0   733.9636569357608
744.0   737.617988131242
745.0   721.9051143506437
746.0   723.7702256409589
747.0   732.6433896857083
748.0   725.5603974227216
749.0   734.1336189918567
750.0   747.8667665489702
751.0   758.9196861607552
752.0   767.0439443046198
753.0   790.1917904039356
754.0   818.8417282838491
755.0   850.0790483309171
756.0   866.9518702001413
757.0   897.4839320133906
758.0   925.5907877932777
759.0   951.5218454485213
760.0   979.0957071034127
761.0   1009.3994890268497
762.0   1045.9189950562711
763.0   1065.5420907782202
764.0   1089.8535958044251
765.0   1102.2746795957373
766.0   1129.439010669532
767.0   1130.8932112252187
768.0   1185.2434079575844
769.0   1164.1990338147468
770.0   1189.2381644752875
771.0   1190.3432039108748
772.0   1194.8680982241785
773.0   1169.5035836436837
774.0   1188.5769255000023
775.0   1163.126163060848
776.0   1168.6118370613688
777.0   1165.6021040863732
778.0   1167.2920429848664
779.0   1139.2998540603348
780.0   1131.795891003073
781.0   1117.4298949740942
782.0   1089.1667467217267
783.0   1078.4245742355918
784.0   1066.4159343090103
785.0   1045.1267388481053
786.0   1029.4296002435242
787.0   1005.5260132889672
788.0   982.9940175358646
789.0   983.7196485159888
790.0   960.5853683745339
791.0   937.861919427888
792.0   924.9298658381098
793.0   907.3100103809833
794.0   897.0606673362266
795.0   879.1573199519675
796.0   859.6882934190644
797.0   871.161818392171
798.0   829.7526529647256
799.0   793.4928681093284
800.0   803.6174016072246
