500.0   199.1042243139359
501.0   199.95279206561554
502.0   201.2333858963866
503.0   198.8333411685602
504.0   189.0561893046072
505.0   199.29015767167152
506.0   198.21710004575846
507.0   197.50406115810836
508.0   198.76725751663582
509.0   210.49924384480383
510.0   197.71921951897139
511.0   196.4381722077515
512.0   197.13343582273637
513.0   196.5569880861009
514.0   195.87877063949696
515.0   100.37890062353097
516.0   197.59348261129924
517.0   204.08974824883887
518.0   207.93331182517346
519.0   232.07044673935778
520.0   157.42547797412396
521.0   213.10583241354226
522.0   195.9308586019854
523.0   197.42734675986173
524.0   134.66581041854272
525.0   192.9603909670269
526.0   194.91795410511497
527.0   35.89573186327601
528.0   200.1860715464103
529.0   175.1439174742514
530.0   198.57706356830874
531.0   197.33955915232718
532.0   198.44697396505353
533.0   197.27632172291266
534.0   197.67153826663173
535.0   165.10182835818927
536.0   14.081072738361058
537.0   128.0392301752912
538.0   247.45373271442463
539.0   198.42144955068784
540.0   186.6167606818213
541.0   198.288962500406
542.0   198.9517152225651
543.0   198.8614287756426
544.0   200.11798440280654
545.0   198.69751554415961
546.0   199.6517094959902
547.0   198.38119590009762
548.0   196.5833117600447
549.0   197.9224207363278
550.0   191.85482694702614
551.0   196.42169303251592
552.0   196.8032331317164
553.0   196.39342657283407
554.0   198.19272478470043
555.0   197.8816540405512
556.0   197.82659668026355
557.0   196.90462523046563
558.0   195.93632769898966
559.0   195.1884667381807
560.0   196.1142667915109
561.0   196.31717102452137
562.0   241.21381949301224
563.0   225.95683593073647
564.0   135.47040729015754
565.0   196.10082308857648
566.0   231.5305615530529
567.0   16.435560290461126
568.0   196.6612127986644
569.0   -9.36215049141731
570.0   197.6164896690359
571.0   197.73052776345833
572.0   196.808465454032
573.0   197.8637559614126
574.0   196.56725388585824
575.0   197.34755566715205
576.0   242.96449508105127
577.0   198.45907296064877
578.0   197.37746148287124
579.0   197.87193957642364
580.0   198.5568979919517
581.0   196.51420726506853
582.0   164.81193207821684
583.0   1.8604332814915097
584.0   198.99126268921486
585.0   151.5050960909332
586.0   96.9911101207914
587.0   198.03387781423885
588.0   6.506993773627528
589.0   199.64416550667295
590.0   198.37753742898656
591.0   197.80387939105333
592.0   231.714826758247
593.0   198.99294653789957
594.0   132.0846313011333
595.0   200.31124581639028
596.0   198.46448555455754
597.0   198.44539298429345
598.0   197.34187896460412
599.0   66.8095198802838
600.0   195.98299709815
601.0   197.65133599022488
602.0   197.34970537182255
603.0   211.79434549011944
604.0   196.8363561671032
605.0   193.24452839281463
606.0   197.389969725765
607.0   195.7959979351865
608.0   206.80230096696465
609.0   158.44148563518502
610.0   197.71394902712802
611.0   234.7444787731809
612.0   74.33474213863587
613.0   197.51736509445823
614.0   210.38139643854618
615.0   197.58456710360485
616.0   64.54878721947671
617.0   198.0813393177338
618.0   104.07760677380816
619.0   197.06914552163846
620.0   30.36234527203203
621.0   196.41215826248913
622.0   229.6417126697454
623.0   197.89349800387077
624.0   199.1425141243467
625.0   197.85148593607414
626.0   196.51189418701279
627.0   197.42225352732396
628.0   197.33718997156143
629.0   199.0989604557043
630.0   235.87839697206925
631.0   200.15964770109156
632.0   199.56595354103706
633.0   254.15091748346208
634.0   200.20625716143206
635.0   65.05014759027324
636.0   30.445321763267316
637.0   234.39771266548644
638.0   241.03459592071954
639.0   214.07132284475927
640.0   200.01088228643653
641.0   210.38816044931752
642.0   200.51962000082176
643.0   200.40414870879601
644.0   226.21669009177276
645.0   244.67764742871748
646.0   131.10848827898053
647.0   240.68976132399462
648.0   233.80954323389415
649.0   209.1116457301448
650.0   198.15851842908944
651.0   197.56218423382916
652.0   199.5200286789509
653.0   186.882991800451
654.0   198.46407416727038
655.0   199.1685923237776
656.0   199.41774883154153
657.0   197.3639007355033
658.0   236.7747054701158
659.0   196.6830621044295
660.0   197.26246142517198
661.0   75.8662642138953
662.0   136.01996708305728
663.0   197.76943666172463
664.0   245.78127810769877
665.0   198.22921897334027
666.0   198.63957192386033
667.0   137.1425498027644
668.0   196.23233224451224
669.0   197.33922172539292
670.0   197.63200705271322
671.0   232.66120800754493
672.0   198.90086150094862
673.0   199.75181027614565
674.0   217.19728562042212
675.0   199.71038070164263
676.0   200.89255552702014
677.0   198.66202594222716
678.0   243.9236443311736
679.0   200.3863292103822
680.0   195.51629190569588
681.0   241.4311868354382
682.0   199.2420504280767
683.0   164.37748477691275
684.0   200.4593438444639
685.0   200.75292769651048
686.0   177.43396308648653
687.0   201.57329571940545
688.0   225.047933220603
689.0   108.33850480339925
690.0   238.2459864983075
691.0   156.92374323807348
692.0   203.42439226198348
693.0   201.4898686324659
694.0   262.82793395113345
695.0   202.8587277592237
696.0   201.89163098969357
697.0   243.73794252992775
698.0   203.77148894049878
699.0   253.67034552717678
700.0   202.6403378767377
701.0   202.4874694097855
702.0   202.66076688161957
703.0   201.79145423580303
704.0   202.41285565268004
705.0   236.73956485570784
706.0   202.57121610872923
707.0   202.50863854023282
708.0   203.00674091733117
709.0   201.28719514128716
710.0   201.91844689103004
711.0   201.71134263046656
712.0   201.19718584572274
713.0   201.69725724672503
714.0   211.40375588003462
715.0   67.72774332819836
716.0   201.2897084404135
717.0   283.2535825800062
718.0   199.93658076296424
719.0   199.01759813998729
720.0   226.39818744674085
721.0   276.551624554334
722.0   201.3152542460548
723.0   207.6899330891581
724.0   201.06249907287474
725.0   199.58533426019267
726.0   201.47059482259306
727.0   200.21704903529553
728.0   200.0773793014141
729.0   258.6520224342214
730.0   199.3166049316203
731.0   189.0628290654222
732.0   272.68278288073543
733.0   200.21164897358108
734.0   201.137451268238
735.0   200.47668991629098
736.0   200.70347104624318
737.0   154.66926813751502
738.0   198.85205306796092
739.0   200.12340907315752
740.0   201.0633599941516
741.0   200.77161405837933
742.0   200.83924923734935
743.0   199.1460857511331
744.0   277.6340361252778
745.0   200.50729847085563
746.0   200.36956778099432
747.0   200.22755076847648
748.0   245.60246783744515
749.0   200.1919062071588
750.0   199.92001866987812
751.0   191.74611658674712
752.0   200.2767791889646
753.0   53.70352405649828
754.0   200.01194564029788
755.0   206.44136625864417
756.0   199.98955083292822
757.0   200.9772740431324
758.0   199.59811951346046
759.0   200.30982080226318
760.0   199.8646215267213
761.0   200.28341035418293
762.0   201.49190974537987
763.0   201.28429862766666
764.0   201.05684805110695
765.0   201.13138351853286
766.0   202.24278555871592
767.0   201.69780472051434
768.0   201.39962124291878
769.0   200.25188876288075
770.0   200.5509299102464
771.0   202.43079248112576
772.0   201.14725883769142
773.0   201.5982699189508
774.0   201.56316844383218
775.0   199.35104523984478
776.0   201.75835636265356
777.0   200.441972705245
778.0   200.34296370578136
779.0   200.03819307461254
780.0   198.91273341459964
781.0   197.9774048583697
782.0   199.49131153956023
783.0   199.36772171581856
784.0   198.59941503321443
785.0   196.18264909272284
786.0   199.04823671754298
787.0   197.1623208658209
788.0   197.20885125898621
789.0   195.28366526616605
790.0   196.77364958026806
791.0   196.0975677662334
792.0   197.8476707783534
793.0   196.60661106430462
794.0   196.21817443594318
795.0   196.29418235788899
796.0   195.61483871379005
797.0   195.79006849639836
798.0   196.3959849730668
799.0   195.14244455343714
800.0   194.48935977056544
