655.0 656.0 657.0 658.0 659.0 660.0 661.0 662.0 663.0 664.0 665.0 
10.0 16.081082853206397 54.833082148455105 1202.9769311034486 3302.534133400888 521.5106422804927 66.11933241855101 10.858319974120946 4.665542617912337 4.2292533058949004 1.9692875444642937 2.197978025100383 
12.0 16.230266227117227 55.07125252521047 1218.2765762374993 2445.8017035590397 208.63503535497802 38.98902133976688 9.045500165809841 3.786149326836181 3.6862303103675913 1.9590137227351079 1.0772888144174146 
14.0 13.162282285992035 50.35799114572529 1402.0171115133278 1222.1763220321625 124.77836099377271 20.30444774222272 5.218453140266689 2.631520335071201 3.1444127661839616 1.4455586792545887 1.4991921721133963 
16.0 11.690325914024015 37.229180745702536 1595.641678605475 541.8908877623298 51.63895959251681 10.769381189926037 2.8683351035196267 1.6265546163114095 3.284262460809515 0.665313569711742 2.345833484672994 
18.0 7.364621035314514 26.09587756852457 1038.3642437761891 248.37590029462564 22.034578619440424 7.452878475628154 1.5294559996266912 0.5245078565379515 1.7223603125468117 -0.9358139171733342 1.5229435161220692 
20.0 3.12283899247754 16.279314262681794 542.1333659899633 137.67430509314147 11.07654255750839 3.6523419677939444 -0.04675838930049281 1.650887892020819 1.7033371323379356 1.2048699015072089 0.1325120547851668 
22.0 0.6425794687690427 5.47615844646532 198.89754312043456 67.85198524161206 6.281307743453112 1.161930129672072 -1.0008602459224676 1.519970734676832 1.3661879965121102 -0.08394268963019158 0.12368349635147524 
24.0 -0.7178933984653497 1.3441949662427248 85.11197626189815 41.85162166822241 3.3397836106302066 1.1358452653424251 -0.8162074111621394 -0.3496488257821966 0.9166525596822623 -0.31186431227303046 0.7119705094819437 
26.0 0.31668706414666303 -0.9814409417820968 15.366543874593873 19.727880615970918 0.09828792937344133 -0.08802437312630218 -1.3364184656579141 0.6083732806346234 1.426348448770284 0.48915504902825546 0.9382260610556727 
28.0 -1.6154123776335325 -0.37739088212669003 10.748642350948643 15.37342639451677 0.46663939908142993 0.34677684676373133 -0.8499614636525052 -1.0853729493379944 0.5481010239517445 -0.2008092922758351 1.2381940592152318 
30.0 -1.0031451991690687 -0.7768349725130008 4.3349950039385305 10.334086543227471 1.0477440673937224 1.2800250432291023 -1.2383846704657628 0.8515052705823791 1.6842648821082662 -0.3094965339020632 -0.5390751499582507 
32.0 -1.4329738522351931 -1.0767151512127384 2.21987694960913 4.429365149812384 -0.36741009226335564 2.0163160276104293 -0.9964347558729685 0.11045005548308495 0.7900590616067689 -1.0237128429586448 -0.17240860301416205 
34.0 0.035296441732242556 -0.943718492623816 2.731584130572969 7.1795871065014865 0.6186538472874759 1.1141239325317542 -0.6781173030401249 -0.31156539581377274 1.0544606122244886 -0.9797146344986913 2.010548227337864 
36.0 -0.8606084321817775 -1.146861644752363 2.96272916025967 13.208514897650161 1.6203462435259723 0.5717930455017779 -1.8219684288135056 0.4622926172708617 0.716671120926577 -0.723422957845969 -0.2782722028885303 
38.0 -0.2762120698037904 -0.969939263830554 3.5734930427126415 7.440038126042225 1.7796244792023117 0.5152250797029012 -0.6890118358671771 0.21032693687254778 1.8091060594651083 0.06089933866718411 -1.131825818093347 
40.0 0.4720969850331187 -0.618764783698424 3.037085308476634 7.87476351447242 3.2184452684994653 1.6538655367168644 -1.0328969544967208 -0.005155836832301475 1.371821718573301 -0.07274313987932146 0.060185648335391306 
42.0 0.44278371025430374 -0.6196603312678519 3.5609329616926004 7.916512318763921 6.0782377129658585 2.1778517428430177 -0.6720960616777063 0.5450076047960692 1.4636466810187017 -0.4602187224247132 -0.24612728513682214 
44.0 -1.315340909166764 0.203336101688933 4.499985787343093 9.660393973766475 6.509758695314332 1.567463370822935 -0.7985314332761106 0.19035749649231093 1.0721246681110586 0.11053434189420841 0.46220636517890057 
46.0 -0.4310347317883725 -0.449064109555934 4.872965416674049 8.89328199669734 11.144938659297509 1.9543009362345742 -1.3278794460976826 -0.9321977715066225 1.6507535079235538 -1.0652512112403372 0.26339164690824646 
48.0 -0.6877044322120298 -0.665927169101451 4.489541902448451 10.017948011667926 7.760975334515194 3.2144123651885366 0.48797439217895544 0.3748078132011585 0.9789253052488505 0.3561546414588861 0.6477550930629548 
50.0 -0.2786367147433566 -0.6046190552099233 4.253608820241709 8.711312744467591 15.60547486947064 4.248688777042361 -0.24644790935914784 0.7318784261542817 1.3568968808946806 -1.0217876520870277 -0.29828381214957744 
