650.0 651.0 652.0 653.0 654.0 655.0 656.0 657.0 658.0 659.0 660.0 661.0 662.0 663.0 664.0 665.0 
19.96 -1.0041391970292466 -0.4775886866107726 -0.9987834780401954 3.0739927186823195 2.734268808312038 4.246977283351129 11.605401418879183 270.17947366085787 60.858318055115745 6.50682303223337 4.452747158262611 0.3400850043804269 0.5123212424919927 2.3074814448639245 0.4447956960875956 1.3484457575919464 
21.96 0.16375652394771123 -0.8231682667846769 -0.768006375454604 2.3246551762536285 0.143371510492301 3.2462479482697972 7.73398371505823 196.2851477190738 39.99013551981369 5.578643491224341 2.8556969226808633 0.5105568605248152 -0.251852855474084 0.5441131934269947 -0.5294913233951775 1.0854113223552986 
23.96 -0.13598925842575227 -2.215564350440019 -1.0149042988269343 1.404520735891765 -1.202513610260354 1.4435819162858934 3.965711241001003 130.38555699092808 20.348304297027 3.3298128699109384 3.5833899056425764 0.8831940113286976 -0.312911929121924 1.0340132749816178 -0.036409449921166015 0.446066755390774 
25.96 -1.2157087326797011 -1.3461186037217203 -0.03644543908055198 0.9326331572337665 -1.984063626583179 0.22682169085041437 2.2659283361423377 75.73648828461705 17.15760812587868 2.1922735280806194 1.4588269785047316 0.10562582812266896 -0.5387167620264108 0.3321395582196658 -0.9847071908257305 0.5402098706994138 
27.96 -2.9816568352312345 -1.09114802588482 -0.7712051081477114 0.02841947093926933 0.5751903524497095 -0.038663315727148984 1.8843797599132017 45.70474595817794 9.728986855764589 0.6059847880480902 2.615174023636712 1.222567399627252 0.2496673807625598 1.3978504759289478 0.2250868476679102 1.9738797475521324 
29.96 0.2381036410156696 -1.60220930444018 -0.5016877000191187 2.0257581146951225 -0.7959172600504303 -0.41723157713141745 1.7480299835982578 29.84096688445132 7.664029702873677 0.5365658603840302 1.9998620337370312 1.3314124181582372 0.2055453319617584 0.8903885350408132 -0.5038751051501436 -0.12543834658367814 
31.96 -1.423105050858652 0.9346724916726714 -1.75006052316985 0.4850116062947336 -0.27565629771004296 -0.7726457436357066 2.574956267578841 26.348379805173664 6.767939272262993 -0.42068759350709684 1.4007460832945355 0.24505541703982203 -0.7339752322620825 -1.7836162238070585 -1.7999510811616801 0.9233370315620562 
33.96 -1.4930826831410684 0.08918542247383243 -1.2848076636378494 -0.5221731408176993 -2.1777680596362643 1.0759312052929033 3.095661528312519 37.07907945394743 11.16551604138229 -0.3576634654097006 3.635759625529971 -0.0029411759744562005 0.5611229872334036 0.010118341653537755 -0.7672198366965404 0.033234779577981044 
35.96 -0.4760293405008156 -1.4560095387003287 -0.583065055776558 -0.19423433239975907 -2.4069881069684413 -0.8383616167232617 4.738785433124178 56.03616458118688 15.336110216298039 1.4140845519179948 0.8794121872065546 0.08305091712364288 -0.11634041852570931 -0.6423533146794398 -0.6038953424439342 -0.716781503738332 
37.96 0.04867131670056324 -1.7497931266405828 -1.2525765276803895 -0.4760315410322846 -0.851618491763503 -0.42127810067691485 5.841044644565386 81.89152728194307 18.55355760997145 1.9299691321807586 3.9608086416688195 0.4644980856970733 -1.2332393496833447 0.03240090690664488 -1.6594648951811166 -0.5475279979263803 
39.96 -0.24178858830475747 0.9391543380034477 -0.17612719078510963 1.7290810078192749 -0.8313635832240891 1.1498890719983592 4.823424389538133 123.33434214661247 27.878814163215566 3.1652324934567844 1.8491965006694784 -7.334331531296812E-4 0.9647662043171863 0.7595592793143737 0.2273257511880047 0.8265091179338242 
