600.0   353.6859784976331
601.0   350.4706746421547
602.0   340.76047279960403
603.0   356.5831868786845
604.0   339.67926515979303
605.0   339.2139110676904
606.0   349.40664324394197
607.0   344.76614613522406
608.0   342.3517941818204
609.0   324.38072924059736
610.0   331.43445945000803
611.0   326.3180392453767
612.0   336.8495091393575
613.0   325.2975896401685
614.0   319.81932679124435
615.0   326.2080202103624
616.0   336.2756114506295
617.0   345.5415494542339
618.0   340.8775574017371
619.0   353.4758307695283
620.0   361.8946793863838
621.0   383.19947451866165
622.0   383.8884630675288
623.0   404.062722164519
624.0   411.9121860060503
625.0   425.60924704111574
626.0   444.86377445534254
627.0   458.73496718424803
628.0   474.31684143239005
629.0   490.48709879229057
630.0   500.05918890569035
631.0   517.9164461166694
632.0   528.9825804330502
633.0   541.8632728775622
634.0   552.5139922868226
635.0   565.1625897865098
636.0   577.1694958090786
637.0   587.5698782405105
638.0   584.5669422800527
639.0   601.6803410299096
640.0   602.7747233985541
641.0   611.9159669223154
642.0   610.8382343516014
643.0   603.6569082231241
644.0   609.2613466106493
645.0   608.5909543111653
646.0   609.193873628155
647.0   603.3341436554269
648.0   598.1500984840816
649.0   594.1529918631891
650.0   590.0417435951158
651.0   587.8028710899839
652.0   581.674968320368
653.0   576.6482608643058
654.0   577.1110839799633
655.0   568.9044679570194
656.0   570.0266110191674
657.0   575.3042165614631
658.0   564.4911787002534
659.0   572.8978541953568
660.0   569.3527190825401
661.0   568.419225195033
662.0   574.4926019775935
663.0   576.5197050674878
664.0   587.3708053640104
665.0   601.9028744928768
666.0   594.2514931864946
667.0   598.5899075424863
668.0   595.705277212779
669.0   607.800504978476
670.0   629.992779338015
671.0   643.9133296858037
672.0   653.784370838694
673.0   654.0741129011806
674.0   659.9993356171221
675.0   681.8081696904227
676.0   684.5961249682944
677.0   704.1280536135573
678.0   717.8926553010533
679.0   736.0052521137602
680.0   759.0205185278007
681.0   769.2694120658801
682.0   789.4268710334479
683.0   812.2549004674415
684.0   828.0086491969341
685.0   851.2991330000989
686.0   869.8240718249064
687.0   888.037808245655
688.0   894.9280051343733
689.0   924.8094603070305
690.0   945.7625864998125
691.0   956.1079337044289
692.0   988.8995668859721
693.0   1009.8026178055345
694.0   1005.7933332299594
695.0   1032.0398244115195
696.0   1025.9272032289389
697.0   1013.7242446952883
698.0   1061.0608212275445
699.0   1062.2151561510584
700.0   1059.140487595116
701.0   1036.0319249570152
702.0   1058.7908400616177
703.0   1045.9327123663963
704.0   1051.149263140427
705.0   1060.7432140119058
706.0   1052.6691878985143
707.0   1045.9563718852398
708.0   1033.1122411812626
709.0   1031.714761543629
710.0   1008.5455780933856
711.0   1003.5257704110484
712.0   989.6583358495111
713.0   985.3670639353502
714.0   974.5171674559731
715.0   958.5657512650132
716.0   965.0214550279139
717.0   973.3073511207318
718.0   942.1581706885572
719.0   954.3656764740084
720.0   931.4113673512734
721.0   928.7395087193103
722.0   939.801767210515
723.0   927.070075390979
724.0   933.6597221252707
725.0   905.0947164185066
726.0   905.2234857622462
727.0   906.6069767076867
728.0   900.6244899461321
729.0   911.8872381600376
730.0   868.60254576948
731.0   882.397084650767
732.0   912.3157547052995
733.0   908.7155545247278
734.0   905.2009945873584
735.0   901.1946435779059
736.0   867.5868624042057
737.0   875.129277119928
738.0   892.8537278525097
739.0   875.2426466290151
740.0   916.417801280655
741.0   891.740145257465
742.0   912.0499812183818
743.0   893.80450356975
744.0   897.5478849428861
745.0   892.0528039811544
746.0   895.5929653672677
747.0   909.0701034356682
748.0   901.7607974138498
749.0   892.397979007613
750.0   885.4883989799227
751.0   875.8973693602449
752.0   875.233783477745
753.0   884.9401811133414
754.0   905.0458065742733
755.0   932.1066735479928
756.0   959.9414649693451
757.0   984.9724453204483
758.0   1038.9304902279196
759.0   1045.5195647301737
760.0   1088.1705510676243
761.0   1134.9152442481861
762.0   1174.8810156981428
763.0   1226.6250298927757
764.0   1257.0460237969783
765.0   1292.5331118948466
766.0   1318.3927005519372
767.0   1334.061318859333
768.0   1389.981334784693
769.0   1366.999375165615
770.0   1396.8289178037987
771.0   1391.2367112681613
772.0   1392.7448498584588
773.0   1352.9603891414422
774.0   1369.4016649216235
775.0   1334.2196993216319
776.0   1329.8540135050825
777.0   1327.0637726346433
778.0   1311.9072483458126
779.0   1257.2420894527384
780.0   1243.702987018878
781.0   1204.3200823133996
782.0   1181.9990959985366
783.0   1150.0888217214347
784.0   1115.0388360991128
785.0   1081.5974474657723
786.0   1050.7061642507774
787.0   1017.7794015068991
788.0   981.2310350409782
789.0   958.2220383536353
790.0   933.1610495151605
791.0   884.2759293488434
792.0   868.7879144849501
793.0   830.6537450406257
794.0   799.8447689696975
795.0   773.3266527695333
796.0   748.9932369775191
797.0   748.9679297432651
798.0   695.5134877078872
799.0   655.57467685028
800.0   637.5228046248867
