600.0   311.58625441100395
601.0   305.6913878850645
602.0   299.3433385740524
603.0   308.783575509754
604.0   296.4229285881646
605.0   299.30998094357386
606.0   304.7644768257927
607.0   301.8263142772922
608.0   296.6330727062426
609.0   284.28201303192134
610.0   291.75636447060685
611.0   284.936284187562
612.0   294.5477532562772
613.0   284.00545298693277
614.0   277.25420746488714
615.0   285.55595217610585
616.0   293.3200329612313
617.0   305.12375465421707
618.0   298.44253534871314
619.0   311.553906733114
620.0   313.18486600335814
621.0   333.49793432316517
622.0   337.8175337927483
623.0   354.27463880546503
624.0   364.62255560611356
625.0   368.5479351644818
626.0   385.39680753892264
627.0   403.7716253897586
628.0   417.93913071203684
629.0   431.4710714581779
630.0   436.89016229054084
631.0   451.0241220173009
632.0   460.1769426802183
633.0   474.70870595683044
634.0   482.0507874756282
635.0   494.84670874089977
636.0   506.59551904778743
637.0   511.4661843542908
638.0   510.41002260420396
639.0   528.5126535066285
640.0   532.0728834310303
641.0   535.4076005426211
642.0   533.9024193023073
643.0   534.097060738108
644.0   529.6111055658089
645.0   529.0215569393132
646.0   533.3512124176139
647.0   530.1991652367542
648.0   526.6316646963761
649.0   521.455951742195
650.0   515.7284770285041
651.0   516.4907063004027
652.0   512.7912579120398
653.0   504.42522963390945
654.0   505.81606494686105
655.0   499.45563773163553
656.0   500.28978620895026
657.0   507.04558695830076
658.0   500.19393523489026
659.0   501.8828785029997
660.0   501.4576689895682
661.0   500.33307867681265
662.0   504.1649789237716
663.0   504.90190890746146
664.0   518.0041334799345
665.0   533.683775114347
666.0   521.5475397901066
667.0   526.0689536404884
668.0   523.3658312220423
669.0   533.7739396982474
670.0   551.9700263062321
671.0   571.618574371685
672.0   578.6884757876308
673.0   574.2126657404401
674.0   581.7899452967802
675.0   600.520657742539
676.0   603.6984481176676
677.0   624.4984176433014
678.0   635.4633915780778
679.0   646.0256074852266
680.0   666.0741028484581
681.0   681.4794031001117
682.0   698.0782269036458
683.0   713.7983682814263
684.0   733.106292541468
685.0   750.4298659494978
686.0   761.3958995170291
687.0   781.9209895037302
688.0   789.689377638208
689.0   814.2478082420081
690.0   832.8731599800609
691.0   838.4878996813029
692.0   870.1139382186572
693.0   889.9066486520685
694.0   884.7052707401676
695.0   903.077011508718
696.0   903.9055748223882
697.0   892.5878289737299
698.0   932.8264222308626
699.0   940.7515425626293
700.0   934.7239207173602
701.0   912.0676582307067
702.0   937.2799888281736
703.0   919.1637408158203
704.0   929.5295020465126
705.0   937.8262795493565
706.0   932.7847833980431
707.0   922.0439378411114
708.0   916.7871838336638
709.0   913.1774391727937
710.0   900.5094636505061
711.0   889.9445136742224
712.0   878.3048453861884
713.0   870.9471151998507
714.0   865.3610447894421
715.0   850.9163316579538
716.0   855.554220445034
717.0   862.3349225822179
718.0   832.4766619688103
719.0   847.46394792796
720.0   823.7949317278133
721.0   821.8530347128706
722.0   827.5812231041745
723.0   822.1549719966586
724.0   828.519318335731
725.0   805.2417587304399
726.0   806.1210870929602
727.0   803.8565038810736
728.0   791.9964615588526
729.0   809.7504934358577
730.0   766.9709548214915
731.0   781.5315258812997
732.0   808.2492844793912
733.0   802.4863760939286
734.0   807.2118206554619
735.0   796.8079889952982
736.0   769.6115505793632
737.0   774.6841953228105
738.0   791.0337534278282
739.0   774.6774916303193
740.0   812.2776669893244
741.0   788.753556679047
742.0   807.432909991126
743.0   789.3369060742881
744.0   796.3729191627582
745.0   790.7990552930457
746.0   794.3264714085648
747.0   803.26861655433
748.0   795.1760570641791
749.0   788.8249739672945
750.0   789.2725164036368
751.0   780.9193400469654
752.0   781.7030363468621
753.0   797.6999331922152
754.0   816.1863620888433
755.0   842.6677257416791
756.0   869.1471595986288
757.0   894.159883461592
758.0   939.4913384978121
759.0   949.9396301703354
760.0   993.4795145198877
761.0   1039.7819363843241
762.0   1073.4765404693894
763.0   1123.6096768046007
764.0   1142.9809608713485
765.0   1174.0013130188938
766.0   1207.8095690720115
767.0   1213.563982894172
768.0   1271.9887947756883
769.0   1249.7533748027913
770.0   1271.452296158749
771.0   1270.2902105686142
772.0   1273.5214074319763
773.0   1236.0545496984182
774.0   1253.6529752592844
775.0   1221.0557750952357
776.0   1220.2257399301764
777.0   1219.32717881424
778.0   1204.9042361169022
779.0   1161.5834579929742
780.0   1149.1185213056096
781.0   1114.830766076314
782.0   1097.4042604712656
783.0   1065.0243949173546
784.0   1035.554296442719
785.0   1009.1515790410684
786.0   981.6244192941105
787.0   956.8781236556208
788.0   920.2596543202012
789.0   904.4690695620959
790.0   879.5715207609534
791.0   841.5633310038211
792.0   826.1691317883462
793.0   791.0708923410575
794.0   766.6034884368855
795.0   742.0477388240935
796.0   718.5794902917349
797.0   724.1061364632453
798.0   669.8287263187833
799.0   641.9251695063383
800.0   624.5256407279749
