600.0   240.1783498503226
601.0   237.0574187826706
602.0   231.1096359931437
603.0   238.8213963882683
604.0   229.24161202014528
605.0   231.5349380021832
606.0   235.20073822174598
607.0   234.2440212358537
608.0   232.50061726667468
609.0   219.22488573768717
610.0   226.04870570626392
611.0   221.9713108888763
612.0   231.11643555011455
613.0   221.21734852158733
614.0   217.2949877638751
615.0   221.59973363688349
616.0   227.8199470552179
617.0   235.39884134591483
618.0   230.89494872985387
619.0   239.55579287196383
620.0   245.26801549837904
621.0   259.2369354402757
622.0   260.75186328222685
623.0   273.39246396472544
624.0   280.43098526253016
625.0   287.6345288870159
626.0   301.70211020294676
627.0   310.6260265613198
628.0   322.76317581501945
629.0   329.98982566343284
630.0   340.0715757687617
631.0   351.3406546183297
632.0   359.0874982074698
633.0   365.40755753017237
634.0   374.40859438841846
635.0   384.8909772517585
636.0   394.1643175812251
637.0   398.07422981333923
638.0   397.5285925600375
639.0   408.43771545878576
640.0   411.02692995427105
641.0   414.1880494210157
642.0   412.87171027917486
643.0   414.951434806375
644.0   412.4468502531603
645.0   412.7218828442583
646.0   417.31838990010993
647.0   412.7242844386353
648.0   408.8890000642499
649.0   404.8573105561891
650.0   403.3384791193648
651.0   400.9882391505682
652.0   401.7313932667949
653.0   393.92093795958124
654.0   393.7536108244775
655.0   392.0776287031632
656.0   393.8298017938292
657.0   392.2964932297566
658.0   387.4035095974198
659.0   393.8065454334803
660.0   392.8663501984689
661.0   391.68078351215763
662.0   392.89244683804327
663.0   392.9282932275936
664.0   401.1757442952796
665.0   414.2492504163197
666.0   405.4562783436614
667.0   408.91179160496193
668.0   406.7432251335347
669.0   414.88357382756675
670.0   435.16986552083387
671.0   444.19356794779026
672.0   448.3478613523376
673.0   450.6693659093235
674.0   452.7215219422323
675.0   469.49963685878197
676.0   472.9956915060061
677.0   486.13788293032826
678.0   497.1554597555819
679.0   506.739936158841
680.0   517.6127722647843
681.0   531.4923660467459
682.0   544.181964785224
683.0   556.7620869592536
684.0   571.4574887347678
685.0   587.1584227476449
686.0   597.9164361680376
687.0   610.0304289594276
688.0   616.9007917432018
689.0   636.1762592239558
690.0   649.6169863540523
691.0   654.571682334325
692.0   678.3968471620645
693.0   694.7741625728493
694.0   692.9711257929143
695.0   710.7404553136273
696.0   704.072183712421
697.0   695.0271556022375
698.0   731.9130714880648
699.0   731.0858032822489
700.0   727.5310625550338
701.0   714.7143964305146
702.0   733.9967085593958
703.0   723.0716909933618
704.0   726.1419219771074
705.0   733.1066577472743
706.0   725.7894401073818
707.0   723.6828018616524
708.0   719.6422544580927
709.0   715.8109851385555
710.0   700.372699560961
711.0   697.7224972084648
712.0   688.9718477278167
713.0   682.4160719101499
714.0   676.439208944448
715.0   668.872879939777
716.0   664.8624791854971
717.0   674.2346215356418
718.0   654.437403030726
719.0   663.3177342146643
720.0   642.5665517096465
721.0   642.9800305312269
722.0   648.0352432023465
723.0   644.783039828748
724.0   649.5509797629159
725.0   628.8651970917613
726.0   628.6571836634638
727.0   631.3110454294667
728.0   620.9271852499767
729.0   632.1997933544995
730.0   600.8764460018527
731.0   609.8893549518561
732.0   633.4866070555897
733.0   627.7608088921588
734.0   631.6763653765943
735.0   623.2124192730614
736.0   603.7857201283225
737.0   605.0060592269347
738.0   618.3170815526693
739.0   611.3418861318116
740.0   636.8888946451021
741.0   621.2726770018071
742.0   631.3567078919997
743.0   620.2297282024282
744.0   621.6843311207398
745.0   615.6471605687997
746.0   622.4841813416289
747.0   624.9805887071445
748.0   621.2475639855852
749.0   615.938949423024
750.0   619.0425771312229
751.0   613.2049199074268
752.0   617.6445746389901
753.0   631.5884030210746
754.0   645.309107970982
755.0   669.2812868851809
756.0   691.5308122352851
757.0   711.0281190092834
758.0   749.1156319485798
759.0   760.1862970241039
760.0   786.3650700784785
761.0   823.2497068115377
762.0   854.1614100624838
763.0   895.9149564483096
764.0   911.0108407225564
765.0   937.4812150061434
766.0   960.6333940315137
767.0   964.8064937157986
768.0   1010.0302037296191
769.0   990.6631992383229
770.0   1014.0029037965564
771.0   1011.6739433297151
772.0   1015.7086819495535
773.0   984.9543231549883
774.0   995.9830976440214
775.0   975.2867950918319
776.0   971.177146155622
777.0   967.4872328453243
778.0   958.4553349241567
779.0   928.1259144196315
780.0   920.0049126372031
781.0   895.1714408463035
782.0   875.7787547670179
783.0   855.7170620071948
784.0   833.2589384364755
785.0   809.4763312309354
786.0   791.8107669732132
787.0   767.1039792823101
788.0   746.6613256439255
789.0   725.8979380125796
790.0   712.5387143650181
791.0   680.7688874651941
792.0   662.544557003433
793.0   642.9281719748811
794.0   620.0620393222246
795.0   600.9662134102961
796.0   584.0555767695818
797.0   588.8088929791171
798.0   547.681221560588
799.0   524.9178304352838
800.0   511.0712433366191
