600.0   174.41479987747203
601.0   173.551186787297
602.0   169.42349115026596
603.0   175.42939375839845
604.0   168.5515854368943
605.0   169.91756314720624
606.0   173.34896602988252
607.0   171.01909565062564
608.0   168.3108122688933
609.0   162.76997535575143
610.0   166.46046652276348
611.0   162.65389019025406
612.0   167.86912651826026
613.0   162.42994445786348
614.0   158.7329841712907
615.0   162.41733485454463
616.0   166.77391006063155
617.0   172.91982522743882
618.0   171.10476809784217
619.0   176.66000272736716
620.0   178.99638869146003
621.0   190.3742225362358
622.0   189.14980134164188
623.0   199.3618139937887
624.0   205.29210675280353
625.0   210.27966798637772
626.0   220.82050849983054
627.0   228.8729259723765
628.0   235.50951334882456
629.0   245.36242670743607
630.0   248.93547744710145
631.0   258.39983867817523
632.0   264.6259275198763
633.0   267.1396535710689
634.0   277.5606491141126
635.0   283.94804479853303
636.0   289.1176523862184
637.0   294.35576021256065
638.0   293.2953818317949
639.0   301.94395342611654
640.0   301.0193260580776
641.0   306.5958607330049
642.0   309.2001836296148
643.0   305.35118355650775
644.0   304.8929623886105
645.0   306.32100544323043
646.0   307.0088568535466
647.0   306.44069230804854
648.0   300.56725533712415
649.0   301.3444704765343
650.0   299.03973840544256
651.0   297.0705494813135
652.0   297.7455766622197
653.0   290.58159245654645
654.0   293.1589737511268
655.0   286.4439507427296
656.0   287.2028048407992
657.0   290.39232189815255
658.0   285.6031659354829
659.0   287.85677740700817
660.0   290.0308079566315
661.0   290.79854663742157
662.0   293.3570637316807
663.0   294.0111176133381
664.0   298.21943598234725
665.0   307.3520726368105
666.0   300.0580284594534
667.0   303.9461288672812
668.0   303.5097595751806
669.0   308.89273039807324
670.0   318.3881971588057
671.0   328.9846358607342
672.0   331.7484018072028
673.0   332.179700917773
674.0   334.25190575685286
675.0   346.43009734951306
676.0   347.2150179875865
677.0   356.32481504026055
678.0   368.35313883943513
679.0   373.8219354408355
680.0   381.64367064034
681.0   390.96828918972346
682.0   401.7090019800256
683.0   411.72634381441384
684.0   422.6582486520982
685.0   433.41216204222343
686.0   439.51626461265425
687.0   450.04314251177055
688.0   456.1660109719872
689.0   469.1992484553367
690.0   479.5089756208945
691.0   480.9453447979707
692.0   501.43679612431106
693.0   511.5645275232511
694.0   507.90761973926874
695.0   522.667882852144
696.0   520.1813441634265
697.0   512.5876243187207
698.0   538.4995613800886
699.0   543.2675976067678
700.0   537.4046123895298
701.0   525.2601205766605
702.0   537.9158084369142
703.0   532.3367403923526
704.0   539.0018496694788
705.0   540.8665916857027
706.0   535.9724617195641
707.0   531.0836756116777
708.0   529.3619867385621
709.0   526.9400318776896
710.0   520.060706089045
711.0   514.902311207632
712.0   508.9809033653148
713.0   501.1553594228887
714.0   502.7957772291373
715.0   494.1527894556361
716.0   494.35991713595206
717.0   494.6863024616042
718.0   484.25821355983527
719.0   488.6968666509704
720.0   475.27441918740413
721.0   476.15421686070795
722.0   479.5367201696936
723.0   473.94393227239414
724.0   478.2315335906796
725.0   465.14055676923357
726.0   467.18599449956446
727.0   465.6560436566934
728.0   459.73560948097435
729.0   467.29535863619435
730.0   444.3578155718376
731.0   453.86660373661766
732.0   468.7733734591449
733.0   465.4123144378121
734.0   466.1266959099793
735.0   462.1027848461665
736.0   443.5650232748228
737.0   447.88839203352325
738.0   459.2755475724713
739.0   452.9017868690756
740.0   469.70743768404395
741.0   457.77152026352724
742.0   464.66840613390946
743.0   456.43963304742067
744.0   460.8030938816521
745.0   454.9770037594569
746.0   458.2819129935591
747.0   461.9202673605929
748.0   457.46429987804936
749.0   453.1691455775239
750.0   455.9718865939619
751.0   455.17050126068546
752.0   457.58701766962406
753.0   469.16793316276056
754.0   480.7660426805659
755.0   496.79569852480677
756.0   514.9761583183001
757.0   527.9497386886162
758.0   555.4089697646674
759.0   565.3546289098321
760.0   586.8782117629501
761.0   609.7557551218244
762.0   637.8714339074529
763.0   664.1572158755944
764.0   675.7485298315519
765.0   693.7847053082598
766.0   711.0426502666826
767.0   713.1868725220096
768.0   746.7205004341805
769.0   733.7843803158889
770.0   749.420352702894
771.0   748.6124606867613
772.0   746.6761596192
773.0   732.2136553829871
774.0   736.4933978041945
775.0   722.8273946576096
776.0   721.0789174794393
777.0   720.4879964927004
778.0   712.5999072590776
779.0   687.5356230817335
780.0   680.3881655167883
781.0   663.8087045085324
782.0   648.6155934251177
783.0   631.7121214122625
784.0   621.2759340305721
785.0   602.4844330475106
786.0   586.4953264942886
787.0   573.8760691514242
788.0   555.9967872506631
789.0   544.5955733301721
790.0   530.1351657811268
791.0   507.0764381146075
792.0   496.34976971445343
793.0   482.3571056605841
794.0   460.8758895494263
795.0   448.1304460043259
796.0   440.11065972285417
797.0   443.4887313121661
798.0   410.1126849910075
799.0   392.0750433936657
800.0   383.6555417013253
