600.0   123.86344396030046
601.0   122.2199841210271
602.0   120.78769833223421
603.0   123.37943613710169
604.0   116.37864064304216
605.0   117.89167892136419
606.0   124.46112119577029
607.0   120.5139329810734
608.0   120.18296225841743
609.0   114.03877368742886
610.0   116.04249586846421
611.0   114.17978603807211
612.0   117.97415093588273
613.0   114.5435119555246
614.0   111.26045574476939
615.0   113.86436961375759
616.0   118.40389217951324
617.0   119.71540272210842
618.0   118.9124147762866
619.0   122.83667428954323
620.0   126.42023249844834
621.0   132.1787871170766
622.0   133.0988075801452
623.0   140.6781311950499
624.0   142.46851968466729
625.0   147.91861293189413
626.0   155.7195203385542
627.0   161.50616343707856
628.0   167.04779663598487
629.0   172.68830362316342
630.0   176.95144450401602
631.0   180.80561030742987
632.0   186.44461430751116
633.0   190.54006973107147
634.0   195.97653673010993
635.0   199.90251776691466
636.0   205.3990332048477
637.0   207.26531089807864
638.0   206.40551303239155
639.0   212.84155530092923
640.0   212.40445514333481
641.0   214.5136577284735
642.0   217.21363376034063
643.0   216.77063268178185
644.0   213.9332936962746
645.0   215.17822625065244
646.0   218.28122368111445
647.0   214.59014333459993
648.0   213.58482793243556
649.0   211.69373721961327
650.0   209.95596294152105
651.0   210.45416498827478
652.0   208.2552813631666
653.0   206.7564500721703
654.0   204.78861098008088
655.0   202.98839657210456
656.0   203.92494589838446
657.0   203.77694530598905
658.0   201.43111404298503
659.0   206.19072754905528
660.0   205.58712338874733
661.0   204.18022616481164
662.0   205.16183543362249
663.0   207.86580290673024
664.0   210.37722284822448
665.0   215.492169359903
666.0   212.66056416309794
667.0   214.3330912878127
668.0   213.25400331794023
669.0   217.51108191396025
670.0   225.2854974955436
671.0   231.82903422966461
672.0   235.18752264091756
673.0   236.2200347399941
674.0   235.82870870485084
675.0   244.0600344334071
676.0   245.80422950269997
677.0   254.70681491563232
678.0   260.83194216950005
679.0   263.39068683639135
680.0   271.77004090383195
681.0   277.0315901073559
682.0   285.14427145147886
683.0   291.2108990642927
684.0   296.4511588198121
685.0   305.5387211884481
686.0   312.03373908735125
687.0   318.29947865516493
688.0   323.7914464514075
689.0   331.0068940976686
690.0   339.88298424509264
691.0   340.6109823590503
692.0   355.17834549844395
693.0   361.81949326831926
694.0   361.84616752004933
695.0   370.44355430608283
696.0   368.89545410845244
697.0   364.23033498553445
698.0   381.506189421098
699.0   385.6861250839002
700.0   380.8680880827136
701.0   371.3502035625274
702.0   379.75362726605675
703.0   376.08448932536385
704.0   381.3158893658452
705.0   382.15128585313346
706.0   382.4415610568504
707.0   376.93037465798216
708.0   375.8479009398385
709.0   371.22763527838197
710.0   365.05277784048735
711.0   364.53304472137387
712.0   358.46858427869756
713.0   353.90845114349025
714.0   356.0739390604006
715.0   350.53581604974096
716.0   349.0451200363367
717.0   352.69331213203327
718.0   342.9370126967496
719.0   344.8738645913186
720.0   338.06448974419135
721.0   338.45240826349834
722.0   340.03652060509046
723.0   337.24006998920527
724.0   339.51451663425934
725.0   331.5113252458539
726.0   330.9742872137648
727.0   331.4552065004529
728.0   326.8043172667457
729.0   333.5403382407686
730.0   316.68346394690286
731.0   320.53437419989814
732.0   332.94551817511643
733.0   330.3034037019257
734.0   331.47419056581145
735.0   327.06331532549166
736.0   316.5380371612225
737.0   317.0859187032841
738.0   323.91287261062905
739.0   320.34445094689045
740.0   333.62332439336296
741.0   325.1849504661486
742.0   331.2869166417763
743.0   325.98246703825373
744.0   327.96773006121646
745.0   321.606328520807
746.0   326.083046415685
747.0   327.83379376029404
748.0   322.7627237656724
749.0   322.17967670034477
750.0   325.583631316934
751.0   321.60710185224036
752.0   328.3488340863562
753.0   335.13812056736475
754.0   345.11324554083365
755.0   356.1316858789146
756.0   369.51219841966457
757.0   377.95212752643374
758.0   397.8477476744986
759.0   405.38619129682695
760.0   416.5326121878647
761.0   436.72521862049484
762.0   450.9409216097018
763.0   470.8015544084405
764.0   482.00885895054597
765.0   494.09369167727556
766.0   508.15636418346054
767.0   507.1879099153459
768.0   530.2582553360894
769.0   521.176654874053
770.0   530.571682328281
771.0   533.0033358293636
772.0   534.4565202607272
773.0   517.4301285258914
774.0   526.9856489268487
775.0   512.9984650195199
776.0   512.8076818354866
777.0   510.3203463160487
778.0   507.908971307577
779.0   493.32048573258555
780.0   484.88606062991505
781.0   473.99692961613476
782.0   464.05760857278335
783.0   452.3559474070314
784.0   444.36699189235094
785.0   430.1170541425821
786.0   420.22307242454815
787.0   409.66021942521667
788.0   395.80810600830074
789.0   389.36293142838633
790.0   379.2650235498154
791.0   362.4107646305356
792.0   356.76164233297817
793.0   343.7077870596685
794.0   331.74199677796224
795.0   324.1500460220501
796.0   315.6310972811566
797.0   317.95737473944143
798.0   296.51881784840356
799.0   284.30633857819083
800.0   276.722598749344
