600.0   77.41659270269156
601.0   74.7876893243207
602.0   73.59519162493226
603.0   76.94539044813487
604.0   72.8521015006358
605.0   74.04433501824565
606.0   75.79228074644217
607.0   75.22483454498123
608.0   73.1841135034656
609.0   69.71726953551897
610.0   70.55061054987354
611.0   69.98936418254061
612.0   72.84342015757369
613.0   70.022257100302
614.0   71.05283575750133
615.0   71.9703795115478
616.0   74.0687594394864
617.0   75.35280058447978
618.0   73.29314735124177
619.0   75.09017492323454
620.0   78.0824374210016
621.0   82.42565732473756
622.0   81.69551510227808
623.0   85.75564757035562
624.0   90.02013402666483
625.0   91.59443841611665
626.0   96.41623753362856
627.0   97.87582216151253
628.0   104.12759310344188
629.0   106.14538965087016
630.0   108.86922118790199
631.0   113.36060141760757
632.0   115.28686963773575
633.0   117.30498172207166
634.0   121.4354903622527
635.0   122.5364356641879
636.0   125.9956094547255
637.0   128.3741118878127
638.0   128.66939632037221
639.0   131.83883026211035
640.0   132.83417483616614
641.0   135.56678641748408
642.0   134.76484944814663
643.0   134.47172416366138
644.0   132.67728167295596
645.0   133.52373353561168
646.0   133.28132883981726
647.0   134.93512396282773
648.0   133.1880641760255
649.0   133.64150985612415
650.0   131.39702899938206
651.0   130.86876951129915
652.0   129.67076045114328
653.0   127.72178305545361
654.0   130.21757613815572
655.0   126.00671121371082
656.0   128.02140400015298
657.0   127.41710258476974
658.0   127.20620197629023
659.0   127.13433027566737
660.0   127.35068379091905
661.0   129.80188295552063
662.0   129.68290015172406
663.0   130.13233205362704
664.0   131.65894249322625
665.0   134.97047047437573
666.0   133.33723924797403
667.0   132.10907111830954
668.0   134.6842926635599
669.0   137.95886114466634
670.0   141.03039438004578
671.0   146.4275748288415
672.0   148.1661484559695
673.0   148.94005367906294
674.0   147.572437187836
675.0   153.17900557694242
676.0   155.15627714419577
677.0   158.6890555404609
678.0   160.02263745653943
679.0   165.95308358468105
680.0   171.63464809596255
681.0   176.03657824427884
682.0   180.01671098253257
683.0   184.2487229872799
684.0   187.85319584402822
685.0   192.36604973565193
686.0   195.92402860877942
687.0   202.97814892081686
688.0   201.34416879778496
689.0   208.22789889492387
690.0   214.5182961162927
691.0   217.32375685841117
692.0   225.10876357576274
693.0   230.36232249964849
694.0   231.01152456623967
695.0   233.56293900663792
696.0   232.5487458283134
697.0   231.32935088741843
698.0   241.92860261659132
699.0   244.4894847959128
700.0   242.2735185152102
701.0   235.8103449838544
702.0   241.34021296256714
703.0   239.11774123912883
704.0   243.76891456980576
705.0   243.68421821178433
706.0   243.6964469283272
707.0   238.3917119185874
708.0   239.22001146911398
709.0   237.5509466194935
710.0   233.20067780286192
711.0   231.4807807191408
712.0   228.6394435344313
713.0   226.3179766354496
714.0   226.4225127480766
715.0   222.48830615329246
716.0   222.668367594628
717.0   225.73902378878674
718.0   216.33420812709846
719.0   220.68679829948647
720.0   214.99568791920802
721.0   217.60942306501576
722.0   216.92804639876783
723.0   214.79049411516095
724.0   217.25466072751846
725.0   211.35120945071492
726.0   211.0169084082672
727.0   211.55049033993345
728.0   208.74570419828785
729.0   211.72062057093447
730.0   201.37126086057887
731.0   203.70253745885847
732.0   211.21742917230915
733.0   210.17375538571787
734.0   211.34360376656977
735.0   207.17784247227402
736.0   203.74113206329338
737.0   204.18867728710222
738.0   208.54236502943448
739.0   203.7824890704494
740.0   213.93760348050708
741.0   206.56954331703326
742.0   211.3076181664766
743.0   208.2768176928873
744.0   208.60702041495583
745.0   204.47891183946282
746.0   208.22348288451388
747.0   208.15886366177222
748.0   207.12918630740424
749.0   208.77281916716504
750.0   208.30958179982358
751.0   207.2119158807609
752.0   208.81974077482064
753.0   217.08498919953837
754.0   220.06157032338527
755.0   226.19599622606935
756.0   236.52732935376832
757.0   241.91965391135852
758.0   256.61758754843555
759.0   260.1613644314151
760.0   269.11322261627635
761.0   279.09732131986664
762.0   290.33708054179255
763.0   302.084248345974
764.0   307.3771603453748
765.0   316.8148206858084
766.0   323.38343192407183
767.0   324.64288123524807
768.0   338.8933966489201
769.0   333.549825252853
770.0   341.95236083178276
771.0   341.48800172798326
772.0   339.72579042129485
773.0   331.46961813527486
774.0   337.2671607169632
775.0   326.90132037744826
776.0   328.42992353895244
777.0   324.34700777587216
778.0   322.3854931235657
779.0   314.86306465698874
780.0   310.5184396815873
781.0   303.4119650212793
782.0   298.32860641940215
783.0   291.56907946172333
784.0   283.8216053071602
785.0   278.55520472733656
786.0   269.4007820958632
787.0   262.02839015395494
788.0   254.60019260299993
789.0   251.01629779388674
790.0   243.62516428164102
791.0   232.95772018172462
792.0   226.78487393429333
793.0   223.2887801058031
794.0   213.22494451456515
795.0   205.95049921925138
796.0   199.8892474159956
797.0   203.86912778490702
798.0   190.483757582635
799.0   183.24393148418346
800.0   179.30558708172617
