600.0   47.71660277221733
601.0   44.60815005947512
602.0   43.419214270647615
603.0   48.740320419200884
604.0   44.155646357203295
605.0   44.686504198190164
606.0   45.292032494625005
607.0   43.40518690292467
608.0   43.82809554983706
609.0   42.85233698632092
610.0   43.47720057066675
611.0   42.54686335462347
612.0   44.6868895810224
613.0   43.274434397662844
614.0   41.14124130098173
615.0   43.142699324208905
616.0   44.20616426561182
617.0   44.90227999731803
618.0   44.880847437780744
619.0   46.06317385057167
620.0   47.054178510998725
621.0   50.80124605350122
622.0   49.20633949768427
623.0   52.58462819227515
624.0   54.09506778679818
625.0   55.1665040126247
626.0   57.42928759026759
627.0   59.66407636745612
628.0   62.50383037963567
629.0   63.40628839748504
630.0   65.77698242740826
631.0   68.76944128079094
632.0   69.55570276182166
633.0   70.43349725991419
634.0   71.50261406912338
635.0   73.41768794968547
636.0   76.28495057542219
637.0   77.80937028345804
638.0   76.35193880301645
639.0   77.91622739559213
640.0   80.27620457139886
641.0   80.66812339200891
642.0   82.42855948957944
643.0   81.45716372768933
644.0   79.77515506754045
645.0   78.93530577141863
646.0   81.01705751071296
647.0   82.04454559928217
648.0   80.1924660879699
649.0   80.97278984839281
650.0   78.16240573413907
651.0   79.0885348324054
652.0   79.27401628747106
653.0   76.42700128456266
654.0   77.49042402022167
655.0   76.59673618979534
656.0   77.37273713814028
657.0   76.8412616219614
658.0   76.46990883046277
659.0   77.51270479481775
660.0   77.09477573617664
661.0   76.90074948893431
662.0   77.58724399581118
663.0   78.18688925979976
664.0   77.09010461180938
665.0   79.48349051974074
666.0   80.47048744044429
667.0   80.0491296245861
668.0   80.56065571788875
669.0   81.95769815636402
670.0   86.02199455576744
671.0   88.03206011480472
672.0   89.7838700430272
673.0   89.21222289406325
674.0   88.15938045356785
675.0   92.07611015336454
676.0   93.86693811520428
677.0   97.432208236164
678.0   98.73209108571535
679.0   98.90911709385432
680.0   100.491339664663
681.0   105.22365669422604
682.0   107.1286038645921
683.0   110.08421535647324
684.0   112.85119764191523
685.0   116.43554758826468
686.0   119.12906732504305
687.0   121.83291385127825
688.0   124.26788786316502
689.0   126.4688375257297
690.0   127.316267708543
691.0   128.4860893923572
692.0   134.0291144974554
693.0   136.5802454050634
694.0   139.03796654593052
695.0   141.82577914314408
696.0   140.41023162787278
697.0   140.31752802143902
698.0   145.9182208049371
699.0   149.60740052396216
700.0   147.30108972835254
701.0   142.3423979947899
702.0   147.6871999454866
703.0   142.71453013769874
704.0   148.15476330723385
705.0   146.9764430853095
706.0   145.5741709215992
707.0   142.82373015690544
708.0   143.68121729481632
709.0   145.27329902741556
710.0   142.0383936096654
711.0   141.21408360735222
712.0   138.50749235028533
713.0   135.77943594343202
714.0   138.57597190746503
715.0   135.28015239479566
716.0   134.3809167438977
717.0   136.7069416696285
718.0   132.14932997901434
719.0   132.1679591679563
720.0   131.72873284695902
721.0   131.9819943869832
722.0   131.27617654614232
723.0   130.1409597522252
724.0   132.68812367760256
725.0   128.28865596193094
726.0   126.48048373438596
727.0   128.64918007204312
728.0   126.44420294210141
729.0   126.66371716030469
730.0   122.85435803458446
731.0   124.44152045365516
732.0   128.17270444803177
733.0   129.4387681279763
734.0   129.01426209377675
735.0   126.22924085099933
736.0   123.0283891299232
737.0   124.0953576622502
738.0   127.17650822878929
739.0   125.43783791870015
740.0   130.37215584280236
741.0   126.06936149628427
742.0   128.25382972304695
743.0   127.23792004976829
744.0   126.44422923296295
745.0   123.98980424107546
746.0   125.93640496215937
747.0   126.30434958149078
748.0   127.15093408066596
749.0   127.01227837013602
750.0   128.24535156076124
751.0   125.92595776352795
752.0   127.46156805966118
753.0   130.83484264282316
754.0   133.443460849199
755.0   139.80618275009542
756.0   145.5059014440539
757.0   147.9701898602002
758.0   155.86392472095082
759.0   160.46371562009975
760.0   162.90475492496802
761.0   169.27826337411696
762.0   178.1187616462434
763.0   184.19138945003164
764.0   186.0489160358282
765.0   193.9925244188218
766.0   200.83385754614
767.0   198.41165306473718
768.0   206.4849483944504
769.0   205.77871438338477
770.0   209.73574766457926
771.0   208.00441796596866
772.0   206.96273742584754
773.0   202.68485097030145
774.0   204.7341538648235
775.0   199.93684007722584
776.0   199.25595569812464
777.0   199.5958858860546
778.0   197.31641536807427
779.0   192.4656657899113
780.0   189.6776431446226
781.0   183.41686508679373
782.0   180.38845960220945
783.0   177.43023455447246
784.0   174.37458770925804
785.0   170.00679547425213
786.0   165.74017695740855
787.0   162.15502573371083
788.0   154.98429155990777
789.0   150.5350351683448
790.0   149.21991444710054
791.0   141.68498045335625
792.0   137.23333537210993
793.0   136.74241307276768
794.0   130.23487115425536
795.0   126.20515094292122
796.0   125.21396406592271
797.0   123.89493475657119
798.0   115.23518968275368
799.0   112.5875338517501
800.0   110.08211723179261
