600.0   27.615892401093305
601.0   25.91913005290189
602.0   25.860429335070165
603.0   26.947315153194864
604.0   25.812751837302045
605.0   25.631698498275
606.0   27.68691858747991
607.0   26.623044594645847
608.0   25.731149006108865
609.0   24.558375320324103
610.0   25.947915733184317
611.0   24.350432610540054
612.0   26.558517505618852
613.0   26.455066775144246
614.0   24.776440736197685
615.0   23.88542122672007
616.0   26.19035650220121
617.0   26.849082539335882
618.0   26.141349329245486
619.0   26.39856324111682
620.0   29.007509865685506
621.0   29.878805685017113
622.0   28.58453407374361
623.0   30.93406327264063
624.0   30.042101909389828
625.0   31.190673802358504
626.0   32.358873176527055
627.0   32.79784037999593
628.0   36.15315031340825
629.0   36.679792745241144
630.0   37.20588581273978
631.0   37.676705150041045
632.0   39.99954825075278
633.0   38.40466709125823
634.0   41.024574221243995
635.0   43.97647353917276
636.0   42.37534316767676
637.0   42.65591553602897
638.0   42.810005129283354
639.0   45.51158439415252
640.0   45.27358884619571
641.0   45.467958943626826
642.0   46.709952058610014
643.0   46.678826065814604
644.0   44.907384270037
645.0   44.26819518623461
646.0   46.14070546970132
647.0   46.10990390129487
648.0   46.377192847854246
649.0   46.34383004991085
650.0   44.38949884223322
651.0   44.563120847667136
652.0   45.4990908793682
653.0   44.73429684175565
654.0   45.02728374355621
655.0   43.51516230884113
656.0   44.49583802210688
657.0   43.537760820936654
658.0   43.04762484650814
659.0   44.6719512208893
660.0   43.24026360141369
661.0   43.97808622473889
662.0   43.39312846870314
663.0   43.81640210930976
664.0   44.34411964367439
665.0   45.81470258398812
666.0   46.209059527155944
667.0   43.927283355100286
668.0   45.472466472468085
669.0   47.75310718769515
670.0   48.794966259932124
671.0   49.87390021962497
672.0   49.88516123998281
673.0   50.34954692539441
674.0   51.14999062384166
675.0   53.458428599149926
676.0   52.75839627502802
677.0   53.390355036590535
678.0   54.41958422095473
679.0   55.76146409794637
680.0   57.79497307220905
681.0   57.65316203931198
682.0   61.11249908239864
683.0   60.98300810178705
684.0   63.3480412986234
685.0   66.32442231418005
686.0   67.45882477578863
687.0   71.4223458334414
688.0   70.6654557516681
689.0   69.25160391839793
690.0   72.78152398752368
691.0   73.03513521771356
692.0   75.25955947285024
693.0   77.98650250027742
694.0   78.94600729528563
695.0   79.21908863987142
696.0   79.71962198020034
697.0   78.29158767486248
698.0   82.80077035943367
699.0   84.07481993271881
700.0   82.73217879270052
701.0   80.94819774310253
702.0   83.82587972032695
703.0   79.80650230034476
704.0   83.47787308115204
705.0   83.20439859646913
706.0   83.19022427965041
707.0   80.12899074854917
708.0   82.36140817406815
709.0   80.93784852131287
710.0   80.28246491242678
711.0   78.87753360221046
712.0   78.19380200253923
713.0   77.53251041150668
714.0   79.25010112578923
715.0   75.5016754479555
716.0   76.9808122710987
717.0   76.26223089520303
718.0   73.63904946838647
719.0   75.8832487298487
720.0   72.42000612502028
721.0   74.90061228959976
722.0   73.28541690168078
723.0   73.00365427687004
724.0   74.81080020746975
725.0   72.93036682026212
726.0   72.26932284729898
727.0   73.59687627678045
728.0   73.36536192921398
729.0   72.77284940209651
730.0   68.25486222537535
731.0   71.39450447809182
732.0   71.21273484129466
733.0   72.90365171525792
734.0   72.51688192491699
735.0   73.87013837183386
736.0   70.37508638416409
737.0   70.60799711184461
738.0   72.0097948411362
739.0   71.3970203009078
740.0   73.85732445332772
741.0   71.13631114117362
742.0   72.85574277248256
743.0   71.50499838817714
744.0   71.84455817645383
745.0   70.66398326983986
746.0   71.59623777675836
747.0   71.15167010891435
748.0   73.14652381742067
749.0   72.06478504935478
750.0   73.32880327074568
751.0   71.41520713045668
752.0   71.56788729529282
753.0   78.00103792242152
754.0   77.3714376395263
755.0   79.52699489675595
756.0   82.8931798847072
757.0   84.21983773146985
758.0   88.14139551173133
759.0   90.0081453514824
760.0   91.45912536848698
761.0   96.68704327299687
762.0   100.13356257626532
763.0   102.86047599766488
764.0   105.62031923088949
765.0   110.56361977193995
766.0   109.46933120088596
767.0   110.11724043059488
768.0   114.63368683062484
769.0   114.39567423973367
770.0   116.52564054917599
771.0   116.13606097590284
772.0   115.51418515032043
773.0   112.07521932068664
774.0   113.89462084069788
775.0   111.808734355377
776.0   113.25035788028902
777.0   111.69968538361661
778.0   109.08086654511698
779.0   107.27398114179798
780.0   107.2867588759525
781.0   101.84579419968958
782.0   100.60487772221367
783.0   99.8366519142254
784.0   96.86654080919709
785.0   93.97218191576778
786.0   91.54231380024447
787.0   89.57395196940098
788.0   85.80820710495976
789.0   85.02447617651632
790.0   86.55649943006486
791.0   79.98809415021273
792.0   77.42318504944643
793.0   75.49680352380167
794.0   73.09649601849611
795.0   69.6817417049497
796.0   67.8871538230556
797.0   69.28609886156684
798.0   64.75892269618777
799.0   62.219263224664786
800.0   61.212905263674145
