600.0   18.159025662677607
601.0   15.955816049974914
602.0   16.232507640625045
603.0   16.260942146339545
604.0   16.74572847660886
605.0   15.586150807936434
606.0   18.063470658873683
607.0   14.909522005171624
608.0   14.843008008873767
609.0   15.358796006908364
610.0   15.976722406421914
611.0   14.839227336070735
612.0   17.285751764731287
613.0   15.163168186633442
614.0   14.868888669515343
615.0   16.23579846220639
616.0   16.05393276038322
617.0   15.66429626803344
618.0   15.32672562631572
619.0   15.946554208103578
620.0   17.159949971767674
621.0   19.021282357996796
622.0   16.82367942382166
623.0   17.50551348587632
624.0   18.36082603613687
625.0   16.569100102520935
626.0   18.848442341901574
627.0   19.50589120955692
628.0   22.243219667311564
629.0   20.91026968909867
630.0   21.25146497548809
631.0   21.710016017085906
632.0   22.09428618888424
633.0   22.335409014729265
634.0   23.085656184956264
635.0   25.122455440335187
636.0   23.95773294645386
637.0   25.874278964019
638.0   25.60821615091467
639.0   24.629279881917398
640.0   24.15187496446333
641.0   26.035958838997658
642.0   25.139568880790648
643.0   26.332482678484837
644.0   24.23659012665709
645.0   24.25959699864302
646.0   24.97273573939077
647.0   25.068431696732205
648.0   25.825367904811344
649.0   26.578600943249086
650.0   24.262122678542056
651.0   24.783679475840046
652.0   24.185024384782622
653.0   23.882378876510927
654.0   23.770409456109263
655.0   23.46302270465611
656.0   23.387211953592498
657.0   23.21069071254834
658.0   22.781469919559356
659.0   22.894352925307373
660.0   24.325622078077515
661.0   24.255766016647897
662.0   23.011415583995273
663.0   23.444602596112134
664.0   24.915024892607505
665.0   24.107933407158924
666.0   24.700704726139975
667.0   24.177700685591844
668.0   26.044036205487743
669.0   26.110302665554485
670.0   25.3950036972642
671.0   25.89513287650601
672.0   26.467987908181954
673.0   26.274329376605692
674.0   26.90434094100209
675.0   28.424815317903807
676.0   27.195196100806555
677.0   28.355743670922095
678.0   28.176907784407348
679.0   29.603926065320906
680.0   30.772857010172487
681.0   31.10024347393778
682.0   30.940319268581874
683.0   31.427980177431465
684.0   33.301872469793295
685.0   32.76170863462994
686.0   33.40401073146745
687.0   36.35630287649181
688.0   35.130569484404816
689.0   36.2161523794673
690.0   37.989228333125226
691.0   37.982777895372465
692.0   36.28970481601448
693.0   39.80995669600878
694.0   41.73511158067899
695.0   40.80663810591457
696.0   39.96900146781624
697.0   40.81083512152176
698.0   42.03046190757638
699.0   42.05552027223831
700.0   42.31397895587949
701.0   40.64207664177184
702.0   42.24086671354365
703.0   40.70776626101332
704.0   43.40012239890572
705.0   41.53303418701964
706.0   42.66343347200987
707.0   39.517454865886606
708.0   41.56776243996697
709.0   40.74048542879342
710.0   40.92252665531052
711.0   39.61557526614018
712.0   40.57944302336452
713.0   37.871047617282215
714.0   40.911446552010005
715.0   38.73429619975121
716.0   38.447634072754596
717.0   39.757136992394265
718.0   37.21704573817368
719.0   38.958004625543225
720.0   36.564849457528084
721.0   36.761373339248365
722.0   36.86834652622011
723.0   37.61703406958395
724.0   36.61667694603966
725.0   37.512670796765065
726.0   37.19834252878067
727.0   36.84912309880369
728.0   35.923985246791034
729.0   37.3673848075895
730.0   33.76715841612287
731.0   34.78816220375933
732.0   36.530461009401506
733.0   35.50121498343455
734.0   36.44142586799333
735.0   35.86899255372225
736.0   36.057292188682425
737.0   35.19499488944794
738.0   36.86613926093787
739.0   36.158537655339046
740.0   37.198106637326276
741.0   35.37531654755321
742.0   35.19282734232604
743.0   36.405310833185666
744.0   35.16119277014346
745.0   35.45034151824862
746.0   36.130206970042224
747.0   36.57397202223774
748.0   36.53398514424268
749.0   37.36160566927407
750.0   37.33964988857494
751.0   35.86650292899756
752.0   36.61829662739066
753.0   37.384519078237645
754.0   38.88147655200282
755.0   38.30973075652432
756.0   41.46178545265522
757.0   41.43738613672568
758.0   44.806432099835064
759.0   44.2246323586468
760.0   46.52014195998541
761.0   47.10469004452207
762.0   48.62832061095139
763.0   50.477178096902776
764.0   52.518460334200654
765.0   52.806476701583875
766.0   54.05850996940805
767.0   54.311505442212365
768.0   54.19037086766366
769.0   56.38338453900636
770.0   55.989121632820655
771.0   57.232634488228314
772.0   57.267735988687406
773.0   53.31588041729765
774.0   54.49888177890938
775.0   53.77780307498762
776.0   53.803918255454846
777.0   53.555205133745915
778.0   53.107773190499984
779.0   51.910461366522696
780.0   51.241895039580754
781.0   49.70337391552118
782.0   48.57454336776095
783.0   48.22336796808662
784.0   48.57988219290223
785.0   46.14142858295898
786.0   46.98225094694911
787.0   44.26490288253183
788.0   41.96813302804756
789.0   42.90927311298327
790.0   41.10423090941791
791.0   38.38176719146091
792.0   36.714744379581475
793.0   36.64001851572536
794.0   36.40503339958744
795.0   33.34896101318262
796.0   32.93877929020948
797.0   35.0305040385218
798.0   30.800884284130888
799.0   31.30665876475976
800.0   29.044664460164483
