600.0   18.81632068988003
601.0   17.327515696199868
602.0   16.35626418680073
603.0   16.84367775081961
604.0   15.21387576333754
605.0   17.844968424739562
606.0   17.74624371532269
607.0   16.085654782065006
608.0   16.55283349446117
609.0   14.406061734273266
610.0   14.488309336071893
611.0   14.92809485562384
612.0   15.592165235722064
613.0   16.35647071662956
614.0   14.068183868635884
615.0   16.336067368649935
616.0   15.545036799894348
617.0   15.294426834115228
618.0   14.191435954101962
619.0   14.344260038812251
620.0   17.26494386488099
621.0   17.440954735859833
622.0   16.276104875107762
623.0   17.316670720944387
624.0   16.762602794751018
625.0   15.89693100315526
626.0   16.816076860656295
627.0   17.92831019467272
628.0   20.403987407580303
629.0   18.28462941072499
630.0   19.27720919629047
631.0   19.350366524061343
632.0   19.404736728287872
633.0   19.846527156333764
634.0   22.29720951555933
635.0   21.258645679192938
636.0   21.451532721670333
637.0   21.926561071023343
638.0   21.53341535932455
639.0   21.950392382625893
640.0   21.03615483972834
641.0   23.26140174755278
642.0   22.782980086594165
643.0   22.09852860920219
644.0   20.606511240327677
645.0   20.078584224899913
646.0   23.103338029925453
647.0   21.66939177278678
648.0   21.58066572571758
649.0   21.28074183615084
650.0   19.87349106017706
651.0   19.426146255916592
652.0   20.791464555978678
653.0   20.439893159326914
654.0   20.055314858350982
655.0   20.087686399187618
656.0   20.29700876656767
657.0   19.146948208534212
658.0   17.62294661457497
659.0   19.22677655464227
660.0   19.147128698818506
661.0   20.59826939510384
662.0   19.69252689342636
663.0   17.715527884177362
664.0   18.294893175612003
665.0   18.30656400871905
666.0   18.588199025679216
667.0   19.14318699784141
668.0   19.013431979681314
669.0   19.344439604575825
670.0   20.18899669936056
671.0   20.48195746632888
672.0   20.20699846908579
673.0   20.59859241033817
674.0   19.661195738302638
675.0   21.275696034418303
676.0   22.963227079066826
677.0   21.55893613864393
678.0   20.535854546209322
679.0   22.890270988621978
680.0   21.99593544202793
681.0   23.296561462530946
682.0   23.21824174643092
683.0   22.978152072132247
684.0   24.498462966645604
685.0   25.002708853216205
686.0   24.71551519813508
687.0   26.975505369709254
688.0   24.961948084771507
689.0   25.726258900297353
690.0   27.25445592270134
691.0   26.869665243401073
692.0   27.166850299496474
693.0   28.63943340451192
694.0   29.24100480598142
695.0   28.895720031530118
696.0   28.798964454052026
697.0   27.611207689736858
698.0   29.33573603141383
699.0   29.009659233030533
700.0   29.432700675258815
701.0   27.425163815293217
702.0   29.84409278903908
703.0   27.91421197917728
704.0   29.62727290263348
705.0   28.49230678239755
706.0   29.90852071976306
707.0   27.41223602279001
708.0   28.15741894220332
709.0   27.857226849521254
710.0   27.161650066170978
711.0   26.58164474399416
712.0   25.385179209193012
713.0   25.126884541705124
714.0   28.363443083367997
715.0   25.523102949507972
716.0   26.257064155217677
717.0   27.094135978869673
718.0   24.138561499029436
719.0   24.698704640008003
720.0   24.584415345153076
721.0   24.811984635447146
722.0   23.807856970748077
723.0   25.00592186009635
724.0   25.23635229792137
725.0   25.03866885045511
726.0   24.145834445015396
727.0   25.49851329238831
728.0   23.449426649301188
729.0   22.071664945084223
730.0   22.003795614854226
731.0   22.7717593343194
732.0   24.32201201311932
733.0   23.25020054177125
734.0   24.060045000714354
735.0   22.345973246678426
736.0   24.808190649651124
737.0   20.934105780324984
738.0   23.848408145774812
739.0   23.1909963989483
740.0   23.992441270059373
741.0   21.009641389869927
742.0   22.290748810602878
743.0   22.498303890304044
744.0   22.90476620025956
745.0   21.733034860456797
746.0   22.236819813242903
747.0   21.89478038072025
748.0   21.701807869665515
749.0   21.960794338186275
750.0   22.492803905106342
751.0   22.10956996564215
752.0   22.23958176364542
753.0   25.0945891080778
754.0   24.584346091807987
755.0   24.045545113615276
756.0   26.14606651492636
757.0   25.237324395732827
758.0   28.08995232757559
759.0   26.65256931680659
760.0   28.183304503423074
761.0   28.99037122531226
762.0   29.80545975224183
763.0   30.16234327265886
764.0   31.449753189431874
765.0   32.04591408441203
766.0   31.341880587089605
767.0   32.63217534760952
768.0   32.14211861866508
769.0   31.179283622605425
770.0   32.88976884298802
771.0   33.32971920904592
772.0   33.08582331868615
773.0   31.407914188644412
774.0   32.35387827224699
775.0   32.560123464076355
776.0   31.21288482974734
777.0   32.015250146969805
778.0   30.93954190971641
779.0   31.20272947435086
780.0   30.843186847384032
781.0   28.6942944491326
782.0   29.119685667352314
783.0   29.106668644039047
784.0   27.989249387342795
785.0   26.968360326951625
786.0   27.20052553079742
787.0   27.759650307261126
788.0   23.42759891053413
789.0   23.448284223749113
790.0   24.83092638506855
791.0   23.727329851317478
792.0   21.57919210071293
793.0   23.34657820507158
794.0   20.844399039751693
795.0   20.545839141035202
796.0   18.472698355812383
797.0   21.071292923088947
798.0   18.38274531849936
799.0   19.05571768033053
800.0   17.318708224789162
