600.0   28.0507977940361
601.0   25.867948059699813
602.0   25.625486592628278
603.0   26.9223431472343
604.0   24.571599616141953
605.0   24.831269424355895
606.0   26.660840247550226
607.0   24.13718892840174
608.0   24.85751392092297
609.0   22.481278100296407
610.0   24.40374301501072
611.0   22.557587974029275
612.0   23.24327249067096
613.0   22.05363681453889
614.0   21.501173495593207
615.0   22.742353901576422
616.0   23.239286725733734
617.0   23.620560225997565
618.0   21.36539192583578
619.0   21.97317266323347
620.0   23.93035484061957
621.0   23.313974381436566
622.0   23.512271366802224
623.0   24.962883585533916
624.0   25.331780529245066
625.0   24.445690790027555
626.0   25.136303396826662
627.0   25.685812204051444
628.0   29.65231405471104
629.0   29.91607124992248
630.0   29.519127745877086
631.0   30.367553253668518
632.0   29.70906413529201
633.0   29.498337998708166
634.0   32.05047415905133
635.0   32.72802946970481
636.0   32.68818953193306
637.0   33.17435279966958
638.0   31.60462668611379
639.0   32.71040588128133
640.0   31.66413183239561
641.0   33.46048080383326
642.0   32.66618474532342
643.0   33.177100146949215
644.0   30.95387789664676
645.0   31.64972059873199
646.0   32.27989242779216
647.0   31.274700956387335
648.0   30.88723765670281
649.0   31.445321255997584
650.0   30.592589881821112
651.0   31.09176956439282
652.0   30.203395490377886
653.0   28.89237922236009
654.0   29.183523634804203
655.0   28.841125138754478
656.0   28.071519252634175
657.0   27.72820249571825
658.0   26.722621069391465
659.0   27.438172721503946
660.0   28.087535652989942
661.0   27.567256022571883
662.0   27.0460197680342
663.0   27.18257380004769
664.0   26.699047187971047
665.0   27.86706382341393
666.0   28.105710728483672
667.0   27.794224133491042
668.0   27.849332481578784
669.0   28.778157844721846
670.0   28.798494231881676
671.0   29.589804460104972
672.0   29.13301632474429
673.0   28.51159726575756
674.0   29.370367662536182
675.0   30.6415506436349
676.0   29.37999639369974
677.0   29.691598374805125
678.0   30.117456893080742
679.0   30.501802441581134
680.0   31.089812726385333
681.0   32.5826355831729
682.0   32.232667794700234
683.0   33.22089367782846
684.0   34.60434113400669
685.0   34.66694949612503
686.0   34.752383619173315
687.0   36.46100688428959
688.0   34.273624132949465
689.0   36.11908295479836
690.0   37.90713719530467
691.0   36.85607461063475
692.0   38.28304676155096
693.0   40.76961923655216
694.0   38.72636694133615
695.0   40.915115221080214
696.0   38.749436434732814
697.0   38.42035280403056
698.0   40.77317487197024
699.0   40.18659603722264
700.0   38.8132159908217
701.0   37.279602952202964
702.0   38.16731463201103
703.0   37.99648751298395
704.0   39.06695989943023
705.0   38.79802563546235
706.0   37.63948811711475
707.0   35.30565474003717
708.0   36.09151861842989
709.0   36.75801262526349
710.0   36.29551158983986
711.0   35.36522217473788
712.0   35.80468168681304
713.0   32.948591008854294
714.0   35.334242032803445
715.0   34.024384463548614
716.0   33.60623456136241
717.0   33.962085161938404
718.0   31.84158518203742
719.0   32.74678171510624
720.0   31.650945796404386
721.0   32.07029872653888
722.0   31.68320243228831
723.0   31.31890192892942
724.0   30.70809654166132
725.0   29.961925145517284
726.0   31.057797368423905
727.0   31.94833127319538
728.0   30.105357730002197
729.0   29.030774435617246
730.0   27.74216495648463
731.0   28.220386698380963
732.0   29.775673998902676
733.0   29.859076274743984
734.0   29.017678319167715
735.0   28.878415680792415
736.0   27.987032658716174
737.0   27.360552129076865
738.0   27.179907274293328
739.0   28.775192110752073
740.0   30.290668998961763
741.0   25.892310491571237
742.0   28.55702247905876
743.0   29.095309856076398
744.0   26.38534005942202
745.0   25.25911164240145
746.0   28.067319099208135
747.0   26.95350854695417
748.0   27.625401152493026
749.0   27.319493743163832
750.0   26.70815135020618
751.0   26.409354032068876
752.0   28.617542386183857
753.0   30.597791074569272
754.0   29.74275698630518
755.0   30.095914997478474
756.0   32.45286068931648
757.0   31.73287134299872
758.0   34.74911629346113
759.0   34.39191109956519
760.0   34.66793420681671
761.0   36.246962772694275
762.0   38.90937641550306
763.0   39.28476918648451
764.0   39.30603081751022
765.0   39.37256314293529
766.0   39.59956396335434
767.0   40.10833973587819
768.0   40.04801388825996
769.0   40.893525284277274
770.0   39.949824380917676
771.0   42.57993554176491
772.0   41.54147303720205
773.0   38.26778494998615
774.0   39.29009676554614
775.0   39.095819744543775
776.0   40.02964080936624
777.0   39.27600742925284
778.0   38.02134368538796
779.0   38.46110215465481
780.0   37.907944113623955
781.0   35.82128906383517
782.0   35.10772525879091
783.0   34.87795093978855
784.0   34.74504536487183
785.0   32.75902340709257
786.0   33.4306544499338
787.0   32.7467268866161
788.0   30.19603968903988
789.0   30.336402259563386
790.0   29.538350973447507
791.0   28.478840196765134
792.0   26.778156052587747
793.0   28.850484097740207
794.0   26.31704428783587
795.0   25.31413209710874
796.0   25.80337419058995
797.0   27.15075237305473
798.0   23.62599578601035
799.0   25.08412844865083
800.0   21.5473541897847
