600.0   44.34958288476429
601.0   42.39806150036253
602.0   41.036538840720794
603.0   44.59541942759844
604.0   41.34261414532904
605.0   41.043566933897466
606.0   43.006164297076964
607.0   41.11305898703074
608.0   41.64699182046155
609.0   38.502591156092876
610.0   39.45019081624045
611.0   37.05692423025778
612.0   38.038005127213864
613.0   38.81714299256413
614.0   37.65715583766692
615.0   36.49274829460447
616.0   38.67238124115397
617.0   38.066499796182825
618.0   36.24343531911077
619.0   37.065520804625095
620.0   38.90449362856302
621.0   40.93631883590277
622.0   38.54038080491193
623.0   42.61072407277774
624.0   43.29481115105369
625.0   40.8605124883216
626.0   43.97579937400715
627.0   44.16646138135084
628.0   47.892372380864
629.0   48.97527034695051
630.0   48.02849186118951
631.0   50.893215213324396
632.0   51.678723519640414
633.0   52.279008370910304
634.0   52.17066105551618
635.0   53.7790377926041
636.0   54.62879224852517
637.0   55.74562911466913
638.0   53.37891553610592
639.0   54.67443291548133
640.0   55.583191875384955
641.0   56.902127173754366
642.0   55.80922655253363
643.0   55.07292269446256
644.0   54.157637555047614
645.0   54.153417105555576
646.0   54.78670216768637
647.0   55.52440213399933
648.0   54.70455072543467
649.0   53.051114817023176
650.0   54.03868226890711
651.0   51.21421955266746
652.0   51.51254588825299
653.0   49.352254262424196
654.0   50.2428058151709
655.0   48.0729120336743
656.0   49.141224511832036
657.0   49.31452531289227
658.0   47.795199130193424
659.0   47.87031310318042
660.0   47.54571629334137
661.0   47.377033295652666
662.0   47.88764335989205
663.0   46.0042346342162
664.0   45.63226189344667
665.0   46.48861837991075
666.0   47.46597982391381
667.0   46.44277529553506
668.0   47.4141968915994
669.0   48.93379955849622
670.0   48.675813567278965
671.0   49.82612311405393
672.0   49.33447124131442
673.0   51.64048197863815
674.0   51.448170644449505
675.0   50.950896833339044
676.0   51.95154119390878
677.0   51.929185294280046
678.0   52.33115494541565
679.0   53.121795016854406
680.0   55.33759396601138
681.0   56.51738613596467
682.0   58.476576008350605
683.0   57.545784998362734
684.0   57.646837166493725
685.0   61.25549176078758
686.0   58.81974393161076
687.0   63.05233659641888
688.0   62.64445582436858
689.0   63.38177476268015
690.0   64.69055505040282
691.0   66.85931442533885
692.0   67.75093304067963
693.0   69.40390441698742
694.0   68.60387784675794
695.0   69.78479348976191
696.0   69.09945248788105
697.0   68.40120350651887
698.0   70.88503635498745
699.0   70.57610059814641
700.0   70.3877342560319
701.0   65.79234250866932
702.0   70.80041422853475
703.0   67.27052451052566
704.0   69.97918006137269
705.0   68.45944232401214
706.0   67.89059124942435
707.0   66.4331575049683
708.0   67.36909878545993
709.0   64.5012486811199
710.0   64.7080269225452
711.0   63.92623821408236
712.0   61.51496943266656
713.0   61.20644918792027
714.0   61.935652133041344
715.0   59.72618319120127
716.0   58.83351934803221
717.0   61.277272593164156
718.0   57.93440661252089
719.0   58.5180594154173
720.0   56.74577302977377
721.0   56.759724610111306
722.0   58.32434644370909
723.0   55.1411442890375
724.0   55.20686952899035
725.0   54.92401047564607
726.0   55.362085807154926
727.0   52.29798860326986
728.0   52.201952802523124
729.0   53.14627751233496
730.0   49.672565140813646
731.0   51.60954164031389
732.0   51.8843858688669
733.0   52.48979496986257
734.0   53.09402896485207
735.0   50.97608624873686
736.0   50.81630783094897
737.0   48.99855217341528
738.0   50.531873949658575
739.0   49.66584661771469
740.0   50.73986695217192
741.0   47.78771487141057
742.0   48.638988001526315
743.0   48.73235120302411
744.0   47.925029697537695
745.0   45.82439388279741
746.0   46.7325913247239
747.0   47.32924572841057
748.0   47.865434972348
749.0   47.80406814703275
750.0   47.22387622814256
751.0   48.30389989886254
752.0   50.127039849479104
753.0   51.41762758350569
754.0   52.818182046333504
755.0   54.64380058233368
756.0   56.51352311428843
757.0   56.3180891492278
758.0   60.906128455623104
759.0   62.545263460035045
760.0   61.89477373905126
761.0   64.72702733539205
762.0   69.49093956710746
763.0   69.12704142447609
764.0   71.26615247158293
765.0   73.12709165937594
766.0   70.70980819881504
767.0   73.46703944810932
768.0   75.21504610687751
769.0   73.41915051857936
770.0   76.05814772512156
771.0   77.081746166258
772.0   74.53730078858564
773.0   71.43320986454847
774.0   75.78686665485372
775.0   72.52144464832207
776.0   72.76157783432717
777.0   71.7963775028345
778.0   71.61570179194104
779.0   71.36104459243543
780.0   69.03042682633333
781.0   67.20105423266386
782.0   66.39685849805832
783.0   64.31371405333965
784.0   61.98170442299562
785.0   59.586229548478684
786.0   60.44582140312306
787.0   60.70350268461098
788.0   56.20853816263369
789.0   55.83338570034667
790.0   54.92080332249961
791.0   52.05844046358058
792.0   51.0528550218892
793.0   50.258404230531
794.0   47.41268253669395
795.0   45.77695972174254
796.0   46.252088422871736
797.0   46.91251022644346
798.0   40.82201548235162
799.0   42.90744106634736
800.0   42.163588009740835
