600.0   69.23334859750037
601.0   66.84653732150431
602.0   64.33998654271042
603.0   68.12466788627245
604.0   64.21407312838753
605.0   63.39027262965294
606.0   65.99893238806942
607.0   63.71978877333615
608.0   61.89923585629998
609.0   60.46310512880464
610.0   61.61484683011861
611.0   59.61836124994855
612.0   62.19653665836955
613.0   60.04409751898396
614.0   57.787528608762074
615.0   56.789122885233155
616.0   58.92031342875151
617.0   60.57070228448913
618.0   58.526449562708194
619.0   60.01622345149724
620.0   60.214153469572636
621.0   63.37953589291038
622.0   61.32737188270619
623.0   66.17760217218415
624.0   67.90144896046107
625.0   68.69763565897188
626.0   67.53191721666414
627.0   70.85858914706608
628.0   76.1023266230153
629.0   76.4753652107083
630.0   77.57340305282571
631.0   81.47737797232466
632.0   81.71243226218454
633.0   81.14113683460243
634.0   84.29855388155036
635.0   87.47678059507902
636.0   88.02288648488931
637.0   89.95209493473479
638.0   87.33820688148509
639.0   90.1669256425516
640.0   89.76765415888735
641.0   90.64469999627903
642.0   90.68291337613104
643.0   88.82666654838945
644.0   87.61764247317993
645.0   87.46198898455592
646.0   89.01862503651756
647.0   88.68469568907528
648.0   87.09622016275276
649.0   87.52977810281308
650.0   84.35290155033047
651.0   85.0321308966204
652.0   82.95228162381233
653.0   82.71707078336635
654.0   81.12980026456535
655.0   79.89491681950071
656.0   79.74870137097429
657.0   80.23867911894308
658.0   77.53896832168186
659.0   77.67109582821877
660.0   77.22017756921264
661.0   77.40257167303241
662.0   77.87573529205352
663.0   76.46440986733435
664.0   75.15141347378179
665.0   79.16619632169815
666.0   77.6634356978314
667.0   77.65702658320691
668.0   77.00850754702546
669.0   78.56380195934713
670.0   81.44905430135412
671.0   81.75558577530222
672.0   82.18977002143203
673.0   82.25023368885041
674.0   81.73578730529931
675.0   85.57144332979897
676.0   86.17985396816982
677.0   88.67912446471013
678.0   87.54578825443343
679.0   89.32489649773521
680.0   92.9561584044936
681.0   92.9570512697882
682.0   94.79359340725375
683.0   95.58039574517449
684.0   99.20286680758159
685.0   101.58420093535136
686.0   101.09633462335418
687.0   104.55735179716828
688.0   105.05896209581829
689.0   107.38434437138366
690.0   110.15502476980035
691.0   109.61131491495479
692.0   111.45535392344755
693.0   116.3214794112489
694.0   115.73336372416603
695.0   116.54204559444139
696.0   115.66523404964906
697.0   113.9729621901491
698.0   119.97607394473306
699.0   120.55624592108893
700.0   118.95305180772735
701.0   112.95310581320035
702.0   117.12426719453998
703.0   115.1127389219773
704.0   116.717471748371
705.0   116.87879514235235
706.0   114.67969339903766
707.0   113.7240685573532
708.0   112.54709388683247
709.0   112.83070806375096
710.0   112.3796526260962
711.0   107.81695199558851
712.0   108.71457833451146
713.0   104.34333495265236
714.0   105.98871979708969
715.0   100.66497662591246
716.0   101.64375990868726
717.0   101.9326926193767
718.0   99.49129954767267
719.0   99.35829585954329
720.0   97.4750367484458
721.0   97.32373610896977
722.0   96.67379829556972
723.0   94.59922177107839
724.0   96.85859216586408
725.0   91.96541136569493
726.0   90.92774424362901
727.0   93.60043669634416
728.0   90.90691719649811
729.0   92.04907588787947
730.0   86.20921557498903
731.0   85.67283151548864
732.0   90.16542811294346
733.0   89.71011751119653
734.0   89.54512311677556
735.0   86.23602137425004
736.0   85.73103405101125
737.0   82.39344508561442
738.0   85.09251193929688
739.0   84.19611400198386
740.0   86.83905695603463
741.0   84.02702616533668
742.0   83.85941885532478
743.0   83.55205180551442
744.0   83.6648655265615
745.0   81.59633840457829
746.0   80.64949799748632
747.0   81.97391927439423
748.0   81.4825254678469
749.0   84.46609135967395
750.0   82.00767230695308
751.0   83.03219810551082
752.0   87.46571794035893
753.0   87.66315462418191
754.0   90.08136950538076
755.0   93.37893460709952
756.0   97.69379263364016
757.0   99.64443872320334
758.0   104.44664130248378
759.0   108.27845333185579
760.0   109.06517492070657
761.0   114.01009313088636
762.0   117.46090149321998
763.0   121.62857064107942
764.0   122.40491840264934
765.0   127.17374239922282
766.0   127.72691543620886
767.0   129.93733678566454
768.0   133.712252385325
769.0   129.20525629992252
770.0   135.92199048422395
771.0   132.28427661361846
772.0   132.63086403871586
773.0   128.24198778231846
774.0   131.49459665914162
775.0   127.61973168700695
776.0   129.4110834781269
777.0   126.11557426374765
778.0   128.76378613921878
779.0   122.24786487112712
780.0   122.3440398819256
781.0   117.88259732262622
782.0   114.70480624095333
783.0   113.9733226060415
784.0   111.38266665582398
785.0   108.04299978574576
786.0   106.19246898580246
787.0   104.49331857008343
788.0   99.59493191281132
789.0   98.42366313373299
790.0   95.81980086237226
791.0   91.7705994035733
792.0   89.78195387460494
793.0   88.48694827631536
794.0   85.33712793236754
795.0   82.50585270783122
796.0   80.98581984246374
797.0   81.9005356287881
798.0   74.99895116303287
799.0   74.522262420331
800.0   73.23434606217995
