600.0   99.84281584676614
601.0   99.77351939315156
602.0   97.28244338373625
603.0   98.81975089152107
604.0   94.5978165654621
605.0   94.84733442131295
606.0   98.42152554263922
607.0   92.17794846860326
608.0   92.93428475082067
609.0   88.05704089721772
610.0   90.45852805132799
611.0   85.91596691697163
612.0   90.08932677259708
613.0   86.93058837957977
614.0   84.33179536243114
615.0   86.06027355172014
616.0   87.87844781686383
617.0   89.11182254658212
618.0   84.68852486542067
619.0   86.86994183849481
620.0   89.38013493327583
621.0   94.6659585039931
622.0   92.82377786177238
623.0   96.99416413815061
624.0   99.78442170265083
625.0   100.21249388375281
626.0   105.90634728334769
627.0   106.99812322219168
628.0   111.97293537284366
629.0   115.6301787975145
630.0   116.49215151054352
631.0   120.80316109565919
632.0   123.11416137196781
633.0   125.09063615298305
634.0   128.84873752872804
635.0   130.68150246784845
636.0   132.10907635863364
637.0   133.69020593729348
638.0   132.98170334604478
639.0   136.82129501954475
640.0   137.99129682606537
641.0   138.91980977207476
642.0   138.26609097755502
643.0   137.3053518743802
644.0   135.16299710707224
645.0   135.1316145082865
646.0   135.30434177241108
647.0   132.30544113679616
648.0   131.25418887971713
649.0   131.6202868356181
650.0   129.94055838724606
651.0   128.0195153462078
652.0   126.28018615214256
653.0   126.0427043527352
654.0   123.58599568514717
655.0   120.39359537752236
656.0   121.46623901964853
657.0   122.21514499748292
658.0   117.04613181615588
659.0   119.84401211997658
660.0   119.75026792971187
661.0   119.41118984663552
662.0   118.54701981330354
663.0   118.41922566893979
664.0   119.09922469989002
665.0   120.41029021383073
666.0   117.72462363833228
667.0   118.8462255368367
668.0   119.07499870805722
669.0   119.95087605225592
670.0   125.01655494976916
671.0   129.21332386046572
672.0   128.4108774103873
673.0   127.30446697113865
674.0   127.03895963165985
675.0   132.6361219597237
676.0   132.60845190651833
677.0   135.11177527388355
678.0   135.37147465651816
679.0   139.3234575619423
680.0   142.63550535675014
681.0   146.22152147881403
682.0   148.37323057464164
683.0   149.7740893065004
684.0   154.75186035823867
685.0   156.8528653936866
686.0   159.48811984490786
687.0   163.4256600462615
688.0   164.03949199911364
689.0   167.99151160549823
690.0   170.47434023717037
691.0   171.81497977859652
692.0   176.80304622898592
693.0   181.93453089942642
694.0   180.30224875381
695.0   183.274055793642
696.0   183.42943172176209
697.0   180.34882784527682
698.0   188.17082136942827
699.0   188.80010243933464
700.0   184.41383102985267
701.0   179.34777171578912
702.0   184.71880148957678
703.0   181.46649851950994
704.0   182.65053546815665
705.0   184.08404425366118
706.0   182.80984429524074
707.0   178.36847244478489
708.0   177.86646005805036
709.0   179.1695121903255
710.0   172.52815281723278
711.0   170.8493310206252
712.0   168.37867060289105
713.0   164.8800784925508
714.0   165.6026382656251
715.0   163.96687317145575
716.0   160.19960280114137
717.0   160.77627761668973
718.0   157.40730293591406
719.0   157.59316236944468
720.0   153.11860078870433
721.0   153.46227295642436
722.0   152.8944997755783
723.0   150.66778163599676
724.0   151.4086825566323
725.0   146.6553537423992
726.0   146.87935287945234
727.0   146.45074517136965
728.0   141.99853403646642
729.0   144.56909911596844
730.0   139.00771681969283
731.0   139.92917425520946
732.0   144.98224525270285
733.0   141.268969839333
734.0   142.33911416610428
735.0   139.62076400730146
736.0   136.14575539716117
737.0   134.01248172838848
738.0   136.97052130467588
739.0   134.53052580295792
740.0   139.1160458728514
741.0   132.36520078317244
742.0   135.95879236106262
743.0   133.19728686702794
744.0   133.89605721459097
745.0   128.6415724514845
746.0   129.70752664193748
747.0   131.56084517482913
748.0   130.8009590514679
749.0   132.3928588439632
750.0   131.93160193103213
751.0   132.29007096572917
752.0   135.8504598471889
753.0   140.11990933889393
754.0   145.52721074843382
755.0   152.02129880713895
756.0   158.52760926218122
757.0   160.60187168000982
758.0   167.0200191296746
759.0   170.55172785605802
760.0   175.54340046862893
761.0   183.45218322888448
762.0   190.06792931536916
763.0   197.02069166580367
764.0   198.96299584290756
765.0   204.59407549190723
766.0   208.43802210878772
767.0   208.75835162346542
768.0   216.6731761672768
769.0   211.61981901017512
770.0   216.82313511067997
771.0   218.0999523978853
772.0   216.3405123643521
773.0   209.82419006741628
774.0   212.01130364892492
775.0   208.84679363310636
776.0   208.14919391550558
777.0   205.35610393398332
778.0   204.42554357396511
779.0   200.586984979741
780.0   196.0987751066898
781.0   191.20943368915493
782.0   187.0807757121631
783.0   183.5597638626183
784.0   179.23265661409795
785.0   173.55710378357813
786.0   172.87516926910826
787.0   167.96931260632033
788.0   161.78628720765016
789.0   157.8864565615616
790.0   156.66960298527945
791.0   149.27950369352746
792.0   146.90065006881525
793.0   141.3270464710046
794.0   138.19560390112036
795.0   133.350254137995
796.0   130.75685696996834
797.0   133.24105044246622
798.0   123.31665747386194
799.0   119.30503562941658
800.0   115.54456380609935
