600.0   138.754272388245
601.0   134.19630289608017
602.0   132.76334342396044
603.0   134.7866395165344
604.0   129.97734287597126
605.0   128.24830958737522
606.0   131.89771846305715
607.0   128.7318555970518
608.0   128.0708491540346
609.0   121.74665816235037
610.0   122.38123354053212
611.0   120.04689741635082
612.0   125.13168540889319
613.0   119.86590859214539
614.0   114.4713479054318
615.0   116.4307716539843
616.0   119.11244351687472
617.0   121.55559439249754
618.0   117.21738920435843
619.0   120.75975939299252
620.0   121.55547962556977
621.0   128.05877315874957
622.0   125.19281356118717
623.0   133.97157186944094
624.0   137.0788556385641
625.0   138.76069200206894
626.0   143.19176852328994
627.0   149.0892864372065
628.0   155.49069924547473
629.0   160.36719458308377
630.0   162.32945258700522
631.0   167.44214488914523
632.0   170.78478030604654
633.0   172.49523810245313
634.0   175.33139239696814
635.0   178.26762954991327
636.0   183.53239921619794
637.0   185.88905527734815
638.0   184.6831302309906
639.0   190.43475541209673
640.0   189.72559585738918
641.0   191.98872144271894
642.0   190.93986612781012
643.0   189.92326605566765
644.0   187.61603311175483
645.0   187.2912816974904
646.0   190.44127940614015
647.0   185.75927345536195
648.0   184.04545694862517
649.0   181.75863971578164
650.0   178.71084707963925
651.0   180.63629084421365
652.0   176.69036912315966
653.0   174.56765965794284
654.0   174.41152438997847
655.0   169.84273296229398
656.0   169.21228386185754
657.0   169.24497458882456
658.0   165.17779972424864
659.0   165.9556315700455
660.0   168.30412358369148
661.0   167.13434085192137
662.0   165.5871719420684
663.0   167.7499965534934
664.0   166.99912140533868
665.0   170.9407025870793
666.0   168.78519724092695
667.0   168.2693242322249
668.0   167.27590749652538
669.0   169.87077641397565
670.0   174.37343719436086
671.0   177.14231861785373
672.0   179.31606348088093
673.0   179.56969745012617
674.0   180.16416569955464
675.0   185.55622277105454
676.0   184.1203384161554
677.0   190.97640488460087
678.0   193.875467013334
679.0   199.48387628637158
680.0   201.51267426070322
681.0   205.0615700115973
682.0   211.479350327465
683.0   213.63531236947773
684.0   216.75429133369852
685.0   223.4645315217171
686.0   225.40811544888888
687.0   230.88613336709523
688.0   232.45699547168186
689.0   238.63413322950956
690.0   243.70088194421308
691.0   244.54130689342827
692.0   250.94287315948645
693.0   257.7934749049731
694.0   256.30244270231617
695.0   261.3015722127509
696.0   259.0360965983301
697.0   254.01304013456738
698.0   266.09933382907053
699.0   266.5476651965798
700.0   263.8082138332861
701.0   257.4099964509414
702.0   263.16920900197925
703.0   261.2816018973954
704.0   262.15937929470573
705.0   262.36342441063994
706.0   259.35613332532415
707.0   256.5289718748063
708.0   254.88565062880096
709.0   254.52578509770123
710.0   247.3911244092079
711.0   244.88060559030237
712.0   241.81176866952958
713.0   236.51162430754147
714.0   237.89820197935052
715.0   232.47746020104046
716.0   231.03445205459636
717.0   230.75870723690858
718.0   224.99833031993882
719.0   226.96248229862138
720.0   220.74538801029496
721.0   220.38556485572022
722.0   220.4453790252029
723.0   217.58603158197863
724.0   217.22145841645096
725.0   211.89767443494299
726.0   209.45091973226292
727.0   212.50464586555682
728.0   206.93997168593887
729.0   207.96390904706593
730.0   196.93901688699802
731.0   200.5369461111192
732.0   206.97089663442335
733.0   206.21975425495646
734.0   205.1834569330056
735.0   201.57383634914478
736.0   191.86348485815552
737.0   193.6874594250982
738.0   198.4806566730076
739.0   194.20632752791755
740.0   201.8579312826487
741.0   195.73115942875302
742.0   196.7794937230972
743.0   194.731050253211
744.0   191.6566832957025
745.0   188.29005847441894
746.0   188.9441689582735
747.0   190.69665514098108
748.0   188.32614754089306
749.0   189.6951449179616
750.0   191.63281634852834
751.0   192.60775144334883
752.0   197.42644109541507
753.0   204.0005867526425
754.0   211.0441266457826
755.0   216.89423313306625
756.0   226.7642277175459
757.0   232.56511139486304
758.0   242.7071286073774
759.0   248.0536891201555
760.0   254.58206080256838
761.0   265.36062500399373
762.0   272.82199367698144
763.0   284.08334508149653
764.0   289.0513280331344
765.0   296.71854706439234
766.0   299.5654781606922
767.0   301.9205395909071
768.0   315.58561587883446
769.0   307.6824039137331
770.0   313.2124222489889
771.0   311.46806830081607
772.0   314.39942319375854
773.0   305.224772023985
774.0   306.92388927675006
775.0   299.8597198247997
776.0   299.9412821936141
777.0   296.93656650786795
778.0   297.71495729386487
779.0   288.26274182312875
780.0   286.2474750467748
781.0   277.530683914612
782.0   273.48130240309524
783.0   267.67318697304347
784.0   263.1716311045092
785.0   254.41832789391307
786.0   247.93709515385922
787.0   245.43852915808566
788.0   235.50679114264994
789.0   230.1333551609299
790.0   226.33773032860879
791.0   217.11129736900884
792.0   213.11778031800424
793.0   208.40682409232502
794.0   198.7228327312178
795.0   192.50014541106398
796.0   190.81557538718113
797.0   191.72825313696998
798.0   177.24293142084701
799.0   172.65595566578855
800.0   169.48450564184134
