600.0   176.47893693330883
601.0   173.2857074494276
602.0   169.76630560015352
603.0   173.22248503621304
604.0   164.57232500373345
605.0   165.83776073991146
606.0   167.025240017794
607.0   166.23129338312256
608.0   164.53405084233265
609.0   154.38149581489168
610.0   159.43550062927707
611.0   155.2745889069521
612.0   160.498674691953
613.0   155.70238296638325
614.0   149.49848091317693
615.0   150.31766418295197
616.0   155.85714104688319
617.0   159.12888025920546
618.0   153.78763053742466
619.0   158.6694368775436
620.0   159.14468239497234
621.0   164.85237882859937
622.0   166.2234639901556
623.0   174.19020049984414
624.0   177.5820495340426
625.0   178.67342004303373
626.0   187.3750844409483
627.0   194.26706010210495
628.0   202.95047699179736
629.0   205.26593973253708
630.0   211.6432076373436
631.0   217.14585221632998
632.0   222.57503658907874
633.0   225.52156534846898
634.0   229.06461459757801
635.0   234.27960738805584
636.0   241.37935361923738
637.0   244.15754930376542
638.0   242.78652334051705
639.0   246.86981054744885
640.0   247.2227964711464
641.0   252.6260768768082
642.0   250.83354002691456
643.0   248.02512693728826
644.0   246.3203628057676
645.0   245.68693831945401
646.0   248.5273300257274
647.0   244.3770700913825
648.0   241.43164503860604
649.0   239.26466561375113
650.0   236.58271401286086
651.0   233.64538597900122
652.0   232.67580799812612
653.0   229.5824913055656
654.0   229.04869562095723
655.0   223.2407602737887
656.0   222.6750129335805
657.0   222.1692932195902
658.0   218.31147625634782
659.0   219.66890103607432
660.0   219.29620925134884
661.0   218.517437557625
662.0   218.7631893936685
663.0   218.68607321251366
664.0   220.0523958247194
665.0   227.4473298617376
666.0   221.17163207038737
667.0   220.68106131448434
668.0   220.14625913360803
669.0   224.5281781772963
670.0   231.80523194927508
671.0   235.09345046409192
672.0   240.8665638505243
673.0   236.54181910939457
674.0   239.30273152254887
675.0   243.81566880583102
676.0   248.63027895035958
677.0   250.5807647129663
678.0   257.8893494458071
679.0   260.23618069481444
680.0   267.5524022469617
681.0   272.37554821487527
682.0   278.2557064914177
683.0   283.4100032620169
684.0   286.10318762346026
685.0   293.74101573249084
686.0   298.90768568919214
687.0   303.98490498302573
688.0   307.65105429082405
689.0   314.0384072256037
690.0   320.4275221381022
691.0   323.08570743655486
692.0   331.45804529263285
693.0   340.25514892441396
694.0   340.52360756997416
695.0   346.6509641659275
696.0   343.50510102317
697.0   339.7408108150438
698.0   353.4244540698464
699.0   354.74985553948096
700.0   351.36112008136854
701.0   341.198277525424
702.0   349.2323912788277
703.0   348.84413832295513
704.0   345.1393828072683
705.0   350.4932402904086
706.0   345.49368165216555
707.0   341.29090491352656
708.0   341.442057295117
709.0   336.2579791795963
710.0   330.1616088684452
711.0   326.5361947367897
712.0   322.49201099003074
713.0   318.613608916978
714.0   320.2016273543532
715.0   310.24660251456027
716.0   311.3410508441533
717.0   312.7039170921139
718.0   302.32204410615157
719.0   306.0823987189067
720.0   294.6310842113415
721.0   294.28016618976994
722.0   294.94260711840155
723.0   291.20222441884994
724.0   291.5305834334261
725.0   284.2673461518512
726.0   282.7435803992453
727.0   280.4005833534612
728.0   280.66294159763976
729.0   280.6934092500709
730.0   266.6763406225889
731.0   268.9881277980188
732.0   279.07048730598774
733.0   274.3389049482772
734.0   274.27004140248835
735.0   271.982187678409
736.0   261.4314057147228
737.0   259.33932235290774
738.0   265.77540780290417
739.0   261.9580192092089
740.0   269.45401463648807
741.0   262.09312286308005
742.0   265.5714628540718
743.0   260.72289760457477
744.0   259.04281448150107
745.0   252.80860713811248
746.0   253.30826048599272
747.0   257.2892897674196
748.0   257.753287636132
749.0   256.3191179643387
750.0   258.83979971795895
751.0   263.4951011054481
752.0   268.4879050462555
753.0   273.63709571977796
754.0   282.9004561293211
755.0   292.8410106817711
756.0   304.26651896445435
757.0   310.5135939772102
758.0   325.77455763102535
759.0   335.6521193646108
760.0   342.9179637332757
761.0   356.51576633176705
762.0   366.576118084931
763.0   383.67608775271987
764.0   389.0932613739761
765.0   397.7034823701137
766.0   404.35395059535773
767.0   407.4552504976517
768.0   423.0344186210857
769.0   417.05298941579485
770.0   422.87650461607353
771.0   420.74889503237284
772.0   425.0133228442511
773.0   409.7135575757515
774.0   415.6153698020082
775.0   404.336049655974
776.0   406.1622346156061
777.0   404.8639168898533
778.0   401.8453967388661
779.0   389.91547478483994
780.0   384.37983745690974
781.0   375.08646418688744
782.0   368.36870256954114
783.0   362.9234178564801
784.0   352.0349600519394
785.0   346.0670517785419
786.0   336.2044057131942
787.0   326.9376766680878
788.0   318.1570296141017
789.0   313.2970759178286
790.0   305.5641644373517
791.0   294.0379530411793
792.0   288.11062867457457
793.0   281.93729243610915
794.0   270.2899500632025
795.0   264.47557968099477
796.0   255.89183564378675
797.0   259.1588758915244
798.0   243.84603063690832
799.0   233.0473124220303
800.0   228.94298519908557
