600.0   216.35077491075003
601.0   212.8611723166958
602.0   207.6289713686896
603.0   213.98444136946708
604.0   202.4556361774113
605.0   201.72232067382646
606.0   207.6965389389786
607.0   202.1009617689405
608.0   202.28948390505894
609.0   189.6633644777365
610.0   194.3260973193891
611.0   191.2848199322127
612.0   197.20221829168548
613.0   190.08466433355107
614.0   184.37564729024012
615.0   186.65313768551627
616.0   190.21497576498288
617.0   194.97866570519824
618.0   187.88594707736712
619.0   194.81877864634924
620.0   195.42724728413452
621.0   206.59635646932415
622.0   207.66357981293766
623.0   215.31217415198245
624.0   220.3255099213789
625.0   222.25466901787036
626.0   234.00813279567686
627.0   239.34640416816467
628.0   248.24537629191371
629.0   256.54518510211824
630.0   261.7025329149828
631.0   269.90051345155223
632.0   275.07966892943534
633.0   278.77313549330887
634.0   284.783425650145
635.0   292.0462000021381
636.0   298.4651520757892
637.0   301.0488553629232
638.0   297.70909152977924
639.0   308.09728672710344
640.0   307.93936658181224
641.0   311.73559028506105
642.0   311.11650135379716
643.0   307.947317105332
644.0   305.92369919972487
645.0   303.45350523043044
646.0   308.63466168066003
647.0   303.2604150766462
648.0   298.4515312751504
649.0   295.4530787240727
650.0   294.2086830304513
651.0   290.9183182115064
652.0   287.28827236525336
653.0   282.7698512151002
654.0   284.2292178010154
655.0   279.6819312387124
656.0   281.022753503268
657.0   278.60576686937856
658.0   272.0501012537825
659.0   272.9716480826309
660.0   274.36994116261076
661.0   272.67841144954804
662.0   273.3143447750301
663.0   273.8883064254186
664.0   276.43397851217776
665.0   280.98390723396165
666.0   277.3050354983574
667.0   279.0756031728119
668.0   276.2130478320279
669.0   280.165743489081
670.0   289.06231418421606
671.0   294.8745338120097
672.0   298.7648561978176
673.0   297.3691977188011
674.0   297.55314378951095
675.0   307.01587509036557
676.0   307.89574041997383
677.0   313.5269398353825
678.0   318.5124180337654
679.0   325.6109613011026
680.0   333.84327259286374
681.0   338.8400266484541
682.0   345.90309616246907
683.0   354.0988309330432
684.0   359.66166405569606
685.0   367.57080498028944
686.0   372.049729979938
687.0   383.30230692148797
688.0   385.0878403868798
689.0   394.91971545096874
690.0   402.255261577351
691.0   404.30177155303255
692.0   418.5595281767887
693.0   426.0143748608702
694.0   423.47437391980566
695.0   434.42945321413
696.0   429.02769548831145
697.0   426.81633428581404
698.0   444.3838208406908
699.0   446.22319889870215
700.0   441.1804081444228
701.0   430.22256549293814
702.0   443.2383667751623
703.0   432.6399427447417
704.0   438.29994442106175
705.0   439.01138687751893
706.0   432.4014547408936
707.0   432.06466399157705
708.0   424.2905718271036
709.0   425.5662735373061
710.0   415.8458762935966
711.0   410.2390899719988
712.0   407.0536314204603
713.0   401.3994875395577
714.0   397.6616048375442
715.0   388.76541837662324
716.0   389.11531016415074
717.0   391.97529457674466
718.0   379.73469377543125
719.0   382.79065076351924
720.0   371.8049472355037
721.0   368.09860201523
722.0   371.9173975216286
723.0   368.13769036096085
724.0   368.51663301311186
725.0   358.40288188424523
726.0   357.5457799679217
727.0   355.7549135946086
728.0   350.3424982272083
729.0   352.6966889944855
730.0   334.83018927090666
731.0   342.59716743847457
732.0   352.19975985854643
733.0   349.44333693721654
734.0   344.62406904710815
735.0   342.95215336792785
736.0   329.9063858128526
737.0   329.05401053573667
738.0   338.5548651116005
739.0   327.5765346069957
740.0   342.53516387519323
741.0   331.5205976991492
742.0   337.5117792963073
743.0   328.25894853604177
744.0   327.96580904146595
745.0   321.17724557521524
746.0   322.1034729441134
747.0   326.55003447150216
748.0   322.962327422936
749.0   324.74561653889407
750.0   328.86039713553293
751.0   330.4457943658889
752.0   338.8558068471624
753.0   346.364800143633
754.0   359.1556097404946
755.0   368.19089885109645
756.0   383.0018498369487
757.0   393.84029502308624
758.0   414.47584789634925
759.0   420.22468276283746
760.0   433.55065273182737
761.0   450.40831125927036
762.0   467.66971883886544
763.0   484.7247584701544
764.0   490.66417767293507
765.0   504.1078572524363
766.0   513.7967977057876
767.0   515.4994766012268
768.0   535.3514387298151
769.0   528.5683424593126
770.0   539.1657495664945
771.0   536.3082480589709
772.0   535.2238273156873
773.0   523.1624085336787
774.0   529.0648736662322
775.0   514.1973273529334
776.0   516.1555542030235
777.0   515.3769164182426
778.0   510.12251226877123
779.0   495.7990156141283
780.0   492.4751774100977
781.0   477.698099320783
782.0   471.2895850528845
783.0   455.3240784163405
784.0   443.56628889093224
785.0   433.8170702490813
786.0   425.54115581128644
787.0   417.30838742343605
788.0   403.11813803672675
789.0   394.41015360632196
790.0   387.52638109736927
791.0   372.6721854558433
792.0   362.38773326527183
793.0   352.71584199508095
794.0   342.35517798995494
795.0   334.4773193296769
796.0   327.1371862330735
797.0   329.9695423294894
798.0   308.9828790406563
799.0   295.02827282139987
800.0   289.9936927505549
