600.0   258.6564972618343
601.0   252.45577944200136
602.0   244.90703455557932
603.0   254.36654432628788
604.0   242.20335205358623
605.0   243.53514174497923
606.0   247.65787540896204
607.0   244.9262324407741
608.0   242.08406550323213
609.0   227.69763399553912
610.0   234.05152747469387
611.0   228.03187608952334
612.0   235.76227959405122
613.0   227.593067276348
614.0   218.8230359254444
615.0   223.2158597807236
616.0   227.37872267891308
617.0   233.16924151051097
618.0   227.23323007473385
619.0   232.21620090943162
620.0   234.64972264012073
621.0   246.46855805105164
622.0   245.1225873429879
623.0   259.1260556163247
624.0   262.5450298902305
625.0   267.3031784452886
626.0   280.28444199403384
627.0   290.40231624928686
628.0   300.461550905462
629.0   309.87732887238747
630.0   311.08699616190046
631.0   323.6648038213681
632.0   327.31126350035186
633.0   334.9873399606832
634.0   341.9690764764183
635.0   347.39403317849644
636.0   356.88350495458917
637.0   359.6082578519121
638.0   358.00399301525806
639.0   368.1178059989678
640.0   368.05640939294335
641.0   371.3615131620015
642.0   374.1112071538945
643.0   371.12167302670923
644.0   369.0175879869536
645.0   365.7944175939423
646.0   369.5777198885002
647.0   364.0897177531772
648.0   356.714877621656
649.0   357.43130023014555
650.0   351.9405425480725
651.0   348.49468107121885
652.0   347.39707303382346
653.0   342.29220542223163
654.0   340.27608133393494
655.0   335.74772768915636
656.0   335.7561473248199
657.0   333.063332007345
658.0   325.81032189051774
659.0   332.323733193346
660.0   330.37767151097046
661.0   327.8676786372424
662.0   328.1981894905622
663.0   327.05166067810467
664.0   332.0190385825015
665.0   341.9059537402146
666.0   335.3696210859261
667.0   336.07284509810887
668.0   333.73627278358435
669.0   338.3198860364561
670.0   350.499234999379
671.0   356.4221255871091
672.0   360.86189515991674
673.0   357.32611717619596
674.0   358.26341623559966
675.0   372.42264591597313
676.0   369.3439813578333
677.0   381.3953745597057
678.0   384.93630325028107
679.0   395.4161605080902
680.0   403.9714930934207
681.0   412.3665950666608
682.0   419.7451468314896
683.0   427.7917926534438
684.0   437.2041223096106
685.0   446.9407299381913
686.0   452.6457279154596
687.0   464.4359088391472
688.0   467.53515035385595
689.0   479.46419959042294
690.0   489.2654395010928
691.0   493.5264056913758
692.0   506.971653994681
693.0   518.0967751225646
694.0   517.0177903344406
695.0   526.1550986731593
696.0   526.3749445562701
697.0   517.3892444208018
698.0   538.958549061985
699.0   541.9397720204888
700.0   537.3886913120683
701.0   524.1555120442079
702.0   536.773701626453
703.0   530.5947693878787
704.0   535.3058745343835
705.0   535.1254625518054
706.0   529.9843290532006
707.0   524.6932705154799
708.0   521.8494713635401
709.0   518.505146097164
710.0   509.0035121414709
711.0   498.0976682080072
712.0   493.11526348889186
713.0   489.0260406225611
714.0   485.18782056900415
715.0   476.13372037020457
716.0   473.77782471815317
717.0   478.92099129185806
718.0   459.227712908279
719.0   463.3657966376053
720.0   452.5672822358062
721.0   451.26782019767484
722.0   452.5693523194328
723.0   447.72308201275246
724.0   450.41464392763993
725.0   433.2363873958695
726.0   434.6115885978727
727.0   436.1572562906969
728.0   427.21246888442994
729.0   432.65967468051974
730.0   410.6699673549426
731.0   415.047210649559
732.0   427.8615755505145
733.0   426.90200238146105
734.0   422.3028039702016
735.0   417.2268455704792
736.0   402.7138695493031
737.0   402.1380000330581
738.0   407.1025070759655
739.0   402.0006442033429
740.0   417.82138936700335
741.0   404.97275279675455
742.0   412.0414627747815
743.0   403.2260300889708
744.0   401.45314860617475
745.0   393.9029173865889
746.0   392.9924580954032
747.0   395.81554998780587
748.0   397.9777147277026
749.0   397.7290034326093
750.0   401.1590195615512
751.0   403.0921918018778
752.0   413.75320835800835
753.0   419.32941781617825
754.0   438.9247694256137
755.0   450.3074498505729
756.0   467.1364566317905
757.0   481.47720509721296
758.0   508.31555450279996
759.0   514.3886418732137
760.0   533.4412632350006
761.0   553.7229362545229
762.0   569.5609716560818
763.0   592.0876864995148
764.0   601.9595823358541
765.0   620.6826918100614
766.0   629.122248410999
767.0   630.0595591582372
768.0   656.4339461480237
769.0   643.1088959223043
770.0   654.9283912940809
771.0   654.6436492345205
772.0   656.9074740417291
773.0   638.6725078268071
774.0   645.6083891105471
775.0   634.2398581515627
776.0   628.2029227283563
777.0   631.9884336769849
778.0   625.0613956082661
779.0   601.4786858232916
780.0   600.8153399873692
781.0   583.3844658677447
782.0   571.0926321401389
783.0   560.7478970638281
784.0   544.6360833259929
785.0   534.0318646735235
786.0   523.2061848992494
787.0   508.503641829374
788.0   490.3428902576788
789.0   484.73080086366576
790.0   475.27807959357233
791.0   456.8457357390721
792.0   445.73618623532906
793.0   432.67032763346333
794.0   417.50436146387
795.0   406.5837310470007
796.0   396.0271946562044
797.0   399.51000402971124
798.0   373.8307481909663
799.0   358.72498626659154
800.0   350.52152764778646
