600.0   299.23009635116136
601.0   294.3048515157879
602.0   284.66493740057433
603.0   295.2249453100609
604.0   280.4115942375906
605.0   279.6392870684603
606.0   287.63304468047534
607.0   282.4012965396595
608.0   279.93392016415066
609.0   266.3267355932694
610.0   272.54853527046487
611.0   266.07635486122496
612.0   273.5924973332147
613.0   263.21872532173865
614.0   254.14993012566873
615.0   258.0399506648905
616.0   264.5931747811354
617.0   271.5630319750492
618.0   263.81631744399937
619.0   272.20809268387904
620.0   274.37612790365614
621.0   287.2389157948337
622.0   286.1434730208959
623.0   298.2138731278624
624.0   306.6613044562777
625.0   310.63279304941676
626.0   326.84139465895953
627.0   337.6150757198985
628.0   345.47641257463755
629.0   359.497983243778
630.0   365.12294317333476
631.0   375.5497159139634
632.0   386.56348039600357
633.0   390.57938835063925
634.0   399.1900971869005
635.0   409.18077766197257
636.0   415.8895085090667
637.0   420.47512114534527
638.0   418.3014894580508
639.0   430.715046164246
640.0   432.83710380998355
641.0   437.0659809307845
642.0   438.5863303306468
643.0   433.6508391950606
644.0   428.71147416356257
645.0   429.51659855603214
646.0   431.52791817892665
647.0   423.08409971788126
648.0   421.8485356743229
649.0   416.72989781883723
650.0   414.74054243275896
651.0   410.7025751181106
652.0   407.6672600186118
653.0   403.79172344661833
654.0   401.1986268603247
655.0   392.989183401657
656.0   393.4663869491472
657.0   391.2511505247221
658.0   384.5728691233175
659.0   388.8160423117806
660.0   386.9866711798014
661.0   384.32553977650184
662.0   387.28886002706486
663.0   383.6451227930954
664.0   390.11471194545504
665.0   399.7451238711493
666.0   392.3919226198348
667.0   390.2715794000798
668.0   388.54037250915405
669.0   395.7763545822293
670.0   411.74734985423373
671.0   417.58541718136655
672.0   423.2731085587512
673.0   420.5180112828594
674.0   424.8656062778471
675.0   435.19868333423403
676.0   434.42588999579914
677.0   448.47306382511215
678.0   453.4896955673795
679.0   462.7223657084276
680.0   472.536808758986
681.0   485.43831758947545
682.0   494.02111146146933
683.0   505.68729397887347
684.0   512.6048096833638
685.0   526.4718048134364
686.0   533.7200024427015
687.0   545.4799703908848
688.0   547.8305639266121
689.0   566.7424459062048
690.0   575.3226163116138
691.0   579.7913546304164
692.0   598.9567495154403
693.0   607.8440237559687
694.0   609.9297071466976
695.0   623.4916775425788
696.0   619.3851565242783
697.0   609.05093813948
698.0   639.3734281644613
699.0   638.8715371799522
700.0   634.9399296382298
701.0   618.0086403575053
702.0   634.5720186118656
703.0   624.3455265101454
704.0   632.2185957020665
705.0   631.7486097568633
706.0   626.1046409864443
707.0   621.0366353888311
708.0   613.0862950017189
709.0   609.8428411423417
710.0   600.1270928228694
711.0   590.4924383658115
712.0   583.8164089149703
713.0   577.9729616969814
714.0   573.2588260350451
715.0   564.5740319790048
716.0   560.2830986567308
717.0   565.7009159851692
718.0   546.2326575290542
719.0   551.3105495051267
720.0   535.7981666779717
721.0   532.8886635032869
722.0   533.2995637598009
723.0   533.7683453118558
724.0   530.0677891030264
725.0   513.3511266920048
726.0   515.1889551481919
727.0   512.3473285143118
728.0   507.82251297052613
729.0   512.6859781789856
730.0   483.87072464187077
731.0   492.969579733519
732.0   506.85203741974755
733.0   500.98300773912723
734.0   501.3351057218423
735.0   495.30590867946717
736.0   474.71545448663494
737.0   479.95700277350284
738.0   487.77451507789146
739.0   478.3116461562577
740.0   498.86647224836815
741.0   479.87559600136115
742.0   489.1273293711844
743.0   478.47852367416374
744.0   474.40253567037803
745.0   468.5679665454928
746.0   467.1523091425595
747.0   471.1431856713807
748.0   468.9942851080291
749.0   472.1112986581898
750.0   479.25165316941184
751.0   479.34621146180484
752.0   487.5572368378407
753.0   498.9510491381927
754.0   518.1000999532228
755.0   534.0338993205013
756.0   554.5192728387174
757.0   570.1824500502532
758.0   601.5289392971277
759.0   609.0987194775096
760.0   629.3324627264765
761.0   653.231387294083
762.0   678.7667428923371
763.0   698.8074851138483
764.0   716.4186548181312
765.0   729.0446930240528
766.0   748.326650147126
767.0   746.6845462192298
768.0   779.8008991930873
769.0   765.6832293713394
770.0   783.7464036317042
771.0   780.1098054263127
772.0   777.6816923772617
773.0   758.2327741794577
774.0   767.0346583142299
775.0   750.7420752660819
776.0   747.6446235671833
777.0   748.9095222643512
778.0   743.8932341304533
779.0   717.0082194806888
780.0   711.4618905453021
781.0   690.928715782692
782.0   678.4549515341791
783.0   667.1899424268477
784.0   648.2367723423695
785.0   631.1525621605416
786.0   618.7842527094821
787.0   603.2136807394031
788.0   587.1276689973827
789.0   574.1946412110003
790.0   560.1021447434108
791.0   540.1450782888763
792.0   531.2723496498397
793.0   512.4827797308544
794.0   496.39638722012324
795.0   480.6502720532444
796.0   467.98168384972803
797.0   472.8176965121428
798.0   443.9973465791622
799.0   426.91859024392187
800.0   414.3411546515267
