600.0   346.85701650838837
601.0   343.39671584815983
602.0   327.8677752175063
603.0   341.6986098554594
604.0   326.08563638262416
605.0   326.0683542381549
606.0   330.873256824809
607.0   329.44406897793294
608.0   325.35635641196234
609.0   309.07927197276126
610.0   312.87264398011564
611.0   306.0258267737243
612.0   318.97769998413236
613.0   305.088970933143
614.0   295.77010580516924
615.0   299.3373553735237
616.0   308.72502495464664
617.0   317.66813241627625
618.0   309.10870534940216
619.0   314.21984391048323
620.0   318.57844333822163
621.0   336.1940523803387
622.0   331.4003593369883
623.0   348.23542214327716
624.0   354.99580737627036
625.0   364.1781292820689
626.0   380.97433615145724
627.0   392.28611046270714
628.0   404.73406445997256
629.0   418.8850133190472
630.0   427.21761235726115
631.0   438.41510095563103
632.0   448.52915385639324
633.0   456.5463141998061
634.0   466.87388651580227
635.0   477.6404052910126
636.0   485.3336134502831
637.0   493.0597979989219
638.0   488.8238969892701
639.0   501.9229603838179
640.0   504.3077381620427
641.0   507.42444889675534
642.0   511.35599580489907
643.0   507.19509240668697
644.0   502.181486301776
645.0   502.1270077458579
646.0   506.54735481571373
647.0   495.7974103777128
648.0   494.25405356780925
649.0   486.6952732792944
650.0   482.8705719573951
651.0   480.12563557774644
652.0   477.99582446179096
653.0   465.42723345577656
654.0   468.83454425106606
655.0   457.89821641303126
656.0   459.88687175064655
657.0   457.3717359675949
658.0   447.08048426379565
659.0   452.5773456076304
660.0   450.55013553618346
661.0   450.00931539265537
662.0   451.43846839675325
663.0   450.42255168162296
664.0   458.92021673061606
665.0   468.51108254275834
666.0   458.8584619736119
667.0   461.08378342343923
668.0   458.81718859237253
669.0   462.6713103240365
670.0   481.0148265800519
671.0   491.54372254861903
672.0   497.3077792322102
673.0   493.5040751645809
674.0   493.73425003303686
675.0   510.87781592412205
676.0   513.3975245630846
677.0   524.2985976648563
678.0   533.2249883445146
679.0   544.3909938310351
680.0   558.4936331858786
681.0   569.5476635796404
682.0   583.5836445230783
683.0   594.2195011373474
684.0   603.810944566597
685.0   616.6134595103415
686.0   627.499766073547
687.0   640.1347419249792
688.0   645.4401280548175
689.0   665.988100098612
690.0   676.1078732198392
691.0   677.9611475027816
692.0   704.5713133969455
693.0   723.5434027832914
694.0   715.7304288767908
695.0   730.9300779712362
696.0   726.5174903766224
697.0   715.7481049724379
698.0   752.7525335909661
699.0   751.621702564626
700.0   746.6695897850959
701.0   727.6566211804302
702.0   745.0274379522064
703.0   735.1515512802903
704.0   738.6591548838599
705.0   744.5851207376962
706.0   737.9572155586905
707.0   732.7718968093941
708.0   725.5589612167828
709.0   717.5483602130564
710.0   707.8846333090863
711.0   697.2141153066029
712.0   688.7755354306967
713.0   676.9567554949081
714.0   676.2786036431362
715.0   662.9184463861363
716.0   660.4334019605602
717.0   665.4242821500216
718.0   644.4261867810903
719.0   650.7737114719473
720.0   631.368398695646
721.0   629.0020827900587
722.0   630.0510921380134
723.0   624.2025632726721
724.0   624.7868556956894
725.0   610.2733870117554
726.0   604.1085975113489
727.0   607.90178148066
728.0   597.4657847205558
729.0   607.0811202988361
730.0   570.8830152550182
731.0   576.4756498692971
732.0   600.9177900225029
733.0   592.5156089185957
734.0   591.5607215058704
735.0   582.7981594162118
736.0   561.869832579754
737.0   563.5041293200893
738.0   571.9930944850175
739.0   563.1747757631961
740.0   586.0842500515147
741.0   568.2861675319417
742.0   576.9593050125413
743.0   562.3911551339253
744.0   559.8329156470799
745.0   548.4975768343808
746.0   550.4883210581374
747.0   560.9601316775743
748.0   552.8407564976787
749.0   557.2310495035495
750.0   562.2695805272203
751.0   562.6376486365674
752.0   576.5522150202044
753.0   589.8874060945789
754.0   608.7711665109665
755.0   631.3390989318891
756.0   652.9373345870172
757.0   671.342229133432
758.0   708.5952900139641
759.0   717.410858088305
760.0   746.0404087205775
761.0   774.2466385631413
762.0   798.2776006361521
763.0   829.4908400458021
764.0   845.3872531614631
765.0   866.8671596950189
766.0   885.5322237723815
767.0   887.1358240520493
768.0   918.7141249890075
769.0   906.0386680840359
770.0   925.5837747875278
771.0   921.8628411540752
772.0   925.0840812157876
773.0   894.182872392325
774.0   907.9098561398166
775.0   884.4806343130913
776.0   882.4894210547093
777.0   885.2853872113872
778.0   874.5693422507409
779.0   846.5215007103366
780.0   839.6357467495076
781.0   815.904611755627
782.0   803.342616980144
783.0   784.421804156305
784.0   763.172888876341
785.0   745.1230770536989
786.0   729.4087361429729
787.0   716.40279813079
788.0   690.8287265065301
789.0   678.5776943363575
790.0   660.5543679995867
791.0   633.7976661168298
792.0   623.9979116213435
793.0   604.9463868790522
794.0   586.1125750066469
795.0   567.460328437067
796.0   554.483813963548
797.0   559.9666138944018
798.0   520.6166893073766
799.0   500.31175452457177
800.0   493.93115051716984
