600.0   395.5609213977052
601.0   389.0067003403791
602.0   377.1724525109689
603.0   389.8470969664936
604.0   371.4067268696601
605.0   369.78478543796433
606.0   380.0232949382083
607.0   374.405812694469
608.0   371.298235589251
609.0   350.3910393155817
610.0   357.45672482241775
611.0   351.39743246709844
612.0   360.9677066955623
613.0   347.0370079937583
614.0   337.51162834706275
615.0   341.036829717371
616.0   350.21240115945545
617.0   359.59583206245605
618.0   354.00725643352274
619.0   359.8876281094496
620.0   362.59187013212295
621.0   380.39834297910375
622.0   380.40841228052017
623.0   397.5165970314691
624.0   405.23234800329067
625.0   416.1075630194074
626.0   436.2747488391868
627.0   447.3487488967662
628.0   462.6575200481895
629.0   476.81971835208606
630.0   485.8741981091025
631.0   503.25908945133085
632.0   509.26804364190787
633.0   518.4922638549583
634.0   533.5215085056333
635.0   544.4274006613341
636.0   554.1930794788026
637.0   562.2143327845786
638.0   558.675213766761
639.0   575.6308897572119
640.0   578.7582479406618
641.0   582.8157922940936
642.0   580.9765376129266
643.0   577.2627988341269
644.0   574.7544641093192
645.0   573.5730036906675
646.0   575.9809330540647
647.0   566.6419391327324
648.0   561.4926965683675
649.0   556.9217983185953
650.0   550.7793588968215
651.0   550.231577700376
652.0   544.575817211831
653.0   536.074059202358
654.0   532.5870745340637
655.0   527.7991805926437
656.0   528.08948425262
657.0   525.9344897515638
658.0   514.1802936510085
659.0   519.3737370785848
660.0   516.6827413042422
661.0   514.7939232016037
662.0   515.5520952555944
663.0   518.3830543096217
664.0   524.9346732168101
665.0   538.5102081907958
666.0   524.4224954415117
667.0   526.4812128370806
668.0   524.1511852084811
669.0   533.7024172806925
670.0   551.301056297274
671.0   560.3409661840877
672.0   568.349761547664
673.0   564.7378766194513
674.0   566.4370464579977
675.0   584.9928780845148
676.0   584.0034203869948
677.0   601.5126181366122
678.0   611.8185775817497
679.0   627.0528655530952
680.0   641.8499156328871
681.0   653.3851628382903
682.0   666.1080630685381
683.0   680.4244418158944
684.0   695.2120749352016
685.0   711.056369169705
686.0   723.1945432010001
687.0   733.9761392847604
688.0   742.9923043278127
689.0   765.8054476615084
690.0   780.2281659112565
691.0   782.9766940465136
692.0   808.719016401518
693.0   829.3224717865562
694.0   824.2719936457078
695.0   841.8527219222146
696.0   832.5583783052659
697.0   825.2070363791121
698.0   861.8741790480187
699.0   866.4029611283916
700.0   858.0807042814051
701.0   834.9869929825229
702.0   859.1376361750993
703.0   844.9750689559198
704.0   851.2512021635637
705.0   854.549331913478
706.0   849.2113260211224
707.0   843.0096163435036
708.0   834.7716731860635
709.0   829.0886448534484
710.0   811.1898397586405
711.0   803.3620163406117
712.0   794.0600814543138
713.0   782.0837349984597
714.0   777.2477138674258
715.0   762.0928395996209
716.0   767.8752197625023
717.0   764.6067633111878
718.0   741.4848292472
719.0   747.8871503026606
720.0   728.4631961143662
721.0   723.1784031412027
722.0   726.5277198289258
723.0   719.8536871481487
724.0   720.7833327183203
725.0   699.4997038542019
726.0   698.2833569013031
727.0   698.4499042675986
728.0   688.8658525903661
729.0   699.2051934948444
730.0   657.361999677226
731.0   670.7033811759331
732.0   685.7724758821653
733.0   682.7552938507063
734.0   681.0131590028645
735.0   671.1669218681715
736.0   647.7009459519721
737.0   647.260720398136
738.0   663.2669010264749
739.0   646.8605146544953
740.0   673.5592913759872
741.0   653.4139852886462
742.0   666.1533527982147
743.0   648.1143925632409
744.0   652.3019084808445
745.0   632.4795392993268
746.0   637.8878900676045
747.0   645.760557637664
748.0   638.5156972466317
749.0   638.0869616254711
750.0   649.480540959103
751.0   650.3288772787203
752.0   662.1996686377113
753.0   683.4518516999422
754.0   700.1059475442044
755.0   724.1356362841515
756.0   755.0660383928803
757.0   774.1216956315736
758.0   814.8484095190676
759.0   826.5984897124807
760.0   853.1875235131579
761.0   891.2637689953448
762.0   919.7924532842762
763.0   956.0532446606762
764.0   973.816533130117
765.0   997.8550259553385
766.0   1014.0843189875197
767.0   1016.2213783731637
768.0   1061.033723155941
769.0   1045.411991276865
770.0   1061.9423892887728
771.0   1060.5846792773616
772.0   1063.7868570575
773.0   1034.7259708576328
774.0   1043.9008186925062
775.0   1019.2311179760115
776.0   1017.208910240058
777.0   1020.9106470387719
778.0   1015.74069312561
779.0   975.5513388071709
780.0   969.0460191075878
781.0   944.8151733815382
782.0   924.6840617515305
783.0   904.5918532488314
784.0   881.526795795917
785.0   861.5241668859061
786.0   842.6629248296716
787.0   818.3457673134085
788.0   793.7407823151468
789.0   780.154194029291
790.0   761.0190042407255
791.0   737.5950377665748
792.0   716.2222910928508
793.0   695.1967486510614
794.0   670.6157763004201
795.0   650.3286295353104
796.0   638.5282736566604
797.0   642.8404524203457
798.0   597.0790964598586
799.0   578.0998200485046
800.0   564.1915868490545
