600.0   444.8359108063336
601.0   436.1722266184129
602.0   422.8595951259051
603.0   436.85936300708
604.0   417.04279728474233
605.0   413.1313964474163
606.0   421.4748280477818
607.0   418.7368820498806
608.0   413.7393245621611
609.0   389.450009505435
610.0   398.09830024671487
611.0   393.25633092880395
612.0   404.72987009902505
613.0   389.05120179460044
614.0   377.14379796446
615.0   383.012946096984
616.0   392.0147327602008
617.0   402.0182412624634
618.0   392.6233495865965
619.0   403.7570572351505
620.0   406.8638479075747
621.0   428.73899603525695
622.0   424.19600761568546
623.0   445.48278115922307
624.0   456.5207704243787
625.0   465.8001569728809
626.0   487.7346853402606
627.0   502.92126149955686
628.0   517.2445333881878
629.0   534.2229419984167
630.0   547.6585305990902
631.0   560.5949069042057
632.0   574.0883049844123
633.0   589.0591905228127
634.0   597.6439712059417
635.0   612.3526571354154
636.0   626.3826617218307
637.0   630.15820513124
638.0   629.0133273648835
639.0   644.655881786437
640.0   649.3988476633227
641.0   653.1727868122853
642.0   654.5566473203946
643.0   646.6238841159454
644.0   648.7734159206831
645.0   642.4478337451851
646.0   647.4068066641255
647.0   639.9138537862476
648.0   633.7651460215518
649.0   626.9756828305796
650.0   621.3176502276547
651.0   616.6572933602195
652.0   609.7778236361958
653.0   602.6785077665393
654.0   601.6990659359667
655.0   591.8228862864584
656.0   589.3067944610195
657.0   589.3592139334394
658.0   582.9703644190208
659.0   583.8900528617056
660.0   586.1375595315628
661.0   578.9515806148411
662.0   583.1307759507652
663.0   583.6712887961437
664.0   591.0555138001961
665.0   606.9090360723794
666.0   595.861257184534
667.0   595.7499880815494
668.0   589.7125337459167
669.0   597.977924479583
670.0   622.972900173369
671.0   631.2979147476108
672.0   641.6343026622333
673.0   638.8940965565478
674.0   640.8698228485866
675.0   660.0891925350587
676.0   660.1401892805186
677.0   679.3462740982343
678.0   692.5409093776408
679.0   705.6462238870788
680.0   723.5852716766495
681.0   733.9768633779431
682.0   753.9732791264328
683.0   771.180498873641
684.0   781.5497740733736
685.0   800.3766252163664
686.0   813.594365833543
687.0   832.1252472192796
688.0   836.103993605482
689.0   868.3205192326494
690.0   880.2887873728681
691.0   884.4919795824983
692.0   919.2450502262751
693.0   936.0829670907599
694.0   926.7779589765912
695.0   951.8634168877691
696.0   942.0705952730784
697.0   934.5215176974172
698.0   976.5782487704839
699.0   977.3451396438923
700.0   974.5938205480163
701.0   945.1418159481809
702.0   970.7620472025958
703.0   952.1353876420542
704.0   964.3487859842253
705.0   967.7567687045771
706.0   957.4014513018421
707.0   952.1212990631515
708.0   944.9601397326475
709.0   935.5921305781632
710.0   922.2765565752096
711.0   907.4137946697931
712.0   896.9383004180365
713.0   883.4848030544022
714.0   878.275128038134
715.0   865.4600635508557
716.0   858.0904366544256
717.0   867.9283279996476
718.0   836.0932455756681
719.0   845.0784699788986
720.0   821.9986162060684
721.0   820.8810308347284
722.0   818.8792851605904
723.0   811.5946681255668
724.0   816.7295349050801
725.0   792.2209980130469
726.0   790.6657365590117
727.0   790.4065572046331
728.0   777.4112037025543
729.0   788.6546867572407
730.0   745.9552892065321
731.0   754.8658394030113
732.0   780.5160017928831
733.0   775.3119367785057
734.0   769.9286777712049
735.0   761.8942663766317
736.0   729.147547839327
737.0   731.4484943969172
738.0   746.8826433189222
739.0   729.6645132363894
740.0   764.9189893083673
741.0   741.8961647780114
742.0   755.8650236574354
743.0   735.9261028730646
744.0   731.5198210509938
745.0   718.610426968636
746.0   721.0294592061289
747.0   728.2743530433577
748.0   723.1285514455999
749.0   726.7983021766051
750.0   736.8880149567192
751.0   733.2789040231318
752.0   746.3516916281236
753.0   771.271748248939
754.0   795.0752082134152
755.0   823.2439692364728
756.0   852.2357796980864
757.0   875.0609904956416
758.0   922.6170929151461
759.0   933.4225733822663
760.0   968.8958155133685
761.0   1008.5914246043625
762.0   1040.8381140496847
763.0   1080.8725565776383
764.0   1098.469395726921
765.0   1130.2543106263151
766.0   1151.0556025542403
767.0   1154.4063063667077
768.0   1202.5330163380936
769.0   1182.674984738974
770.0   1199.24427624783
771.0   1198.4761000407968
772.0   1202.8854379106879
773.0   1165.1326787289408
774.0   1179.1630006139278
775.0   1153.9118029086296
776.0   1150.553797749266
777.0   1150.635379150839
778.0   1139.8818121954862
779.0   1102.6323256533287
780.0   1094.7930906566721
781.0   1068.3273376017241
782.0   1049.8791660346205
783.0   1025.2716068951163
784.0   996.6275406193315
785.0   975.3067175974314
786.0   951.3849710563312
787.0   924.6041261608175
788.0   900.6254825427814
789.0   880.8898752607045
790.0   864.1459887751615
791.0   830.3366276318086
792.0   811.9842491626375
793.0   786.0350136638372
794.0   759.0279874974156
795.0   741.0666293381009
796.0   724.9430976625457
797.0   727.5973573459313
798.0   680.9950095448917
799.0   648.8950104345543
800.0   634.0714297015238
