600.0   481.3562374754182
601.0   477.74163644896544
602.0   461.55049503147075
603.0   479.69087206051165
604.0   456.2054644705332
605.0   457.61389665474877
606.0   466.16842120715023
607.0   457.2864605439553
608.0   456.5102449805695
609.0   428.8951580670455
610.0   437.2201705734983
611.0   430.20719065575753
612.0   443.29476143481776
613.0   426.70108651066363
614.0   413.5404509805691
615.0   419.3155985179584
616.0   430.4646087759686
617.0   441.6020382596586
618.0   432.6294392170975
619.0   443.1028666728195
620.0   447.58246198546965
621.0   472.54935260604907
622.0   469.3080081410238
623.0   490.697169362589
624.0   504.7278802321647
625.0   517.9262883147286
626.0   538.395005679346
627.0   552.7154719993124
628.0   571.4919334572389
629.0   591.5241596315417
630.0   602.6527467057427
631.0   619.7530521584606
632.0   635.6673913043136
633.0   647.5725593445616
634.0   660.4370525025184
635.0   672.1621874835162
636.0   690.0204070154729
637.0   696.4899249749689
638.0   692.0615755763221
639.0   715.6472707191526
640.0   716.7257610370425
641.0   722.7049080474926
642.0   723.5273734403335
643.0   718.7296602052617
644.0   713.0492831204921
645.0   712.0739051244575
646.0   717.8416693984814
647.0   708.84216153378
648.0   697.5813497161543
649.0   691.0689705073813
650.0   686.0833492238337
651.0   681.8753353114223
652.0   673.7412987482851
653.0   664.3786836066691
654.0   663.1583963455965
655.0   651.9325079170072
656.0   656.6923153799225
657.0   653.4446426871878
658.0   642.6997590349749
659.0   646.3594718111889
660.0   644.4164109682038
661.0   642.1630334877609
662.0   643.1198096742274
663.0   644.0109382519214
664.0   651.3296849511626
665.0   674.2140899833439
666.0   657.9620249710438
667.0   657.3104525249944
668.0   651.3727504309747
669.0   662.8192970117339
670.0   687.8040464403141
671.0   701.4323394132771
672.0   715.7011044418853
673.0   705.5636985346225
674.0   705.7032175320837
675.0   731.4569089128998
676.0   734.2425494628517
677.0   753.3485235483467
678.0   765.7108956756499
679.0   782.887556178365
680.0   802.922419814031
681.0   816.8423586554218
682.0   833.7357180112349
683.0   850.7769598229611
684.0   870.9088638089016
685.0   890.1143426126348
686.0   906.7112562204737
687.0   917.8332662766404
688.0   933.2779140787834
689.0   956.2891536114918
690.0   975.4074163153856
691.0   983.7658138087706
692.0   1015.5451230858292
693.0   1033.844151026786
694.0   1036.0306234972247
695.0   1053.9622444883862
696.0   1047.5338164083398
697.0   1034.7782560590113
698.0   1077.4030637596138
699.0   1086.866228819741
700.0   1077.3848554942545
701.0   1052.3858524863772
702.0   1074.039738024002
703.0   1064.072297206204
704.0   1069.8671979982232
705.0   1075.4240104244955
706.0   1062.4954935627202
707.0   1053.9166074307514
708.0   1042.8419003481526
709.0   1041.8655397909806
710.0   1018.1143203741964
711.0   1003.5256547439428
712.0   997.256422591548
713.0   984.765148039812
714.0   971.9917686911515
715.0   956.9987734852095
716.0   960.1207771381581
717.0   960.6438660340958
718.0   929.9991123329662
719.0   937.1284319299438
720.0   913.7270242221566
721.0   907.9504193187837
722.0   912.7011352703748
723.0   901.874852107661
724.0   901.8657153231511
725.0   875.4141624677181
726.0   876.5902756449597
727.0   877.6576093723963
728.0   861.2200072756661
729.0   874.5053532374831
730.0   823.5388422224487
731.0   833.7758855962201
732.0   866.7610554694784
733.0   859.5646736681485
734.0   856.4387180329207
735.0   849.0629288195028
736.0   815.0566252469166
737.0   814.8126903459226
738.0   831.4050098645173
739.0   811.0469158854862
740.0   846.1695077030635
741.0   824.549118760411
742.0   842.1863269955911
743.0   815.0834766421851
744.0   816.1856245905122
745.0   801.6227622602773
746.0   799.2568664322654
747.0   808.1955955963281
748.0   800.5321692496241
749.0   803.5481128088704
750.0   814.0247701783462
751.0   814.6521601812425
752.0   830.3692090616199
753.0   852.9701719107268
754.0   878.6339315714503
755.0   913.0195408514026
756.0   946.5635453860025
757.0   976.8007743378998
758.0   1022.2447974105165
759.0   1035.4707997002208
760.0   1077.0378139817608
761.0   1118.6842307476536
762.0   1156.7736116551316
763.0   1199.1109351478656
764.0   1223.9842536357226
765.0   1250.181359330187
766.0   1276.5833205933359
767.0   1280.9377854117513
768.0   1337.1138200273244
769.0   1309.7562787101187
770.0   1336.1061530965326
771.0   1331.0983692728043
772.0   1333.3907965558028
773.0   1296.4721465569453
774.0   1310.0901400811395
775.0   1280.1408172510016
776.0   1280.8594575313189
777.0   1281.8811129222809
778.0   1273.1161860138538
779.0   1226.1544313907796
780.0   1216.9263660554757
781.0   1184.6875787409317
782.0   1165.8320425709494
783.0   1132.3774057775818
784.0   1105.927706610099
785.0   1080.6788064318766
786.0   1052.864102352139
787.0   1027.0363160354416
788.0   999.7017911610917
789.0   981.9422798871037
790.0   956.9089752703911
791.0   921.4072082003099
792.0   904.7133479157862
793.0   873.1692766517447
794.0   842.5276840656634
795.0   823.5522015249529
796.0   797.3195596322201
797.0   804.7014677754893
798.0   754.37945060469
799.0   718.1996363264614
800.0   708.6108446907574
