600.0   531.5768910938226
601.0   523.880117985248
602.0   505.92594956142307
603.0   524.4681104957317
604.0   502.7752740460306
605.0   498.9588385754143
606.0   509.26339703865654
607.0   502.15059057890335
608.0   498.8080720544348
609.0   473.51090570208385
610.0   479.01239649361855
611.0   472.1170789586976
612.0   487.07357773223765
613.0   466.41830200551914
614.0   454.8950207320799
615.0   463.33680404914867
616.0   469.82156897611105
617.0   483.79759683765786
618.0   473.21053871168186
619.0   484.84190837073487
620.0   491.1406938923682
621.0   516.8012849619704
622.0   515.9778614408035
623.0   540.5156339031057
624.0   551.8116275339002
625.0   570.1958047860816
626.0   588.108061540061
627.0   608.2008938811115
628.0   628.541675357392
629.0   649.6204725582379
630.0   661.9539768621007
631.0   680.1723892685978
632.0   699.4289941206339
633.0   709.0024617049503
634.0   725.5334157258369
635.0   740.1979837479273
636.0   758.3217890559206
637.0   767.6583236015068
638.0   761.743016573806
639.0   787.0887916353834
640.0   789.599350524601
641.0   792.9693805947529
642.0   796.3828238692498
643.0   787.2868516933956
644.0   784.3502956139425
645.0   781.8654886471712
646.0   789.3533676152258
647.0   779.2666070728932
648.0   769.0111059639195
649.0   764.0072815943718
650.0   754.9732617593882
651.0   750.8155327759337
652.0   742.8462061674718
653.0   735.0279433582147
654.0   729.7877733490179
655.0   720.5348549073852
656.0   721.2014796910937
657.0   719.9539673715283
658.0   706.4169487510778
659.0   708.6117207696784
660.0   709.0968192894371
661.0   702.2479407982462
662.0   710.2684446247989
663.0   706.2800239668625
664.0   718.0285181168376
665.0   741.5466538581695
666.0   723.1081233212742
667.0   724.04831418453
668.0   717.8731649265361
669.0   730.8802345180522
670.0   761.6429321663493
671.0   771.7537247969644
672.0   786.6250794486025
673.0   776.7977157635569
674.0   778.0236474337471
675.0   805.3668190300798
676.0   804.7977945972228
677.0   833.447438289642
678.0   840.5122309032478
679.0   859.0211363877668
680.0   885.7950256599905
681.0   900.9363378242102
682.0   920.5515421950874
683.0   942.2253291298273
684.0   959.0123112018911
685.0   983.4512586707776
686.0   998.016833037551
687.0   1014.809152726293
688.0   1026.3693523584707
689.0   1054.9132220604774
690.0   1073.8190534073815
691.0   1088.0050260748155
692.0   1122.382116855702
693.0   1141.7442334154769
694.0   1139.17485903158
695.0   1160.689991822932
696.0   1157.2259872309928
697.0   1141.3443419973369
698.0   1192.7866379596558
699.0   1196.8042886060039
700.0   1183.1246008681185
701.0   1162.8440211446518
702.0   1187.776607236533
703.0   1169.769272632145
704.0   1182.0164881681164
705.0   1184.3214578008797
706.0   1178.1843569711593
707.0   1167.5807131699978
708.0   1152.608862504448
709.0   1147.505884924519
710.0   1126.0314028669338
711.0   1108.3288464991756
712.0   1093.8571129259317
713.0   1088.2913272353735
714.0   1076.1061851156062
715.0   1056.616215356827
716.0   1057.4294365950739
717.0   1057.5143982282611
718.0   1025.6311149048609
719.0   1039.4089271551873
720.0   1011.0207725221442
721.0   1006.1985834521143
722.0   1006.2935164695903
723.0   999.5122023554405
724.0   998.414663844188
725.0   968.6216088085364
726.0   971.1551235256983
727.0   967.3066653614794
728.0   950.0503080064648
729.0   965.5246913925422
730.0   915.1629100842758
731.0   930.1204426076347
732.0   958.0649676001558
733.0   951.8084811502295
734.0   945.1570577933677
735.0   937.422582636244
736.0   899.5166117471838
737.0   897.8533418960665
738.0   920.2130376304336
739.0   899.186577261923
740.0   936.6259058225113
741.0   910.3928211164575
742.0   925.490432040285
743.0   904.4414019264722
744.0   901.0131001707658
745.0   885.3576551467421
746.0   885.9097273639361
747.0   897.0547073897733
748.0   886.991783165781
749.0   888.6794255573654
750.0   900.5558772673094
751.0   902.4302511203558
752.0   921.1074317443979
753.0   943.0982388208242
754.0   971.9997562421853
755.0   1011.3108798812127
756.0   1046.014412850433
757.0   1074.6393061591566
758.0   1131.3476425656559
759.0   1145.4710143572622
760.0   1188.3191549580222
761.0   1235.348431481004
762.0   1275.3276299619047
763.0   1326.609814540496
764.0   1346.8017285679935
765.0   1380.8407354850822
766.0   1412.685790010228
767.0   1409.734993336762
768.0   1472.4532571019026
769.0   1441.067044317636
770.0   1474.8698620733749
771.0   1468.700646448028
772.0   1466.8897128155536
773.0   1425.2002752819158
774.0   1444.8023381983533
775.0   1414.133154225032
776.0   1404.567657544561
777.0   1409.4936773477125
778.0   1399.5575158216418
779.0   1352.8682642957242
780.0   1341.7759627089672
781.0   1305.2374801727985
782.0   1285.5443480682616
783.0   1255.9825644760194
784.0   1220.8842136739845
785.0   1188.7915001388849
786.0   1161.7984780273746
787.0   1133.6124231727354
788.0   1100.5165474479497
789.0   1083.6009671933557
790.0   1053.933287959531
791.0   1013.9208755126531
792.0   994.7821809006432
793.0   964.1084225172517
794.0   928.2811887149583
795.0   908.0725881292667
796.0   888.9535765954366
797.0   891.0715877943195
798.0   830.7224353597653
799.0   796.2381254054833
800.0   778.5476222382213
