600.0   575.8016019819211
601.0   569.5868135886449
602.0   549.2151557177625
603.0   568.6513406589565
604.0   545.021339123057
605.0   540.1838689003541
606.0   551.0512939160695
607.0   543.0069465585206
608.0   541.1357230292076
609.0   515.9745707225972
610.0   522.000781075895
611.0   514.5047963335755
612.0   529.0089969086328
613.0   509.31118300151746
614.0   493.3328592291845
615.0   500.4356256844343
616.0   513.2424313982006
617.0   525.2111953196452
618.0   513.7745917553236
619.0   530.3214411420249
620.0   532.2182927673452
621.0   560.6417135985948
622.0   557.0979983147836
623.0   588.2844295115324
624.0   599.402541920972
625.0   616.847896394702
626.0   645.8784994359066
627.0   659.879310075643
628.0   683.4502712902004
629.0   707.6488108276607
630.0   721.036333080438
631.0   739.4827978985899
632.0   759.1482948109347
633.0   773.0537282273872
634.0   788.8463661028638
635.0   813.5454054896747
636.0   822.1746856993929
637.0   830.8089504019689
638.0   826.1058844242916
639.0   854.6003976122942
640.0   863.4806284538292
641.0   865.849276018969
642.0   867.3120745307623
643.0   858.0341087067355
644.0   855.2317362941403
645.0   853.08277589084
646.0   857.3482064203799
647.0   845.9441065551896
648.0   839.7869161067531
649.0   835.0292587843954
650.0   821.6124479576964
651.0   816.3028147809891
652.0   808.9711987319711
653.0   798.1121109028804
654.0   795.2915212621275
655.0   782.8215742612917
656.0   784.2849370753252
657.0   783.9922271193947
658.0   771.9244146246513
659.0   775.6615344435913
660.0   772.2604005099239
661.0   767.1960507263178
662.0   769.6806548949232
663.0   772.1890265576047
664.0   780.6418268709591
665.0   801.1625507241388
666.0   787.756746355155
667.0   788.6698450310921
668.0   782.0560161568558
669.0   797.1995901809385
670.0   824.831593857625
671.0   843.0604501794269
672.0   854.3019278068355
673.0   846.7958285048708
674.0   848.494480895431
675.0   884.1674548694423
676.0   882.0479291034101
677.0   905.8516412570349
678.0   919.2760494931157
679.0   937.8406799934585
680.0   965.6375067854259
681.0   984.0221258804426
682.0   1005.6211035170586
683.0   1025.3483912839163
684.0   1044.9135799442038
685.0   1072.13735721894
686.0   1089.4420511991723
687.0   1113.6834671857957
688.0   1118.270594965817
689.0   1152.342415259951
690.0   1173.9442213118573
691.0   1183.2841307985605
692.0   1226.1282840159952
693.0   1249.6026699164775
694.0   1243.4438574118876
695.0   1268.5610653768097
696.0   1260.0525623701233
697.0   1245.4898056448412
698.0   1304.6578477605615
699.0   1311.0333490438588
700.0   1295.28174486007
701.0   1264.6109654397205
702.0   1295.6485883294936
703.0   1278.6139692561612
704.0   1290.2193805211534
705.0   1289.9187920333095
706.0   1276.8032060600726
707.0   1271.9804181702887
708.0   1262.400481319844
709.0   1250.671445881213
710.0   1232.1167493148257
711.0   1214.9980250748224
712.0   1200.0049503681355
713.0   1185.7883418819006
714.0   1175.60850697943
715.0   1157.2008245203858
716.0   1152.8183482116704
717.0   1155.9106723276814
718.0   1121.0328797311504
719.0   1135.8752970698597
720.0   1101.7945293120604
721.0   1099.4228196867289
722.0   1102.2650585950369
723.0   1090.6855719075213
724.0   1091.5122517153586
725.0   1059.4779856375828
726.0   1054.2176756117951
727.0   1062.010478918136
728.0   1040.7122096042224
729.0   1058.4488518220417
730.0   1003.6740394801484
731.0   1014.5081278016803
732.0   1048.8947103831697
733.0   1041.6264780308693
734.0   1038.3015626569172
735.0   1023.8490818958019
736.0   977.4448450009297
737.0   986.8508993174398
738.0   1001.9698607486961
739.0   982.6246779842838
740.0   1023.7059314916295
741.0   995.5803046108238
742.0   1011.0193469363514
743.0   985.5333696576816
744.0   984.3168808648337
745.0   962.9183268416008
746.0   967.653604176965
747.0   976.249066603998
748.0   973.3930418919344
749.0   974.965904944823
750.0   980.7146625475489
751.0   987.4437884864027
752.0   1005.3369328093127
753.0   1027.399672172538
754.0   1057.9175564638526
755.0   1100.1709255631565
756.0   1140.226750235506
757.0   1171.349003989359
758.0   1230.816838515364
759.0   1249.8773157219778
760.0   1291.874602755112
761.0   1344.7918714622779
762.0   1394.9043887325408
763.0   1448.360420136464
764.0   1471.0048597741877
765.0   1508.2853422134299
766.0   1539.804095235553
767.0   1541.1336613875649
768.0   1607.2838141277803
769.0   1579.5951287785713
770.0   1607.9036552758764
771.0   1601.5579821286585
772.0   1602.8391570114381
773.0   1558.9944123240691
774.0   1579.3090598844917
775.0   1540.6961943580725
776.0   1538.5220295300455
777.0   1541.6682461655137
778.0   1530.9167540970998
779.0   1475.3895957576697
780.0   1464.6882723597314
781.0   1428.2675765022857
782.0   1401.5750006947337
783.0   1366.0653552760955
784.0   1334.3346964125744
785.0   1302.775320971643
786.0   1271.6949568917016
787.0   1239.6826039955556
788.0   1199.9549968914423
789.0   1184.1662203171395
790.0   1152.9700441201458
791.0   1101.968416380481
792.0   1088.7875379126433
793.0   1052.3753113425107
794.0   1017.1789910732871
795.0   987.7825470228142
796.0   966.0805261175877
797.0   972.3798484068726
798.0   910.8874817899568
799.0   869.1903942338988
800.0   853.3585486395313
