600.0   620.6012183634341
601.0   615.414182955235
602.0   590.8396131130492
603.0   611.2088328566173
604.0   588.472399161604
605.0   583.5761172706564
606.0   596.3622315654125
607.0   587.660047019687
608.0   584.1887637390308
609.0   556.1003259095072
610.0   563.1033664028708
611.0   552.5013982728333
612.0   573.5623837136559
613.0   547.4569547095787
614.0   532.6810279334111
615.0   537.8252011733657
616.0   553.5438187085099
617.0   567.1103862218129
618.0   555.2670585744281
619.0   571.0714266961922
620.0   576.9333324894794
621.0   608.3627949819422
622.0   602.1443163405304
623.0   633.4970634237659
624.0   650.2138554671648
625.0   663.7336042619687
626.0   695.3519039517909
627.0   715.482367309053
628.0   738.0358632299135
629.0   758.0599589885796
630.0   776.5068079718365
631.0   797.753485686014
632.0   821.3498508280628
633.0   830.9664232961122
634.0   855.6869730730817
635.0   873.2461741108123
636.0   890.837146404855
637.0   901.8270364925523
638.0   893.5355551044232
639.0   927.1213076904536
640.0   930.2833135053097
641.0   937.505620156491
642.0   934.0388935807088
643.0   931.3940406279124
644.0   923.1866472050135
645.0   922.888416886059
646.0   926.1943119367561
647.0   915.1116873012265
648.0   904.6012444610635
649.0   894.4015614197731
650.0   889.4746122555225
651.0   881.8245697575919
652.0   874.74401530666
653.0   866.4507423865522
654.0   858.0888930242394
655.0   847.8219485008643
656.0   848.3636831653955
657.0   846.7242519571795
658.0   832.0226165432223
659.0   836.9140882046829
660.0   837.5742943004659
661.0   831.2955841206723
662.0   834.0106216921913
663.0   832.7765665473636
664.0   847.0221168484763
665.0   871.8388155930795
666.0   850.0629486701632
667.0   853.4418644736968
668.0   847.2092234293191
669.0   862.5678731767102
670.0   898.2894828344431
671.0   915.413367546638
672.0   928.0196267623562
673.0   919.3771033030268
674.0   925.5074796006477
675.0   955.1630119608196
676.0   950.7843498705015
677.0   978.6801725883462
678.0   999.4684780224251
679.0   1015.8561797936384
680.0   1046.6976584662443
681.0   1066.2901710419922
682.0   1086.1407797785132
683.0   1112.576070284708
684.0   1130.161511862424
685.0   1159.3080112468388
686.0   1182.6523890737956
687.0   1197.8416151627669
688.0   1215.703312706324
689.0   1253.6367232108225
690.0   1271.5387741111524
691.0   1280.2521896435464
692.0   1325.910622806624
693.0   1352.0762534347632
694.0   1343.7043183793312
695.0   1372.8531584107122
696.0   1364.8405662646385
697.0   1349.850098041146
698.0   1412.3764400931564
699.0   1420.7267438139725
700.0   1402.8466041278693
701.0   1371.1840495075503
702.0   1403.5238693859242
703.0   1383.8582547336093
704.0   1401.2599791784667
705.0   1398.6700894278435
706.0   1392.5651018577328
707.0   1381.1212198103033
708.0   1363.755225263477
709.0   1353.540737731659
710.0   1333.5052464068394
711.0   1317.705300820516
712.0   1300.93946517279
713.0   1288.6911583582184
714.0   1278.0279061785066
715.0   1257.2738374642665
716.0   1253.205367110821
717.0   1255.546595827119
718.0   1213.8961376202183
719.0   1226.898253435139
720.0   1196.9176715386088
721.0   1189.5432709893562
722.0   1201.8521642746637
723.0   1181.2343322588717
724.0   1187.777699193519
725.0   1151.4713437734208
726.0   1149.0137151643285
727.0   1149.3550865085047
728.0   1135.181187412871
729.0   1144.8172329861595
730.0   1085.0240014037925
731.0   1100.50573363111
732.0   1135.2983116794471
733.0   1130.2683469525266
734.0   1122.8863682778733
735.0   1108.9862259186486
736.0   1065.1021249352598
737.0   1071.2868072104857
738.0   1089.1621451782244
739.0   1065.136219207696
740.0   1111.065565079986
741.0   1079.7480116112142
742.0   1098.8465167220086
743.0   1071.0610795763205
744.0   1072.1445233432887
745.0   1044.9030399840722
746.0   1047.404987016004
747.0   1063.258982608866
748.0   1052.7958187824004
749.0   1055.454529061851
750.0   1066.4438641170836
751.0   1073.0503947162765
752.0   1091.6818839137973
753.0   1116.4628137971858
754.0   1148.821467112026
755.0   1191.8472654307336
756.0   1238.5779296952107
757.0   1275.2948347876206
758.0   1336.6733481172178
759.0   1364.2615954813286
760.0   1403.0254137213549
761.0   1458.4837716203554
762.0   1511.380747185854
763.0   1570.204143726127
764.0   1592.9595768741203
765.0   1633.5050887220136
766.0   1667.5786950855245
767.0   1667.593277165774
768.0   1737.1761326483734
769.0   1706.359279775259
770.0   1740.241887365664
771.0   1728.461387589205
772.0   1735.3447392201595
773.0   1688.3979254283868
774.0   1708.747521160092
775.0   1669.179476142765
776.0   1663.9160814812694
777.0   1664.5574540763298
778.0   1650.723221548263
779.0   1595.0468490370858
780.0   1582.4080704013836
781.0   1552.6980258358096
782.0   1520.1598447030915
783.0   1483.1617593172437
784.0   1445.3939102625372
785.0   1406.1760957882843
786.0   1380.3642332797112
787.0   1341.139882254035
788.0   1307.3620942078237
789.0   1277.8963547646802
790.0   1247.2031987479647
791.0   1202.3529919946955
792.0   1178.7627171693437
793.0   1136.9934349181826
794.0   1099.5389927923577
795.0   1075.0794464166775
796.0   1049.4774702424288
797.0   1053.412225119854
798.0   986.323557249752
799.0   946.4302192611142
800.0   924.4020582063646
