600.0   659.7473998344666
601.0   652.3866327048875
602.0   630.6626484200477
603.0   653.4089262357192
604.0   621.5843008319964
605.0   619.0547042310404
606.0   631.8997220544279
607.0   628.8836531572092
608.0   622.1742398150471
609.0   590.7515547373197
610.0   595.5830945886825
611.0   588.3567191985155
612.0   607.8991018634988
613.0   582.273409841067
614.0   566.3149932316794
615.0   577.3319750046975
616.0   590.0390883958511
617.0   603.8724993762814
618.0   590.9410872033104
619.0   604.3179388852311
620.0   609.5405582956406
621.0   644.0068405371599
622.0   644.5149429332816
623.0   673.5508746588696
624.0   689.3128453075403
625.0   707.2642952669187
626.0   741.3848251550411
627.0   759.0387277003668
628.0   785.2851615780819
629.0   812.593077770021
630.0   829.0922968590213
631.0   850.6455585762843
632.0   871.0325499634213
633.0   890.6971013301632
634.0   909.2714608564842
635.0   931.9375715628621
636.0   948.9693044901726
637.0   959.1651096542215
638.0   957.2601224902297
639.0   983.0784215191776
640.0   991.1640031434699
641.0   1000.1235262370226
642.0   999.2759341685274
643.0   986.1537525835091
644.0   985.4663309613502
645.0   986.1492341657353
646.0   994.1942966588579
647.0   973.8632770770746
648.0   965.020365156694
649.0   955.2174358041357
650.0   946.0395415101518
651.0   942.7272705189309
652.0   928.920904472699
653.0   921.4018965703088
654.0   913.246814692155
655.0   904.8056421024959
656.0   903.6488658736162
657.0   904.1308831748707
658.0   890.179895713844
659.0   894.2358970532632
660.0   893.3515153695555
661.0   885.1070567806919
662.0   892.0519060636805
663.0   891.4716817127444
664.0   903.5994104507392
665.0   931.4905910568091
666.0   907.0316243869447
667.0   911.0589168206968
668.0   902.8060841337988
669.0   918.4340150665405
670.0   952.627259786995
671.0   971.4739816981796
672.0   989.9941983870829
673.0   977.3980156424375
674.0   984.6376713466054
675.0   1020.3706990254168
676.0   1017.907738552632
677.0   1045.009645028113
678.0   1063.5816676621757
679.0   1085.8333031543095
680.0   1117.5793522763893
681.0   1141.5067999939022
682.0   1160.4766738342798
683.0   1184.3229667313985
684.0   1207.9128246683144
685.0   1236.2781285438164
686.0   1259.5820773855435
687.0   1285.1797415249216
688.0   1295.1148511804295
689.0   1327.8963387469587
690.0   1356.5442195162238
691.0   1369.3940856699244
692.0   1413.7427727692138
693.0   1445.3593697154215
694.0   1436.3302686228815
695.0   1468.4896655729372
696.0   1463.738073690244
697.0   1440.997889310347
698.0   1506.2995429041937
699.0   1512.6377876570523
700.0   1499.7672990074952
701.0   1466.6605141834536
702.0   1502.2452809493902
703.0   1482.056855189105
704.0   1493.0642339118558
705.0   1497.3429559972628
706.0   1483.5562110803678
707.0   1471.2175947181836
708.0   1459.718047133786
709.0   1451.2266367917
710.0   1426.3197182939646
711.0   1404.9046355127023
712.0   1388.3653231308053
713.0   1374.173620717799
714.0   1358.9407154620958
715.0   1346.5872777471816
716.0   1337.3605872630708
717.0   1345.2934747712143
718.0   1299.6083270377455
719.0   1314.7983688141967
720.0   1278.0677538289578
721.0   1272.15745026387
722.0   1283.2881706759254
723.0   1266.966628566557
724.0   1263.55921544584
725.0   1231.8650676304612
726.0   1227.9679615251705
727.0   1222.9153344272431
728.0   1205.811246529024
729.0   1225.3928633701696
730.0   1158.3321104829904
731.0   1175.7984446987848
732.0   1216.0555620303085
733.0   1209.7688866429783
734.0   1201.6713102301103
735.0   1185.8035997276668
736.0   1140.1764604464754
737.0   1145.087539239556
738.0   1168.1487011819108
739.0   1140.8329253289937
740.0   1188.7192452128256
741.0   1154.209336020379
742.0   1175.5491202917997
743.0   1139.4161673506946
744.0   1142.4625385254524
745.0   1119.404344857027
746.0   1120.0251218865885
747.0   1134.7546819508618
748.0   1126.845780458972
749.0   1129.7446440244435
750.0   1144.4204991409704
751.0   1143.576999966122
752.0   1164.3950675929086
753.0   1195.4316273131044
754.0   1233.0460203950554
755.0   1273.1638784072154
756.0   1321.9117827318619
757.0   1359.7872422123282
758.0   1426.1603893303727
759.0   1445.6998366610644
760.0   1497.4329572697316
761.0   1556.7619686828075
762.0   1611.9391360378845
763.0   1673.1963192989354
764.0   1696.9481276922522
765.0   1737.9525615360815
766.0   1776.1182303112762
767.0   1779.0882937621734
768.0   1852.90393003479
769.0   1821.6111884332356
770.0   1850.6993545166356
771.0   1855.1028497948225
772.0   1850.9880172684036
773.0   1804.9461144000984
774.0   1822.976596244636
775.0   1784.1457810400823
776.0   1778.3062805643283
777.0   1776.6692738182674
778.0   1767.8054621716315
779.0   1704.2018395591672
780.0   1690.6379541167726
781.0   1649.4996802244532
782.0   1618.4283926561832
783.0   1582.545367779806
784.0   1547.4056839380441
785.0   1505.1037758287841
786.0   1474.0059343397238
787.0   1428.5161480632069
788.0   1395.7887411846962
789.0   1365.2133172231913
790.0   1336.029271640396
791.0   1280.0288273581791
792.0   1260.249656607007
793.0   1221.4456323344864
794.0   1174.7777652604361
795.0   1146.6008552625447
796.0   1120.9152479889626
797.0   1120.572932089613
798.0   1055.6731052372756
799.0   1005.6616543328189
800.0   991.1767924311217
