600.0   698.1725867688973
601.0   685.7166636854183
602.0   666.6868569929487
603.0   684.8774122159812
604.0   656.4975763483437
605.0   657.704786548574
606.0   668.8739783058298
607.0   663.4168380863999
608.0   657.4419396279635
609.0   619.2868722876985
610.0   631.8627163619196
611.0   622.5886635541945
612.0   641.6330545644173
613.0   614.7201469909105
614.0   597.5233939454299
615.0   605.2005142419874
616.0   623.4185498186497
617.0   640.1084414814036
618.0   622.4256690360016
619.0   639.7031156123387
620.0   649.412300984219
621.0   683.1836355991542
622.0   677.7603044896455
623.0   712.5873621488809
624.0   730.4505348102937
625.0   746.7710084558505
626.0   782.2916819760449
627.0   809.7487665093726
628.0   831.9234547454448
629.0   862.1601941996303
630.0   876.5710425558541
631.0   906.1936375166293
632.0   924.4502940135613
633.0   942.8555565209278
634.0   960.7065677059164
635.0   985.8993024743281
636.0   1006.1046092185388
637.0   1016.0184208205338
638.0   1008.3911640260895
639.0   1045.7171749539466
640.0   1050.3560807381784
641.0   1054.885210681189
642.0   1055.620586543899
643.0   1046.2960590971825
644.0   1044.942105489631
645.0   1039.7350895680859
646.0   1046.9874011381924
647.0   1030.8319427723218
648.0   1023.0872426049602
649.0   1010.1937477222507
650.0   1001.8810620556167
651.0   997.2003897028869
652.0   987.3270686661426
653.0   976.9739974045141
654.0   973.8332690281342
655.0   956.8469036005712
656.0   956.1643566283406
657.0   957.7226668489096
658.0   938.8360150737801
659.0   949.8374386488988
660.0   946.895607946343
661.0   940.3514110546214
662.0   942.838048094836
663.0   943.8949550925831
664.0   963.262256659295
665.0   987.6538312770442
666.0   964.191218449846
667.0   967.2115436698477
668.0   959.8784879371965
669.0   973.9227629409543
670.0   1008.3986926200162
671.0   1033.5692787244254
672.0   1049.927015147714
673.0   1038.2895319074194
674.0   1043.3253273433631
675.0   1080.0103469760998
676.0   1074.9172863414522
677.0   1111.800586207432
678.0   1128.5830635483735
679.0   1157.2599604037357
680.0   1189.450873314481
681.0   1209.341681997733
682.0   1231.8282027175349
683.0   1262.0122422815618
684.0   1282.4047639595656
685.0   1318.031317834373
686.0   1339.287421197548
687.0   1359.352579646001
688.0   1373.853803919438
689.0   1413.4277262341388
690.0   1445.293274222788
691.0   1450.4332393548511
692.0   1501.1824934279248
693.0   1532.2589008902453
694.0   1524.7191760845424
695.0   1557.7826939437116
696.0   1551.029307481377
697.0   1530.0399509774047
698.0   1599.5172875763353
699.0   1609.8634587458569
700.0   1593.746989276926
701.0   1560.7362855104093
702.0   1590.8627004127973
703.0   1572.288259243317
704.0   1584.26624003531
705.0   1590.1772130450795
706.0   1574.3752866666202
707.0   1561.748678625605
708.0   1545.6034343241217
709.0   1540.326104852893
710.0   1515.5125938896067
711.0   1489.7270003707074
712.0   1476.0320587158421
713.0   1457.0384498613846
714.0   1446.2617935620312
715.0   1423.0856102977777
716.0   1417.621762940008
717.0   1425.5549295917988
718.0   1382.1355250349875
719.0   1394.2141844180783
720.0   1358.7898500861866
721.0   1353.33174346394
722.0   1363.6391764828725
723.0   1344.2673620783157
724.0   1347.5468901060442
725.0   1304.5970676382046
726.0   1304.1434186877264
727.0   1304.1465769524793
728.0   1284.5931214292054
729.0   1301.9265433901744
730.0   1232.9906952824297
731.0   1251.9029434405857
732.0   1287.8526682357415
733.0   1285.0633504255395
734.0   1274.261261188799
735.0   1261.0896845418058
736.0   1209.4959689376478
737.0   1214.1824166461336
738.0   1241.3829451920815
739.0   1209.0810803843253
740.0   1264.7222399739346
741.0   1227.804201864108
742.0   1247.6245294700484
743.0   1213.9756184604205
744.0   1215.8206628846553
745.0   1193.9400778858687
746.0   1190.8819771561132
747.0   1203.7803411091352
748.0   1197.6179976201968
749.0   1197.70476006592
750.0   1213.1071773717429
751.0   1214.845114028496
752.0   1238.9701432021805
753.0   1267.8809703449224
754.0   1304.7796839033476
755.0   1356.6448113018973
756.0   1399.7481570081077
757.0   1442.6254142638388
758.0   1514.6209545043798
759.0   1535.0709873365329
760.0   1585.8500643992
761.0   1653.450992068625
762.0   1709.3997328219589
763.0   1773.634982720737
764.0   1801.2456203369763
765.0   1840.8974594081033
766.0   1885.9117030061514
767.0   1884.4642701651908
768.0   1966.7982935766045
769.0   1932.4971609746838
770.0   1966.518698231223
771.0   1958.725188762776
772.0   1963.5458508819618
773.0   1912.9866234512242
774.0   1934.461725709659
775.0   1890.8509024137622
776.0   1885.2978264390256
777.0   1884.6607501935068
778.0   1874.6708901299198
779.0   1807.310123738695
780.0   1798.8386210226377
781.0   1750.6249231326042
782.0   1715.6979497750096
783.0   1674.4935527829343
784.0   1638.2129027032918
785.0   1594.0583586059172
786.0   1563.07503227917
787.0   1518.943461844198
788.0   1479.895156718271
789.0   1452.4960332489175
790.0   1417.753436663479
791.0   1362.4533325281109
792.0   1336.9953024568838
793.0   1296.2070615276732
794.0   1252.9776193764749
795.0   1216.568630422193
796.0   1187.007272436937
797.0   1193.8417533752008
798.0   1119.0013897414651
799.0   1067.3918961097588
800.0   1047.0758544499854
