600.0   736.4475873080258
601.0   726.7040636575892
602.0   706.2416018700123
603.0   728.577704083651
604.0   699.7175359628181
605.0   695.7534691573687
606.0   712.5614182086438
607.0   704.2634555179332
608.0   696.8573753023
609.0   658.8619080842844
610.0   670.2009809139333
611.0   662.0300379627765
612.0   681.5954527433071
613.0   651.9282424190587
614.0   636.1941607058361
615.0   641.9087840273658
616.0   662.8640399921163
617.0   680.7784894669142
618.0   663.6797941316374
619.0   682.9619856554189
620.0   688.606554560648
621.0   726.8884582587189
622.0   719.3574464033902
623.0   757.2869761488687
624.0   777.8383871582226
625.0   795.4631822737125
626.0   832.3472637888746
627.0   858.7437801697974
628.0   882.7918909382529
629.0   914.7527621948977
630.0   934.5164781484157
631.0   958.781947928993
632.0   985.6785316769098
633.0   1001.6150938738535
634.0   1025.198177655228
635.0   1048.5660242561744
636.0   1068.1540363287036
637.0   1084.4150348420276
638.0   1076.027933649482
639.0   1110.414395334172
640.0   1115.9372232888975
641.0   1124.0847376424517
642.0   1123.5865225068421
643.0   1116.7596769356314
644.0   1110.6178149896637
645.0   1110.6506347569534
646.0   1116.4588203938035
647.0   1102.8875580520469
648.0   1090.1730604930567
649.0   1077.741960285265
650.0   1068.5594538709468
651.0   1059.7160918701206
652.0   1051.0758183363398
653.0   1040.2272600035058
654.0   1034.781752418312
655.0   1020.9012850917542
656.0   1017.2407470997434
657.0   1020.0966249342401
658.0   1001.8470058577616
659.0   1008.7566691988029
660.0   1009.8304332431862
661.0   1002.66864151201
662.0   1007.5401287573359
663.0   1007.9277565146215
664.0   1022.0567509723883
665.0   1049.7473419420712
666.0   1027.4917262034405
667.0   1031.064670890113
668.0   1020.7582634930377
669.0   1034.8057536766864
670.0   1081.2487144192519
671.0   1097.3116903034206
672.0   1117.2408852312471
673.0   1107.2758396600545
674.0   1110.8644907268483
675.0   1154.8867635570446
676.0   1146.997892008402
677.0   1182.1633171729372
678.0   1200.4977969722186
679.0   1229.4382513834314
680.0   1259.5917868318318
681.0   1282.5881192541055
682.0   1319.2576988004196
683.0   1341.7440719272188
684.0   1364.2722223079963
685.0   1400.8512172897074
686.0   1424.4886982295193
687.0   1445.1152477514804
688.0   1462.8141260009631
689.0   1507.3504211368897
690.0   1532.6932965999015
691.0   1545.2194332035388
692.0   1600.5641777259593
693.0   1632.3447127776024
694.0   1622.2312909778589
695.0   1655.3752024132143
696.0   1649.0596440112047
697.0   1629.0011650444915
698.0   1701.9294776735214
699.0   1708.0515695991548
700.0   1693.7557549879664
701.0   1658.6849264794894
702.0   1691.8681453282964
703.0   1668.549801097575
704.0   1681.809030491203
705.0   1689.5216556443117
706.0   1671.7208610937475
707.0   1667.3868082659958
708.0   1645.0181993255449
709.0   1644.0844415322008
710.0   1610.0333644463644
711.0   1586.0816070514907
712.0   1563.2726211774318
713.0   1552.8973578767593
714.0   1536.4723904638906
715.0   1517.6600146752676
716.0   1511.236467134306
717.0   1521.6311572131988
718.0   1465.986479133969
719.0   1487.7937992799334
720.0   1449.3014298183198
721.0   1443.4858460336477
722.0   1449.7727368394708
723.0   1432.0705037357648
724.0   1432.1894164872044
725.0   1393.1267378349937
726.0   1388.3817118153004
727.0   1391.9707507960673
728.0   1367.7829374347284
729.0   1386.3569882848751
730.0   1312.602920074138
731.0   1337.9888619153048
732.0   1376.16077452375
733.0   1368.128681845372
734.0   1358.2236523521208
735.0   1347.063256519572
736.0   1291.31674747015
737.0   1294.6514287550808
738.0   1317.8486498813081
739.0   1291.7052871804065
740.0   1349.9088748565773
741.0   1308.0053825555449
742.0   1330.2762631261464
743.0   1294.1665552759537
744.0   1296.828255099904
745.0   1272.4266333111532
746.0   1269.418992583836
747.0   1281.1713719323639
748.0   1275.318662723177
749.0   1277.2233485438755
750.0   1291.621728099025
751.0   1296.8531464110742
752.0   1317.8021642078354
753.0   1353.0629948178357
754.0   1389.5434691954197
755.0   1439.2999897627885
756.0   1497.4331496671396
757.0   1533.55114388957
758.0   1610.4864751346854
759.0   1626.3781316417865
760.0   1686.4210223560506
761.0   1756.3533762619923
762.0   1814.813356622408
763.0   1883.464569469357
764.0   1916.3506017813302
765.0   1962.8317210014484
766.0   1998.8516724809194
767.0   2004.3803997123293
768.0   2087.8377437676836
769.0   2051.3532435581114
770.0   2092.567650927838
771.0   2085.702398288255
772.0   2082.9217392850187
773.0   2030.2836146279524
774.0   2053.482020363752
775.0   2008.432146791489
776.0   2001.887095571851
777.0   2005.243676601688
778.0   1988.6668334928813
779.0   1924.5174070775333
780.0   1907.855055095743
781.0   1868.196638250493
782.0   1829.3589671767982
783.0   1776.8124219906372
784.0   1740.433308297381
785.0   1698.691892468321
786.0   1659.0795692986821
787.0   1613.0892982292023
788.0   1579.0090546797587
789.0   1544.5183655792614
790.0   1505.3543339304167
791.0   1450.7433840412868
792.0   1428.1226635474256
793.0   1378.2652842270645
794.0   1327.5419894977845
795.0   1296.5597056389274
796.0   1262.164632214614
797.0   1271.4907890976651
798.0   1194.1299974763115
799.0   1138.7257508411733
800.0   1116.7963301657078
