600.0   781.721205817191
601.0   773.4405896769582
602.0   744.5914882205763
603.0   773.3605968360707
604.0   738.1948493335194
605.0   737.8218400015808
606.0   753.8678961769367
607.0   742.5912905312193
608.0   737.3299729960341
609.0   697.8883221481664
610.0   710.6999100532221
611.0   696.5713811815804
612.0   721.2183681623446
613.0   690.3839631960016
614.0   671.3270954896741
615.0   682.5431533263244
616.0   702.0786510545803
617.0   720.3413428978158
618.0   701.373634369937
619.0   724.6980491249456
620.0   726.7898219369962
621.0   769.9636735328719
622.0   765.2054213469557
623.0   805.6559070083763
624.0   824.1405047950561
625.0   842.0977216487528
626.0   883.792940096415
627.0   908.7406198193078
628.0   933.7365746718397
629.0   968.8400726214409
630.0   988.8217918004868
631.0   1020.5121902916009
632.0   1041.4925721863867
633.0   1063.1427795851976
634.0   1085.5362467410337
635.0   1109.8523913763247
636.0   1130.3183406443047
637.0   1143.550787934433
638.0   1139.1890166331402
639.0   1173.8941083275574
640.0   1179.92566553549
641.0   1192.4480790634088
642.0   1194.3570225912745
643.0   1182.3315583280053
644.0   1177.9052969431675
645.0   1178.1278159482456
646.0   1182.37716315821
647.0   1165.4708096384534
648.0   1149.5794084040724
649.0   1143.56569972037
650.0   1133.472961261469
651.0   1123.5574549739322
652.0   1114.2906675415247
653.0   1101.381195581207
654.0   1095.5319510703616
655.0   1079.7729257920807
656.0   1081.355155857689
657.0   1081.5041431760965
658.0   1061.2866036545497
659.0   1070.453526981758
660.0   1065.3518953189405
661.0   1058.0749683730903
662.0   1064.5808493576535
663.0   1065.1018148376324
664.0   1081.829557993953
665.0   1119.3502108300936
666.0   1087.7286108721182
667.0   1088.2590147534997
668.0   1079.0408982732044
669.0   1101.4033611581417
670.0   1144.5836961114817
671.0   1166.5582296945881
672.0   1184.5003075286932
673.0   1170.33145529438
674.0   1181.156984646453
675.0   1223.2945824377148
676.0   1218.5137244477885
677.0   1252.0284844992866
678.0   1270.801196824401
679.0   1303.818862596158
680.0   1339.6518198401523
681.0   1364.8618248143084
682.0   1390.3449351948855
683.0   1419.0016545104038
684.0   1446.2222821864375
685.0   1481.1935897791877
686.0   1505.4949868373108
687.0   1534.2275082354618
688.0   1548.7358932060044
689.0   1591.4060806615369
690.0   1629.5889217925367
691.0   1636.1131306706231
692.0   1696.1302706549172
693.0   1726.709689070861
694.0   1719.9300085391164
695.0   1759.4911081911046
696.0   1745.0787540803426
697.0   1725.0737179786793
698.0   1805.4790585732835
699.0   1806.5063873547858
700.0   1792.2653848535333
701.0   1756.6579206417518
702.0   1794.8940957908999
703.0   1775.2197193701927
704.0   1780.3064157335664
705.0   1793.5122639450838
706.0   1771.4895348860684
707.0   1762.9310241164326
708.0   1748.1264126169413
709.0   1733.4117400732098
710.0   1707.409239311678
711.0   1684.4849602047318
712.0   1665.2271598219959
713.0   1644.521962468508
714.0   1635.316080854144
715.0   1609.3513389878185
716.0   1596.142998031022
717.0   1604.963118671673
718.0   1558.2899853400897
719.0   1576.5537575000426
720.0   1529.5889085632505
721.0   1526.2939054725755
722.0   1533.6224499980335
723.0   1516.833915903759
724.0   1521.815840310119
725.0   1480.662626546291
726.0   1471.751550691636
727.0   1470.5577701993839
728.0   1446.3736229790304
729.0   1472.0975353845386
730.0   1397.7943079755842
731.0   1416.0530839401274
732.0   1458.5177615375032
733.0   1447.678316156838
734.0   1444.5941036359447
735.0   1429.3223018140995
736.0   1368.9059275611733
737.0   1374.5145004847366
738.0   1397.7412915935993
739.0   1364.8701308744096
740.0   1428.933425621456
741.0   1390.2490610472432
742.0   1414.8673118921313
743.0   1368.929384525945
744.0   1375.5551644371194
745.0   1346.5157763191355
746.0   1346.7743754942235
747.0   1361.1850292571287
748.0   1353.2328674592825
749.0   1349.406701117985
750.0   1369.6451785313789
751.0   1372.3051215372307
752.0   1392.177409851148
753.0   1428.6973901717136
754.0   1469.626512066683
755.0   1527.951943264878
756.0   1581.7562333438182
757.0   1627.0140561939534
758.0   1706.0449512516052
759.0   1728.5103916378423
760.0   1789.6034453148372
761.0   1859.1944091209102
762.0   1920.705682340697
763.0   1995.0804595103311
764.0   2029.6792076478364
765.0   2073.3842743090245
766.0   2121.7689076922106
767.0   2125.0219988278736
768.0   2209.284950246881
769.0   2172.570838454844
770.0   2209.551558222523
771.0   2203.3600420166317
772.0   2206.5503225700486
773.0   2151.2033383983203
774.0   2174.0056661782173
775.0   2125.449913484351
776.0   2115.448950641118
777.0   2117.128148506949
778.0   2101.6646397588606
779.0   2035.0453586297926
780.0   2017.9751057052767
781.0   1970.65410980236
782.0   1936.9876764499286
783.0   1890.723997814017
784.0   1837.8044616234113
785.0   1799.4043427799215
786.0   1756.6741356978614
787.0   1710.1334655300038
788.0   1660.3557508659094
789.0   1633.6606441976135
790.0   1597.7246378584928
791.0   1530.1756707911695
792.0   1507.5325598724364
793.0   1460.2953634752926
794.0   1409.5386202097693
795.0   1375.712603733059
796.0   1340.3044959463077
797.0   1347.440298540331
798.0   1263.8463629261896
799.0   1205.7183953234253
800.0   1181.0815164045675
