600.0   825.4746327497111
601.0   814.3503475440696
602.0   786.1346844658144
603.0   816.9630569308674
604.0   780.3078074126054
605.0   776.2754755143915
606.0   796.0306991646196
607.0   786.4101000892268
608.0   777.2842697340328
609.0   738.2144476961435
610.0   750.0821509177485
611.0   736.3104126225519
612.0   761.0060420846821
613.0   731.4310199071172
614.0   706.4197981675513
615.0   720.956997910679
616.0   738.3042184141224
617.0   757.6778969863662
618.0   738.8406640667733
619.0   761.8962535965763
620.0   768.8249740321803
621.0   808.6357423165048
622.0   810.0342452482644
623.0   846.1663076858074
624.0   870.0706696996709
625.0   891.5544925582154
626.0   928.6606951564264
627.0   957.8727032759596
628.0   992.7321361106021
629.0   1022.5555485804446
630.0   1046.497264745437
631.0   1071.7710708886618
632.0   1097.0110374693518
633.0   1125.1465876633108
634.0   1145.8618397093696
635.0   1171.333261816774
636.0   1197.4402063325915
637.0   1211.2934808822827
638.0   1204.9331463791698
639.0   1244.877974973168
640.0   1247.1725072564002
641.0   1255.5227330328123
642.0   1256.0396939489297
643.0   1247.0020711108803
644.0   1245.186247555473
645.0   1237.0842178918178
646.0   1243.7242030422374
647.0   1227.5491303122114
648.0   1217.9470735984548
649.0   1208.1089498810381
650.0   1193.6967145774954
651.0   1191.1513853294205
652.0   1177.5047144392079
653.0   1159.0649053160155
654.0   1152.1645982487457
655.0   1138.24415484135
656.0   1142.0047699368827
657.0   1141.5935495865924
658.0   1118.2587655046398
659.0   1127.1825659949595
660.0   1128.5610910013222
661.0   1117.6139842069415
662.0   1121.4715860224444
663.0   1126.5344976383208
664.0   1143.8962444357287
665.0   1177.5362264529274
666.0   1151.583139318768
667.0   1152.6575513323357
668.0   1145.1763597754723
669.0   1167.7113048818026
670.0   1209.7085689884639
671.0   1230.9609974672678
672.0   1252.4588348732455
673.0   1239.7954451648409
674.0   1245.176804214811
675.0   1288.276192363253
676.0   1289.3130765693402
677.0   1324.6079148343479
678.0   1348.686259847193
679.0   1378.2836894838736
680.0   1412.290104081898
681.0   1440.751989856678
682.0   1469.6768495590452
683.0   1502.06626275341
684.0   1532.5215956885736
685.0   1574.3530144453769
686.0   1589.129911495305
687.0   1623.4318374713419
688.0   1636.0079639282383
689.0   1684.4534248776265
690.0   1717.5909868423207
691.0   1732.9986840293222
692.0   1792.1413079241565
693.0   1827.4188956725568
694.0   1818.1075890199988
695.0   1847.551551748941
696.0   1843.6215336968685
697.0   1817.8050325296408
698.0   1902.6076266545683
699.0   1916.8032559703106
700.0   1891.3444777512102
701.0   1855.731163513132
702.0   1897.414250958522
703.0   1869.827034752668
704.0   1879.7572346358722
705.0   1890.5955018642192
706.0   1874.7022693768192
707.0   1861.6847086943815
708.0   1841.8146506766082
709.0   1832.6726818419538
710.0   1803.661494521567
711.0   1777.477449013157
712.0   1758.2494540892712
713.0   1739.7098090290758
714.0   1720.9924598110358
715.0   1697.5050669807722
716.0   1689.5378461000766
717.0   1703.7112545479235
718.0   1642.5689952224554
719.0   1659.8219856795868
720.0   1619.2973897544775
721.0   1612.035483391648
722.0   1619.2632610337157
723.0   1606.1808470115027
724.0   1610.036802984687
725.0   1560.4695423186317
726.0   1551.4270141970949
727.0   1557.3638475810544
728.0   1531.0048783989848
729.0   1554.915293680712
730.0   1472.5540183834166
731.0   1496.8525271954616
732.0   1540.1826255856554
733.0   1531.0423511138088
734.0   1521.627570326538
735.0   1502.2191003806834
736.0   1444.8098496754747
737.0   1452.8448345118447
738.0   1480.8580136955052
739.0   1444.7165967892272
740.0   1512.352512930772
741.0   1467.6415113442497
742.0   1493.730970371614
743.0   1448.708962450213
744.0   1454.9158034445898
745.0   1422.6127701709838
746.0   1420.1565884880288
747.0   1438.851803200495
748.0   1427.6229112332746
749.0   1429.5157154180079
750.0   1449.7466782906226
751.0   1450.8655597187517
752.0   1473.1638315216017
753.0   1509.9368941249204
754.0   1556.2584613949873
755.0   1607.2712660491566
756.0   1666.0406879463758
757.0   1717.2916878022752
758.0   1800.0752356505482
759.0   1825.6426370591837
760.0   1891.605087820897
761.0   1963.0326026403532
762.0   2022.1809104136428
763.0   2101.6811244796722
764.0   2141.4330834082434
765.0   2194.6823822224133
766.0   2235.8811932901835
767.0   2237.433677072337
768.0   2329.2469562026777
769.0   2294.5277007954737
770.0   2333.8528936427797
771.0   2327.0629949955996
772.0   2322.396141296328
773.0   2268.008833993653
774.0   2291.883433702451
775.0   2243.1319626713193
776.0   2236.9005811570073
777.0   2235.1181596455444
778.0   2219.553616767804
779.0   2138.910673828181
780.0   2132.76667838284
781.0   2076.65933003398
782.0   2040.600961120635
783.0   1986.0589888097475
784.0   1941.495813740679
785.0   1897.4322194110478
786.0   1853.3120850488021
787.0   1807.7473023465952
788.0   1758.6604586909457
789.0   1725.9679012054453
790.0   1683.2842411127042
791.0   1617.697190157606
792.0   1595.5020595703022
793.0   1540.1276987871295
794.0   1483.5453050806912
795.0   1443.1934962181242
796.0   1416.4081505736144
797.0   1427.9309593727633
798.0   1333.3887104139144
799.0   1272.053845325425
800.0   1250.739128900187
