600.0   877.4298102659781
601.0   871.1978196911973
602.0   838.5052012065673
603.0   866.3982447192107
604.0   831.7721624079104
605.0   826.5899065848891
606.0   843.1456897205305
607.0   833.3173030450922
608.0   831.4196155159076
609.0   780.8655656589686
610.0   797.8088584080093
611.0   784.9711030142321
612.0   807.997619729208
613.0   774.8362757833561
614.0   756.0159261658512
615.0   768.8146687361391
616.0   788.370400243217
617.0   806.4875774057869
618.0   789.8124751376074
619.0   813.880889154344
620.0   818.208973938809
621.0   861.9216365024724
622.0   862.326410692398
623.0   903.736485349561
624.0   927.0090044644836
625.0   948.9705195575799
626.0   988.5393928974037
627.0   1022.1741231513911
628.0   1058.1588600076036
629.0   1089.5457844509924
630.0   1111.4413300505869
631.0   1142.252286503597
632.0   1169.844357637787
633.0   1192.8719109480305
634.0   1217.0164176784212
635.0   1247.682662739399
636.0   1272.6602135752614
637.0   1288.1302796596017
638.0   1284.570499891556
639.0   1327.1450062351978
640.0   1332.396835828565
641.0   1336.5360543305765
642.0   1336.7923541442726
643.0   1326.5444075862088
644.0   1318.9484040649395
645.0   1320.547871255547
646.0   1329.773226995461
647.0   1308.5345506319836
648.0   1292.7898527802686
649.0   1285.0407572962404
650.0   1274.4755994224895
651.0   1264.6387474492549
652.0   1254.877515416505
653.0   1235.878974127941
654.0   1232.855335381891
655.0   1210.0812484568949
656.0   1219.0242642160067
657.0   1213.5345992396192
658.0   1196.8915255483566
659.0   1204.915038625248
660.0   1199.7064279525534
661.0   1188.3225596401326
662.0   1196.6321706946658
663.0   1196.3616066028517
664.0   1217.1517362613029
665.0   1254.163686857675
666.0   1220.9170017235572
667.0   1227.8854355517574
668.0   1222.0075180897352
669.0   1237.481570589449
670.0   1290.645665600173
671.0   1315.1608401437454
672.0   1328.311601619216
673.0   1318.151617825799
674.0   1328.0889235480663
675.0   1374.4918227581113
676.0   1371.636389094166
677.0   1408.0996297574784
678.0   1428.0139209307067
679.0   1458.855049060782
680.0   1505.1399667059893
681.0   1532.7205209017575
682.0   1563.738646260109
683.0   1594.2324747703706
684.0   1629.5718213834093
685.0   1663.179283682308
686.0   1695.2175297073343
687.0   1725.9517676904527
688.0   1738.1314678536444
689.0   1788.2682615331057
690.0   1822.9824249803364
691.0   1839.7894572281612
692.0   1899.8327798949986
693.0   1937.686700865377
694.0   1929.4484951624847
695.0   1967.7339452143733
696.0   1958.6586828047207
697.0   1932.4948577811183
698.0   2019.1314405510466
699.0   2027.3121616942499
700.0   2009.0031841017142
701.0   1967.8096377181569
702.0   2015.1822783931282
703.0   1986.3716043084362
704.0   1996.9959420934713
705.0   2004.5084392530482
706.0   1987.4194463716187
707.0   1980.7723361786682
708.0   1958.0463321057482
709.0   1945.3613024990802
710.0   1912.6656928395546
711.0   1887.5398274621373
712.0   1864.9925321363507
713.0   1848.0315648030787
714.0   1831.4957731191164
715.0   1801.6517098077577
716.0   1803.7748045251603
717.0   1807.2822292317662
718.0   1749.1020859446578
719.0   1766.5015498088235
720.0   1718.458483008004
721.0   1713.5054622450546
722.0   1724.5364882676158
723.0   1705.3579639497568
724.0   1710.171826364634
725.0   1661.5471343298782
726.0   1656.4262054069031
727.0   1653.8571442618402
728.0   1630.4245422632266
729.0   1651.8667059454453
730.0   1566.3351448663107
731.0   1590.5381964069238
732.0   1635.5892418856859
733.0   1629.9393100550901
734.0   1618.1219018955505
735.0   1599.8649027651131
736.0   1534.6338589078334
737.0   1544.4134297018336
738.0   1569.5407814832383
739.0   1536.4502254489373
740.0   1600.9079475994313
741.0   1557.4683554852202
742.0   1582.3846163755213
743.0   1541.0908777956645
744.0   1539.2607836847885
745.0   1510.0908214272904
746.0   1511.0786152521052
747.0   1529.596027851003
748.0   1514.1753548801591
749.0   1523.9360853656276
750.0   1536.5343536290354
751.0   1536.5836651689083
752.0   1560.5595660148178
753.0   1603.0256445828422
754.0   1649.9339350540079
755.0   1706.6552313720608
756.0   1770.3893120756409
757.0   1821.6568759636134
758.0   1912.1771166243816
759.0   1935.669451094284
760.0   2009.0113193258117
761.0   2080.229105688123
762.0   2144.1685366874426
763.0   2227.5085692933767
764.0   2265.1363326688224
765.0   2319.817985057607
766.0   2364.871973177229
767.0   2364.3697327974373
768.0   2466.843393525546
769.0   2423.290575212559
770.0   2471.433465445128
771.0   2462.6987044882053
772.0   2464.324310523022
773.0   2403.0445727533693
774.0   2425.478493537652
775.0   2372.7557632274047
776.0   2365.141273867772
777.0   2366.848311340925
778.0   2350.012668633243
779.0   2269.0661749454866
780.0   2255.303331012319
781.0   2202.754448783468
782.0   2158.304947748882
783.0   2108.3241442937915
784.0   2056.7933479630437
785.0   2007.8318955888412
786.0   1969.7397851664873
787.0   1912.4199180119292
788.0   1860.077314240287
789.0   1830.6552651335508
790.0   1785.3669311087624
791.0   1711.6248582171236
792.0   1691.3197540847357
793.0   1629.224408397488
794.0   1574.2403076831918
795.0   1539.1359194484032
796.0   1502.411586016226
797.0   1512.2708623289982
798.0   1414.8238391732727
799.0   1343.8970713083218
800.0   1324.6784759346501
