600.0   908.5057521607633
601.0   898.6454091300463
602.0   872.6630357663817
603.0   905.9235530755441
604.0   863.4914884012214
605.0   861.976321710918
606.0   877.2843088627412
607.0   870.1966735396709
608.0   859.8639386243331
609.0   816.9447460689322
610.0   826.4113634288708
611.0   812.2881628090561
612.0   843.1047517758416
613.0   806.4647278565585
614.0   781.6197889002904
615.0   793.9930164432684
616.0   817.3958449716421
617.0   835.0538611221359
618.0   818.6592838625334
619.0   843.9309574372048
620.0   851.5189395665975
621.0   900.1439219178712
622.0   895.28681257328
623.0   935.5353867238916
624.0   958.3835834566213
625.0   989.2591697054919
626.0   1033.4869289954129
627.0   1065.374939318743
628.0   1095.0354795120682
629.0   1134.9402682762486
630.0   1156.828133746575
631.0   1188.9970459554556
632.0   1211.9428534479928
633.0   1242.8541498818854
634.0   1262.7869314853729
635.0   1297.5298704430415
636.0   1321.696593702727
637.0   1340.0134997832954
638.0   1332.56479916095
639.0   1376.9200584258351
640.0   1385.5240203089268
641.0   1393.5501652394912
642.0   1392.5159351403354
643.0   1379.8395754691153
644.0   1375.768504177572
645.0   1374.621500503727
646.0   1379.5289965408726
647.0   1362.9184485677865
648.0   1344.6165174403359
649.0   1331.4955944638373
650.0   1323.0034581354726
651.0   1315.6805230805908
652.0   1302.6775962679117
653.0   1285.067152843439
654.0   1282.9236294354855
655.0   1260.9964306532947
656.0   1266.3083718592632
657.0   1261.367382849996
658.0   1241.1095390622265
659.0   1251.919162590604
660.0   1250.5214456521683
661.0   1238.424165504711
662.0   1247.6110825093267
663.0   1245.6808251602945
664.0   1271.4298999339965
665.0   1303.88341031744
666.0   1275.8365094448857
667.0   1278.7804222662417
668.0   1267.2161188243742
669.0   1284.4548741074098
670.0   1336.0315048223583
671.0   1364.6195057473426
672.0   1382.3049303840273
673.0   1372.0391001259177
674.0   1377.1433962438837
675.0   1430.3270020456705
676.0   1424.377474441902
677.0   1466.6698943438519
678.0   1490.362551536528
679.0   1522.7313091248604
680.0   1568.6936005911502
681.0   1590.1508919508
682.0   1626.1904001348275
683.0   1658.6840721191502
684.0   1689.1654815966226
685.0   1739.5353773310358
686.0   1762.840592471918
687.0   1796.7360295377464
688.0   1811.7451743042795
689.0   1863.335019828401
690.0   1902.1092650497178
691.0   1914.8304190351469
692.0   1981.5946603938983
693.0   2021.5870705092618
694.0   2009.0488715873391
695.0   2048.441181506076
696.0   2040.0046743305998
697.0   2014.2891287834595
698.0   2099.307116645127
699.0   2114.477057909205
700.0   2093.2898459937805
701.0   2048.5216878408414
702.0   2092.8162488469807
703.0   2065.844747363025
704.0   2080.1468637302305
705.0   2089.677140715429
706.0   2072.575418804752
707.0   2054.2682583548603
708.0   2033.5151678858156
709.0   2023.3301426523146
710.0   1986.0545357408646
711.0   1959.6005411758026
712.0   1944.0622253006795
713.0   1928.8508839199085
714.0   1905.427492545609
715.0   1878.131795493969
716.0   1871.7851796607663
717.0   1882.5962696415222
718.0   1818.8306139755987
719.0   1838.9488825864169
720.0   1786.3385586653587
721.0   1778.5233334375612
722.0   1788.6420659527073
723.0   1770.6337966490323
724.0   1774.762380844964
725.0   1722.4040419456567
726.0   1719.2170236891002
727.0   1724.8135703194307
728.0   1699.4615353922304
729.0   1716.188951666713
730.0   1631.650786045372
731.0   1654.9225438378862
732.0   1705.6374848714897
733.0   1692.7269806496186
734.0   1676.1737138989154
735.0   1664.9050777451746
736.0   1595.0532056878178
737.0   1607.1815618758874
738.0   1638.6981050383454
739.0   1603.1116011024458
740.0   1668.0025995258236
741.0   1618.4511422239948
742.0   1651.4263176009877
743.0   1603.0733551700466
744.0   1605.7075557991782
745.0   1573.5385860274148
746.0   1573.2017729876127
747.0   1591.781351599885
748.0   1578.599569203103
749.0   1579.0572515416216
750.0   1595.493369702166
751.0   1606.0883076847726
752.0   1629.664991541893
753.0   1666.8936841147033
754.0   1715.4991692632948
755.0   1776.3744851516597
756.0   1839.6557469190036
757.0   1893.233097707553
758.0   1984.5428083043366
759.0   2008.7538327796108
760.0   2078.7176125077526
761.0   2156.4418764999623
762.0   2225.714164541879
763.0   2311.5717565143705
764.0   2356.1534069708996
765.0   2406.558976641317
766.0   2456.562557549412
767.0   2467.1234407665174
768.0   2565.034318339852
769.0   2517.693791378193
770.0   2567.750952619804
771.0   2555.8021259228017
772.0   2560.1909349660546
773.0   2496.2674961409175
774.0   2524.3111541745066
775.0   2462.4995658540356
776.0   2457.8958347321204
777.0   2458.954276655474
778.0   2442.939497067909
779.0   2363.4132574885525
780.0   2346.555332158191
781.0   2289.115869441758
782.0   2245.4485090508565
783.0   2194.148892530488
784.0   2143.7371661557136
785.0   2087.8777469368256
786.0   2042.2539482060965
787.0   1980.4549980612494
788.0   1936.1284410747473
789.0   1899.974056081098
790.0   1850.8426616787535
791.0   1785.127081870039
792.0   1756.4246834351068
793.0   1700.439905757181
794.0   1639.8293261699932
795.0   1597.1646731991384
796.0   1560.5295500695038
797.0   1568.8410268288853
798.0   1471.963390227154
799.0   1403.7543897934784
800.0   1382.2287612662149
