600.0   946.6439026000293
601.0   934.182482620259
602.0   906.0844387038799
603.0   937.0042036671607
604.0   898.5433059027882
605.0   893.4453360058503
606.0   912.7254911929886
607.0   903.6708851353831
608.0   893.0399211691538
609.0   846.1129296817431
610.0   861.8204839249433
611.0   850.5105647034786
612.0   876.1695037471418
613.0   838.6950970223477
614.0   815.4866802769
615.0   827.1048954737779
616.0   849.8536662404664
617.0   872.3258985428947
618.0   853.584032254673
619.0   880.7838460262001
620.0   882.714184230583
621.0   930.9552550338242
622.0   932.9239616616151
623.0   975.1628689250913
624.0   1001.2946117937585
625.0   1024.8240151723785
626.0   1074.723539396612
627.0   1108.0602481269275
628.0   1140.9665194527793
629.0   1180.223895610779
630.0   1203.4743442172132
631.0   1243.5678122998477
632.0   1269.4586405690652
633.0   1293.6203910273027
634.0   1322.3440856954692
635.0   1352.2733547813225
636.0   1382.5864096790424
637.0   1395.1819681893803
638.0   1387.7790066063403
639.0   1434.3632665384823
640.0   1440.0007584562816
641.0   1447.4494938464547
642.0   1446.0986304242053
643.0   1432.1566155497655
644.0   1428.912189410892
645.0   1425.5121836361448
646.0   1442.6510707913474
647.0   1415.6439115865749
648.0   1404.9205241325762
649.0   1387.3741651704859
650.0   1377.979594811395
651.0   1367.3382385404054
652.0   1356.66180705796
653.0   1340.4870629529728
654.0   1335.8295427174116
655.0   1313.2783284604845
656.0   1315.333820569964
657.0   1311.9018761239522
658.0   1292.888953351857
659.0   1305.1474507078897
660.0   1301.5140505244547
661.0   1294.0757502112842
662.0   1298.7839837759523
663.0   1295.4921318670827
664.0   1319.082701593929
665.0   1360.533088302645
666.0   1324.8227210066684
667.0   1333.161396430942
668.0   1319.7865214604203
669.0   1339.3831625187574
670.0   1394.88534227456
671.0   1422.179974971095
672.0   1442.2071146667574
673.0   1429.0535539794541
674.0   1437.9160737331292
675.0   1492.7766195182373
676.0   1487.5495321520903
677.0   1532.0685089407402
678.0   1555.623721156382
679.0   1586.3703615026907
680.0   1633.5931352755124
681.0   1659.668008566797
682.0   1691.1096419618764
683.0   1729.8598438092092
684.0   1764.3725519972731
685.0   1810.7017464585363
686.0   1839.0249928994383
687.0   1869.8163851379438
688.0   1885.7986341202466
689.0   1939.426796567811
690.0   1977.3536871028043
691.0   1993.2083623242352
692.0   2057.7700801003793
693.0   2098.1835137904177
694.0   2086.626959607363
695.0   2128.55194135584
696.0   2120.9222590102254
697.0   2097.654247635396
698.0   2188.7998256403234
699.0   2197.836075028894
700.0   2179.4813591557904
701.0   2138.183792110923
702.0   2179.7665908137687
703.0   2154.6563031226788
704.0   2165.033168458796
705.0   2174.5852432401844
706.0   2157.5963880603235
707.0   2138.033907639199
708.0   2120.2029769834026
709.0   2103.2812782606907
710.0   2070.6978496633824
711.0   2045.5618457260468
712.0   2018.5944500330897
713.0   2001.745654984274
714.0   1983.4168516588231
715.0   1955.225788682279
716.0   1945.860541782006
717.0   1951.079229058806
718.0   1895.2220805830805
719.0   1917.4416209157534
720.0   1866.1758675394608
721.0   1857.12817024832
722.0   1868.743413870652
723.0   1844.9518827452864
724.0   1849.3852118040288
725.0   1800.2264198219561
726.0   1793.5665314035352
727.0   1791.8484261861202
728.0   1768.5375383287624
729.0   1790.2798965659968
730.0   1698.031859857478
731.0   1722.1775054274692
732.0   1777.6262820003433
733.0   1768.7358634152495
734.0   1756.067839853889
735.0   1737.57470012466
736.0   1670.7591354935582
737.0   1675.6049734207118
738.0   1701.7841362967106
739.0   1667.1977601149822
740.0   1736.8361001284957
741.0   1687.1388238190523
742.0   1721.4712453940992
743.0   1673.7687916058546
744.0   1673.3451818240487
745.0   1634.120482497935
746.0   1641.8548485888289
747.0   1662.0490850262324
748.0   1648.2159273495984
749.0   1645.9577224301838
750.0   1660.8791432832738
751.0   1664.8645852730706
752.0   1687.474453267721
753.0   1737.4478450691372
754.0   1784.4969231411299
755.0   1850.206885438784
756.0   1911.836128656521
757.0   1970.1093331157213
758.0   2069.3774674943265
759.0   2095.297132713433
760.0   2162.677491222924
761.0   2252.477010431615
762.0   2318.933194451711
763.0   2410.1533815645475
764.0   2448.639619082971
765.0   2505.8213788276325
766.0   2561.5381096500973
767.0   2561.232654728536
768.0   2670.48534950922
769.0   2623.7734430172272
770.0   2668.5435000936122
771.0   2661.213834318176
772.0   2660.732577689927
773.0   2592.469675900611
774.0   2617.2286316907066
775.0   2557.5878911602067
776.0   2563.9424531208224
777.0   2560.178020159466
778.0   2543.075451586847
779.0   2457.824233645253
780.0   2437.331473589037
781.0   2381.6208112409313
782.0   2338.3942961316793
783.0   2282.52324285636
784.0   2228.5701296994075
785.0   2171.4772445768926
786.0   2126.1033071314673
787.0   2069.3366276522006
788.0   2019.1383119555123
789.0   1980.6461170147884
790.0   1932.5975489894006
791.0   1857.9326794253666
792.0   1831.1472953735874
793.0   1767.9055934200258
794.0   1707.8959563056678
795.0   1671.719447468927
796.0   1628.9416823037982
797.0   1638.6356464676728
798.0   1535.7402528936118
799.0   1459.8286931332073
800.0   1440.0964422171437
