600.0   969.4286393179783
601.0   958.125523250267
602.0   928.8090168584597
603.0   957.2979207880312
604.0   915.1438443754203
605.0   913.6418114542612
606.0   931.4681310215344
607.0   920.6561909801592
608.0   913.1706890461128
609.0   869.0161223022473
610.0   883.9381591348272
611.0   867.1424504456411
612.0   897.252177441092
613.0   857.7107840826911
614.0   834.9967456163813
615.0   847.8077179467385
616.0   871.8993556736071
617.0   894.3198213404787
618.0   874.1184036260786
619.0   897.5006143538367
620.0   905.0094352832309
621.0   956.4936613659072
622.0   952.1058349430104
623.0   997.206055538385
624.0   1028.3414867154183
625.0   1048.2148125880635
626.0   1102.4723000068238
627.0   1134.9436652737527
628.0   1167.254130944209
629.0   1205.8414170102812
630.0   1231.5098180642149
631.0   1270.055856235214
632.0   1296.5525785906293
633.0   1323.2036051744221
634.0   1351.8313314514057
635.0   1379.335114598329
636.0   1410.119139742814
637.0   1429.019667995889
638.0   1417.3413781991467
639.0   1465.7404494827213
640.0   1472.7446823754108
641.0   1480.3477887190732
642.0   1482.758318052655
643.0   1468.3928650815421
644.0   1459.3189524856673
645.0   1464.5224166963549
646.0   1473.047275945114
647.0   1452.6286991709546
648.0   1430.8936013286084
649.0   1423.4744053759225
650.0   1404.5393371598518
651.0   1400.728165721112
652.0   1388.4500309065086
653.0   1371.0375383057117
654.0   1365.1935010545312
655.0   1345.7433676549424
656.0   1348.1498471391412
657.0   1346.2866408257428
658.0   1327.9551704001044
659.0   1333.910065234337
660.0   1331.8492107719578
661.0   1322.2249189856398
662.0   1332.401607010229
663.0   1331.9198744360938
664.0   1353.1679553046135
665.0   1388.5405809665153
666.0   1355.7805508743083
667.0   1362.7650969200242
668.0   1350.361141573489
669.0   1376.168720572163
670.0   1430.388058539301
671.0   1456.5120390285304
672.0   1477.6454976504551
673.0   1463.1963286427535
674.0   1469.4163596465842
675.0   1523.1686899491945
676.0   1525.587447355282
677.0   1569.2279201610936
678.0   1588.942220062344
679.0   1628.2890470302425
680.0   1673.1954839655125
681.0   1696.2441952748502
682.0   1734.1568160912504
683.0   1780.2503126858062
684.0   1801.9746444974858
685.0   1852.2588095538977
686.0   1878.0929421498238
687.0   1909.5286747638177
688.0   1932.1293845819066
689.0   1982.5318037215452
690.0   2026.5757540099714
691.0   2040.5218419645912
692.0   2108.533001923901
693.0   2152.964828658954
694.0   2140.0084393396687
695.0   2185.938985862975
696.0   2171.6346568669865
697.0   2150.402210382821
698.0   2243.4290611952997
699.0   2252.2588746290803
700.0   2227.302563575089
701.0   2187.175056610879
702.0   2235.1955696784294
703.0   2200.1826747004266
704.0   2216.719845502101
705.0   2221.6432976650967
706.0   2212.053293767764
707.0   2196.8031559381393
708.0   2169.408913022804
709.0   2159.0468924630873
710.0   2122.938354467494
711.0   2092.0906114354007
712.0   2070.87227317867
713.0   2052.530546924095
714.0   2032.7071807453724
715.0   2006.1429184485373
716.0   1991.954485809167
717.0   2008.5178591035128
718.0   1945.2539653818174
719.0   1965.0214302957393
720.0   1912.2023841943396
721.0   1904.5793352470466
722.0   1916.0481804172211
723.0   1895.2554114480567
724.0   1899.1605618892079
725.0   1843.8845194222854
726.0   1838.7505410198341
727.0   1842.6152757704094
728.0   1814.534779153315
729.0   1835.3663233519092
730.0   1740.7397573829592
731.0   1763.8780956857936
732.0   1819.7086831262604
733.0   1812.645875292682
734.0   1794.2654183897282
735.0   1779.7244248704385
736.0   1705.1263438534863
737.0   1715.6762397656298
738.0   1747.009533192388
739.0   1706.5264470662694
740.0   1779.7775410465347
741.0   1731.2753544942639
742.0   1760.3615618169636
743.0   1711.827674194427
744.0   1722.541125560312
745.0   1681.953214571988
746.0   1678.3212868115784
747.0   1697.5246637487778
748.0   1689.9095986325328
749.0   1686.396321553621
750.0   1706.506607722145
751.0   1704.7133771682352
752.0   1740.6590845026844
753.0   1782.0586083785242
754.0   1827.6825551371112
755.0   1895.6839217267905
756.0   1957.899819105995
757.0   2017.6116472171525
758.0   2113.934814397918
759.0   2141.6383677718313
760.0   2217.323295189831
761.0   2302.7204183901686
762.0   2371.732826610831
763.0   2465.199650031646
764.0   2510.2968932531385
765.0   2569.4813088636793
766.0   2623.474406205247
767.0   2621.8784258463133
768.0   2736.6977930867406
769.0   2680.576752609948
770.0   2732.4807733519538
771.0   2732.448052202744
772.0   2733.251621574451
773.0   2657.356451850801
774.0   2689.4509437341776
775.0   2626.1382379279007
776.0   2619.649457558042
777.0   2619.104902170198
778.0   2601.257560474912
779.0   2514.186821935906
780.0   2493.1348777906514
781.0   2444.616111425489
782.0   2391.6655341927885
783.0   2335.5584906188365
784.0   2279.7543083566998
785.0   2225.8318038211805
786.0   2176.8480906382233
787.0   2117.6308784727703
788.0   2072.034446350926
789.0   2027.4171810359978
790.0   1980.5310789377424
791.0   1904.9938066937539
792.0   1872.5486667515881
793.0   1810.125396461345
794.0   1750.142003184542
795.0   1705.2486104777524
796.0   1666.3795077817736
797.0   1675.5005292127826
798.0   1571.0187250895654
799.0   1505.902411496131
800.0   1478.7821240444127
