600.0   984.0026197760582
601.0   978.2078160382073
602.0   945.1595220857009
603.0   972.5287697750553
604.0   931.7458140387223
605.0   929.464512631987
606.0   953.5266194081685
607.0   938.8130312973228
608.0   931.3365631679615
609.0   881.4151026050071
610.0   896.692130703022
611.0   885.843317574562
612.0   910.0480133973335
613.0   874.9857908385327
614.0   848.2673073583594
615.0   862.7957523762446
616.0   883.5159797679613
617.0   910.5759525108763
618.0   890.9592616763355
619.0   915.015270537318
620.0   926.8907746454217
621.0   974.7127521352145
622.0   973.3522964619312
623.0   1020.7920692850832
624.0   1049.0301684126143
625.0   1072.4475611234366
626.0   1121.8025576709972
627.0   1157.978627330316
628.0   1193.800535820457
629.0   1229.6938024586534
630.0   1254.6203839046586
631.0   1293.7770108524935
632.0   1325.0681025608142
633.0   1349.2024730245244
634.0   1378.8315845935683
635.0   1410.6723062802373
636.0   1442.7693452379676
637.0   1455.1339562062196
638.0   1445.1546353794092
639.0   1498.4130292901355
640.0   1501.2979644818502
641.0   1510.2398363068924
642.0   1507.93612852282
643.0   1499.9092544123491
644.0   1492.3533115401272
645.0   1491.784348523293
646.0   1502.3234810544232
647.0   1480.541922378809
648.0   1465.7573901924875
649.0   1450.530274965515
650.0   1439.8723493078387
651.0   1429.8317089709194
652.0   1418.3446576878084
653.0   1400.1263247868965
654.0   1392.9672747214172
655.0   1376.0234442652147
656.0   1375.2779645793892
657.0   1374.2808053555423
658.0   1351.3351558198267
659.0   1361.8925941574098
660.0   1360.6520859668083
661.0   1351.3829098624906
662.0   1355.986936743484
663.0   1359.653634112197
664.0   1383.4661087061465
665.0   1423.2581688100754
666.0   1385.3122322533181
667.0   1391.5039573489505
668.0   1383.0832872799713
669.0   1402.8836346136006
670.0   1460.7818784862725
671.0   1488.33461230361
672.0   1510.4011936166185
673.0   1495.37820017214
674.0   1505.490187417141
675.0   1557.7087107033587
676.0   1553.6212361563291
677.0   1603.8876322300139
678.0   1626.0478807369154
679.0   1660.2536546354359
680.0   1707.8282731619806
681.0   1734.2521087480877
682.0   1772.083069821511
683.0   1810.3560178533323
684.0   1843.3741145686754
685.0   1893.6617045377845
686.0   1923.4552911846183
687.0   1953.605537528352
688.0   1967.876580345159
689.0   2033.5852703334554
690.0   2067.1200386176747
691.0   2088.812896674878
692.0   2153.5842539385903
693.0   2202.7009600014594
694.0   2186.6068978394896
695.0   2229.748139077762
696.0   2220.154709495523
697.0   2194.088011528015
698.0   2288.887245072587
699.0   2306.344262059478
700.0   2282.854359128493
701.0   2229.2898258882565
702.0   2279.96055132216
703.0   2258.929499332321
704.0   2267.9715366361356
705.0   2269.510854104387
706.0   2257.8483776648227
707.0   2243.3217835592627
708.0   2221.344386640683
709.0   2206.1929976894676
710.0   2171.09334748751
711.0   2138.5484186829235
712.0   2118.389371007589
713.0   2091.6343288750045
714.0   2072.9917931394857
715.0   2043.5125467278963
716.0   2038.1348893482325
717.0   2052.1932641472276
718.0   1987.6461706206903
719.0   2011.1618275753963
720.0   1957.764831851317
721.0   1946.4047699320665
722.0   1954.820945804405
723.0   1929.299514858089
724.0   1939.553015799561
725.0   1887.005826825174
726.0   1879.9819232674304
727.0   1881.3038952978163
728.0   1853.4158751621592
729.0   1877.0850327022279
730.0   1779.9700063176806
731.0   1807.7296239803156
732.0   1865.3564423656385
733.0   1849.5386469950918
734.0   1837.1994724965896
735.0   1818.7755572306658
736.0   1743.302098735581
737.0   1756.4622518416356
738.0   1785.3534189919249
739.0   1745.8082286060942
740.0   1825.6245103662013
741.0   1771.6934645292658
742.0   1802.2433778084153
743.0   1756.9991758006142
744.0   1755.774476487851
745.0   1724.9210140529403
746.0   1720.873383768776
747.0   1735.4870746854888
748.0   1726.9717687630675
749.0   1721.2809552691572
750.0   1748.2799777062623
751.0   1755.0276077878466
752.0   1774.0480829215405
753.0   1818.78884022443
754.0   1874.8141947628264
755.0   1935.6443049898883
756.0   2006.8525995046834
757.0   2067.6456077974904
758.0   2156.242143763063
759.0   2190.2325109520234
760.0   2267.2841778641337
761.0   2355.6915722808617
762.0   2431.054323333588
763.0   2523.087883812103
764.0   2563.0293824648343
765.0   2624.065871011313
766.0   2680.0336160486013
767.0   2685.615380196124
768.0   2793.1811472002987
769.0   2743.648099777722
770.0   2798.9442107036825
771.0   2789.622915561186
772.0   2792.3378151645848
773.0   2716.9545606710453
774.0   2747.2284403630856
775.0   2682.8714252365007
776.0   2674.1786401505847
777.0   2682.2963583725873
778.0   2661.732980330318
779.0   2569.9369019556134
780.0   2557.4058986220225
781.0   2494.365540832164
782.0   2446.7498812647873
783.0   2386.069212453179
784.0   2334.488245206785
785.0   2281.6976251809015
786.0   2232.6310726132933
787.0   2166.481277480871
788.0   2119.9072742921007
789.0   2076.1188607280546
790.0   2023.029041534334
791.0   1953.2061191575726
792.0   1918.9182014177402
793.0   1854.1398855384202
794.0   1787.9135174169203
795.0   1746.235777892151
796.0   1707.1941233562998
797.0   1720.059978806937
798.0   1610.324492100382
799.0   1533.058233524123
800.0   1512.3634963962681
