600.0   1047.7577001768686
601.0   1042.4288806922673
602.0   1002.5321267357488
603.0   1039.315723736878
604.0   994.5304958251568
605.0   992.5114717528909
606.0   1012.5654333832467
607.0   1001.7181132166506
608.0   992.9613367779039
609.0   938.7731419035416
610.0   956.8724618567896
611.0   942.576713611172
612.0   968.4449753618305
613.0   933.1581748474362
614.0   904.5040402548184
615.0   917.5411760360374
616.0   943.8916558963393
617.0   972.6431873569404
618.0   951.7681592391766
619.0   975.5771422694625
620.0   986.2331902684555
621.0   1035.575806674423
622.0   1038.6649094427644
623.0   1087.3931039194879
624.0   1112.844467385968
625.0   1137.8949404116552
626.0   1194.2969325040256
627.0   1232.2490840919463
628.0   1273.6180281326501
629.0   1306.3821642309292
630.0   1340.784848655861
631.0   1372.8361167669023
632.0   1408.1976874500644
633.0   1434.03653950731
634.0   1469.76808219644
635.0   1502.1606717394409
636.0   1534.0423894003611
637.0   1552.1759160234317
638.0   1541.3342693564052
639.0   1586.9600623249235
640.0   1593.7694697067593
641.0   1604.6238860318697
642.0   1604.219328571439
643.0   1594.3845000666704
644.0   1586.8504002949994
645.0   1581.4052506175917
646.0   1596.4971540970707
647.0   1569.419407969983
648.0   1559.0904562918606
649.0   1538.9644043186531
650.0   1530.0398307747662
651.0   1517.0654860832508
652.0   1509.091332327318
653.0   1488.070467167875
654.0   1481.0854307600953
655.0   1464.991628775799
656.0   1461.1713554084897
657.0   1456.4824085286177
658.0   1433.8094140656124
659.0   1443.4757786989555
660.0   1447.9449953646526
661.0   1435.4223602999448
662.0   1445.3832861974943
663.0   1442.4512766215666
664.0   1464.4308300091998
665.0   1505.7605257464913
666.0   1476.4871251112343
667.0   1477.7205800622532
668.0   1468.0265391098915
669.0   1487.3979201570796
670.0   1547.325560418263
671.0   1577.3615874976308
672.0   1599.6831940916607
673.0   1586.8188202226654
674.0   1601.4611062544993
675.0   1655.193054398948
676.0   1655.1408114537637
677.0   1699.4695764647004
678.0   1726.0101770905303
679.0   1768.046919603726
680.0   1811.734202598575
681.0   1849.2432154797098
682.0   1880.8233418421948
683.0   1921.6551091131043
684.0   1957.6226470053812
685.0   2009.83448990174
686.0   2037.7413738355187
687.0   2072.161129842029
688.0   2095.8868031042493
689.0   2157.2127470000873
690.0   2190.347564416266
691.0   2207.9745467000803
692.0   2284.611861596016
693.0   2326.261746739411
694.0   2317.5897707428203
695.0   2366.868786751453
696.0   2353.7440409386572
697.0   2328.062511555778
698.0   2424.859943280591
699.0   2438.0660864726924
700.0   2414.831713174026
701.0   2360.6946061002686
702.0   2418.8682683765055
703.0   2387.0348042963947
704.0   2401.4960484290746
705.0   2409.2978396983294
706.0   2392.5267390374793
707.0   2376.3143003268233
708.0   2356.766546820824
709.0   2337.115936954521
710.0   2298.6243195160796
711.0   2265.8867768323607
712.0   2243.4628243626717
713.0   2218.3277293444726
714.0   2193.66401286596
715.0   2168.4953816909833
716.0   2162.238500795016
717.0   2169.1859094579168
718.0   2104.240018170575
719.0   2128.3066944400284
720.0   2069.8335389472472
721.0   2057.2372576808693
722.0   2067.4837633890575
723.0   2050.9270581239593
724.0   2054.596996184385
725.0   1998.494681701479
726.0   1991.258333605424
727.0   1992.6503758584627
728.0   1959.3769568380615
729.0   1985.0507642224823
730.0   1890.6330776666525
731.0   1909.9740262557111
732.0   1971.6563850993912
733.0   1958.33158076346
734.0   1947.4999222343336
735.0   1925.5318960604218
736.0   1849.9420608966054
737.0   1859.8286880081448
738.0   1893.180986001701
739.0   1852.9581805195282
740.0   1930.0935918386544
741.0   1873.139729347728
742.0   1907.743246876082
743.0   1854.2953806212417
744.0   1860.8657270751794
745.0   1822.9184745404373
746.0   1815.3226868840532
747.0   1840.2230977583304
748.0   1827.9913719145827
749.0   1824.653427163497
750.0   1842.757357208475
751.0   1852.8649194446593
752.0   1876.2805124826536
753.0   1924.1497532851902
754.0   1981.1050872008327
755.0   2048.0310205460373
756.0   2122.3648765946505
757.0   2176.5520211762096
758.0   2278.6941367669324
759.0   2314.55550975271
760.0   2394.249431831765
761.0   2484.154336213025
762.0   2566.1656021911044
763.0   2661.4913078704367
764.0   2707.9983297196286
765.0   2768.612446240684
766.0   2824.222477407304
767.0   2835.1182712298664
768.0   2947.472846906847
769.0   2902.164558519584
770.0   2947.9049010736157
771.0   2946.5104409180676
772.0   2941.745900351327
773.0   2868.61626207424
774.0   2900.8077242356885
775.0   2837.429200491956
776.0   2825.015259018926
777.0   2833.828886967147
778.0   2811.362789181022
779.0   2718.815912207622
780.0   2696.870151736229
781.0   2638.6008064279367
782.0   2583.229087243323
783.0   2521.9928423773295
784.0   2461.3275678495856
785.0   2403.4308941824743
786.0   2351.551003888742
787.0   2288.704574848834
788.0   2236.260754833522
789.0   2186.5381933914678
790.0   2138.748213496383
791.0   2059.007170263632
792.0   2026.644065227568
793.0   1962.8770218288626
794.0   1892.3912604911893
795.0   1843.5862360784015
796.0   1804.879647056715
797.0   1811.8560455951088
798.0   1698.587655538093
799.0   1619.9676959207604
800.0   1596.100522495789
