600.0   1075.0184971532449
601.0   1063.1448412211926
602.0   1030.1090450309546
603.0   1066.8139065569965
604.0   1018.4043374805563
605.0   1016.4019185937991
606.0   1038.8818438820424
607.0   1027.6065464101348
608.0   1019.1342247353095
609.0   961.3026953704103
610.0   981.9886481378453
611.0   966.2414926441218
612.0   996.5334441164741
613.0   953.6089044256419
614.0   928.2564698568722
615.0   943.1171544764944
616.0   969.5206222514695
617.0   994.8457174435698
618.0   973.0702588819042
619.0   1003.2941862970233
620.0   1008.9434159736647
621.0   1067.3884072358526
622.0   1064.568478201347
623.0   1113.5975635898556
624.0   1139.7583307168961
625.0   1172.2263930425984
626.0   1227.1858431949993
627.0   1265.3336308356422
628.0   1302.3068414392635
629.0   1341.8318277463343
630.0   1371.7541523799598
631.0   1413.0839500620316
632.0   1440.3286445188455
633.0   1477.0804073537834
634.0   1502.7496677073466
635.0   1541.6552252396493
636.0   1567.673890867668
637.0   1588.5688913403278
638.0   1579.9978629963432
639.0   1629.052694515597
640.0   1637.7328388594913
641.0   1647.6100697300014
642.0   1646.757783655062
643.0   1633.8666603843965
644.0   1627.8600557828897
645.0   1630.956332003579
646.0   1639.2849054114517
647.0   1609.2351234808143
648.0   1596.9928442025875
649.0   1578.6094240797058
650.0   1564.6624419821098
651.0   1555.6225300151511
652.0   1545.859502261937
653.0   1528.26034292237
654.0   1520.0283833214253
655.0   1500.638931214122
656.0   1502.0275024880013
657.0   1497.860064261005
658.0   1472.1356136293546
659.0   1488.4351995982279
660.0   1484.2639195710622
661.0   1470.5995817803137
662.0   1478.2284103351099
663.0   1479.2932915163565
664.0   1508.0496154516863
665.0   1549.178211291016
666.0   1511.0281250218284
667.0   1521.8668160205953
668.0   1508.1528661029677
669.0   1529.590153250812
670.0   1590.9420553846228
671.0   1619.7201897565685
672.0   1646.2247030990345
673.0   1632.2189751946178
674.0   1641.3069666730978
675.0   1691.4427988910509
676.0   1693.7343972240317
677.0   1745.2991281618106
678.0   1770.987295875323
679.0   1810.1885904191472
680.0   1856.1669244702969
681.0   1889.866577112231
682.0   1929.3919543060304
683.0   1968.1363695240886
684.0   2011.219869844571
685.0   2061.2265993349447
686.0   2094.330855458989
687.0   2124.435321541328
688.0   2149.7675373737625
689.0   2204.2297226779374
690.0   2258.5581186765985
691.0   2268.8691788498622
692.0   2340.6109587156193
693.0   2390.949126719565
694.0   2384.0109302067285
695.0   2422.2574669762653
696.0   2413.4111507454213
697.0   2384.144409776975
698.0   2486.281749313358
699.0   2500.585912936861
700.0   2476.092166313047
701.0   2426.0058395876827
702.0   2477.770912170621
703.0   2445.2508252104008
704.0   2465.5909342655086
705.0   2474.9328373177636
706.0   2451.6865992965018
707.0   2437.7116210344293
708.0   2412.050495633304
709.0   2399.0700806539
710.0   2360.675282744542
711.0   2329.485028557617
712.0   2299.74536195506
713.0   2279.6991986659086
714.0   2256.6933232733168
715.0   2223.1571911998603
716.0   2219.1875556021414
717.0   2226.155715735623
718.0   2150.9747270990774
719.0   2180.0392812218615
720.0   2123.0177204946776
721.0   2112.952089973415
722.0   2124.8993625049106
723.0   2104.3681952831503
724.0   2107.4537361606044
725.0   2044.840079588286
726.0   2045.2774158912976
727.0   2045.7148522100679
728.0   2012.9597483870646
729.0   2037.5673540605678
730.0   1933.2824286648436
731.0   1961.5722479132141
732.0   2024.7381506258594
733.0   2015.8750891605064
734.0   1999.5851985682075
735.0   1974.2121528842208
736.0   1897.9404884259136
737.0   1906.2994452070452
738.0   1942.7757684023
739.0   1900.6175369736236
740.0   1979.5736809177447
741.0   1924.368671611368
742.0   1957.0810173793532
743.0   1914.743614741184
744.0   1907.249866670286
745.0   1868.5620529430428
746.0   1868.243628805594
747.0   1885.6956496710443
748.0   1876.9985790043727
749.0   1875.7855463301946
750.0   1889.1193204672193
751.0   1897.5819016152036
752.0   1922.0091292167972
753.0   1972.2450791535846
754.0   2023.3489132674722
755.0   2098.146237494657
756.0   2168.160704540046
757.0   2235.5857439841334
758.0   2341.477180026956
759.0   2374.757056389099
760.0   2451.398858600366
761.0   2549.577911899122
762.0   2628.945086466989
763.0   2734.280232765563
764.0   2778.6320396538517
765.0   2840.255609302036
766.0   2905.4818096121917
767.0   2899.5736517854184
768.0   3024.7964009622046
769.0   2973.001198800474
770.0   3030.284457171151
771.0   3022.5750981996944
772.0   3018.668688997328
773.0   2936.809362520875
774.0   2975.7208725896935
775.0   2907.1124738139165
776.0   2898.003764276382
777.0   2904.069026270929
778.0   2885.5917901604003
779.0   2785.087488644389
780.0   2767.434030212792
781.0   2702.5967683313497
782.0   2652.6797874633976
783.0   2589.8593143818475
784.0   2532.3718434557995
785.0   2466.2347501870936
786.0   2411.246368542523
787.0   2354.7941516904093
788.0   2292.729763244872
789.0   2246.3111088940186
790.0   2198.4647946661435
791.0   2114.9962064699766
792.0   2078.9322977511288
793.0   2007.765190279248
794.0   1941.1775369652787
795.0   1891.0216319791523
796.0   1849.6750460592334
797.0   1860.1564926580654
798.0   1747.3598993208539
799.0   1667.779519330332
800.0   1635.5239384223823
