600.0   1120.62935231265
601.0   1105.8475015083893
602.0   1069.741395439318
603.0   1105.0491666607686
604.0   1056.5867809790723
605.0   1056.8998327853003
606.0   1082.6278899516922
607.0   1069.2603296407813
608.0   1054.2849643509242
609.0   1006.7362819322117
610.0   1022.5028924442463
611.0   1005.1653084797786
612.0   1033.6006054037537
613.0   988.5623745016208
614.0   965.0954521518067
615.0   983.5896550710548
616.0   1006.4389970595481
617.0   1035.324845091827
618.0   1013.8922213703161
619.0   1042.148038802509
620.0   1049.0786106725866
621.0   1107.7549177451424
622.0   1103.0131119518694
623.0   1159.6721767773968
624.0   1188.5141525827707
625.0   1219.1663581522403
626.0   1275.6010630245587
627.0   1313.1622682342995
628.0   1352.0756223693693
629.0   1396.0275168475773
630.0   1425.1471031409858
631.0   1467.289178262692
632.0   1500.9788040800036
633.0   1533.8952433275542
634.0   1562.038323263384
635.0   1604.5025100328457
636.0   1634.3633483645817
637.0   1652.2245505151036
638.0   1645.8606993180792
639.0   1691.1958312941376
640.0   1706.1464414416066
641.0   1718.5522367090084
642.0   1713.0426600206504
643.0   1697.9652010205461
644.0   1692.9134397132457
645.0   1686.618571663252
646.0   1701.326678645523
647.0   1674.6159411480412
648.0   1661.9985346231856
649.0   1644.690600684015
650.0   1624.334895071989
651.0   1618.4264687442123
652.0   1606.3541438972136
653.0   1589.342830404366
654.0   1579.5214747370583
655.0   1556.2002713116176
656.0   1561.6705139378332
657.0   1555.3287597937606
658.0   1536.3709534058946
659.0   1542.7871860282341
660.0   1542.9160470082861
661.0   1529.8300277792098
662.0   1540.217971417772
663.0   1538.9235318621531
664.0   1563.1180933156318
665.0   1607.5490286215497
666.0   1569.894600792726
667.0   1576.2850397323216
668.0   1560.8275743525721
669.0   1585.3801575229927
670.0   1650.3251856061072
671.0   1684.5469599779901
672.0   1705.9201925700777
673.0   1698.3136971644815
674.0   1702.81547867697
675.0   1759.3425185941896
676.0   1758.3557419332142
677.0   1811.037501646178
678.0   1836.411111808452
679.0   1878.8405427265586
680.0   1927.6687454493365
681.0   1962.6007107348441
682.0   2002.1729242780914
683.0   2037.093589756588
684.0   2090.324354186579
685.0   2135.0767209994237
686.0   2171.9116070349633
687.0   2207.9517119598545
688.0   2232.543682560181
689.0   2290.3661302786795
690.0   2334.9150927911173
691.0   2352.48979560869
692.0   2437.669640712806
693.0   2479.929814917496
694.0   2472.7607000005096
695.0   2520.8265013990876
696.0   2501.478860011461
697.0   2475.5237349048057
698.0   2578.2246300905776
699.0   2594.440797425715
700.0   2574.1807146157876
701.0   2516.6870474945613
702.0   2576.4328189444745
703.0   2535.9096486988337
704.0   2556.147912738448
705.0   2561.423834305787
706.0   2542.663077066521
707.0   2529.322944137804
708.0   2502.8940048665604
709.0   2489.388898382063
710.0   2446.5658229262854
711.0   2410.741263904398
712.0   2387.059162974422
713.0   2358.8004538311084
714.0   2344.822046400173
715.0   2310.7331297713545
716.0   2301.911655367102
717.0   2311.6427456787274
718.0   2239.536284461943
719.0   2266.222259257992
720.0   2199.6795254673957
721.0   2197.7625156347603
722.0   2207.2816241331793
723.0   2186.034958612248
724.0   2186.760096790584
725.0   2119.8692654244405
726.0   2117.1194082435172
727.0   2117.4659454424823
728.0   2090.1272751635133
729.0   2119.260488092876
730.0   2011.5019672449964
731.0   2038.9688505785384
732.0   2104.8299794097093
733.0   2093.3112439094198
734.0   2072.8288117093634
735.0   2053.0902615438195
736.0   1969.2801084075193
737.0   1979.0566405029908
738.0   2018.3371214455765
739.0   1976.9149800431012
740.0   2058.2945380122837
741.0   1997.6285842082698
742.0   2032.3230840679669
743.0   1977.1556804187376
744.0   1981.024589722155
745.0   1933.5286411274558
746.0   1936.7089838666882
747.0   1954.942813483485
748.0   1945.679542919762
749.0   1947.4030290179578
750.0   1965.47422366173
751.0   1969.6051355566601
752.0   1993.400698450986
753.0   2046.078524725898
754.0   2099.2706824794923
755.0   2175.206466509819
756.0   2251.673949325059
757.0   2317.765918557453
758.0   2432.1568751456184
759.0   2459.5065305309563
760.0   2547.7466002121296
761.0   2647.8987487630643
762.0   2728.9738759020806
763.0   2830.4032556560037
764.0   2875.0116962922875
765.0   2945.5202334654628
766.0   3007.702904620341
767.0   3006.0892655489174
768.0   3133.8698310275868
769.0   3086.074948583456
770.0   3125.729862567908
771.0   3120.14430332521
772.0   3124.4304904513683
773.0   3044.933849994433
774.0   3079.870525443217
775.0   3004.1951154082726
776.0   3005.442010472284
777.0   3001.5062185326
778.0   2984.8710682497626
779.0   2890.302876345403
780.0   2866.3811134467032
781.0   2794.648280395211
782.0   2742.5558279828083
783.0   2683.0966693098076
784.0   2619.855393307619
785.0   2551.4815456932615
786.0   2498.894527631324
787.0   2441.7526268200368
788.0   2376.006269716413
789.0   2329.944302474776
790.0   2272.756365928706
791.0   2189.9735808538962
792.0   2154.0487694407
793.0   2084.4763869114304
794.0   2009.2211846408122
795.0   1960.3650573184702
796.0   1918.9192792660579
797.0   1928.6872847503641
798.0   1816.3631974082
799.0   1727.13716226674
800.0   1698.3140222755897
