600.0   1132.7454142362803
601.0   1121.714158384767
602.0   1084.1085344413261
603.0   1122.334891780807
604.0   1072.3581977019603
605.0   1072.3093855010525
606.0   1096.6006344841633
607.0   1083.339283625074
608.0   1073.5259892148688
609.0   1014.6496938270258
610.0   1036.171482976898
611.0   1014.8889397755454
612.0   1044.939808752465
613.0   1002.2609779003262
614.0   980.3576081332708
615.0   992.0238042716652
616.0   1023.2410882751643
617.0   1046.0895034576417
618.0   1025.85988330459
619.0   1054.3636466727958
620.0   1058.6546678705758
621.0   1121.2824667573595
622.0   1118.1261174975034
623.0   1174.4103469307495
624.0   1204.6766670629495
625.0   1232.7020507070888
626.0   1289.5378233076012
627.0   1335.9381163192518
628.0   1370.720523664779
629.0   1418.0202292764354
630.0   1447.8771823900154
631.0   1491.3401934068668
632.0   1519.1023666176172
633.0   1555.6857142449167
634.0   1587.8840206626287
635.0   1621.1636756883552
636.0   1650.0278258932099
637.0   1672.3823851153531
638.0   1663.8948820977691
639.0   1719.8544937622357
640.0   1718.9170482613558
641.0   1734.5309486556805
642.0   1739.714787311809
643.0   1720.809497381315
644.0   1715.8866784841093
645.0   1714.3611258423539
646.0   1725.333897002475
647.0   1699.1677807470408
648.0   1685.1943081883949
649.0   1668.7391016770057
650.0   1654.882322712804
651.0   1641.2454235265157
652.0   1630.4978891859275
653.0   1605.7367973134883
654.0   1600.1466897778141
655.0   1579.2369834330063
656.0   1581.31677598048
657.0   1580.9848315931654
658.0   1548.9015294107949
659.0   1568.8835384309414
660.0   1566.9130808548198
661.0   1553.3651154769639
662.0   1560.7830512692665
663.0   1559.2072120372713
664.0   1588.3150753572183
665.0   1631.4045070142336
666.0   1595.561957488245
667.0   1600.1372569219222
668.0   1585.9676479814566
669.0   1611.2770291207648
670.0   1676.0444129047553
671.0   1703.5321430441068
672.0   1732.3724410868638
673.0   1720.026777005457
674.0   1729.4418745033024
675.0   1790.2426743513226
676.0   1790.2952914469074
677.0   1836.8509736549422
678.0   1866.938825824508
679.0   1905.9983160510249
680.0   1958.8875161875128
681.0   1988.3398171839444
682.0   2040.705774661322
683.0   2076.9346238758953
684.0   2118.9864078810565
685.0   2170.96614218904
686.0   2210.3974286486095
687.0   2240.9489924477966
688.0   2268.1733760177
689.0   2325.0009335348986
690.0   2374.3310532072423
691.0   2385.6322352234697
692.0   2469.6179280774268
693.0   2517.041752186414
694.0   2501.6527721865164
695.0   2555.7586983814226
696.0   2540.3890169165866
697.0   2513.2396687461924
698.0   2624.6927671526532
699.0   2632.766953347847
700.0   2613.89532182146
701.0   2560.5812513678375
702.0   2618.097078478187
703.0   2575.6840709576963
704.0   2592.755603326255
705.0   2600.6706431468615
706.0   2581.685178734978
707.0   2571.992961727733
708.0   2543.168111411585
709.0   2526.6232974772515
710.0   2487.3776427293596
711.0   2452.1357840167566
712.0   2424.908279443533
713.0   2401.4043089455204
714.0   2376.3793905234756
715.0   2345.551612180184
716.0   2335.2174127815247
717.0   2350.0766799097587
718.0   2279.615210596017
719.0   2301.894044995596
720.0   2242.484574385574
721.0   2230.546112287262
722.0   2243.6506989503478
723.0   2215.0963383131707
724.0   2220.5172408641292
725.0   2161.829843073363
726.0   2153.2429523488427
727.0   2160.508161669208
728.0   2123.154029734613
729.0   2152.0806638186014
730.0   2046.221081752096
731.0   2075.1425856418086
732.0   2131.0821550726164
733.0   2120.2771922066036
734.0   2111.4817168831937
735.0   2087.879428286117
736.0   2002.8073832716498
737.0   2006.0252275515872
738.0   2048.776319990577
739.0   1996.1876604671313
740.0   2088.0690274168583
741.0   2028.0250619722137
742.0   2063.59175381921
743.0   2013.9273652323668
744.0   2006.8818247361144
745.0   1969.6669378818212
746.0   1974.5707633300456
747.0   1990.2099506270977
748.0   1971.395622523508
749.0   1975.0243264288372
750.0   2000.4743586822376
751.0   2002.0556640566501
752.0   2034.816697737037
753.0   2083.1979870760338
754.0   2138.685441811202
755.0   2213.2723152872445
756.0   2286.3925498777407
757.0   2350.284293858844
758.0   2465.246931943411
759.0   2499.122576562224
760.0   2586.240837213183
761.0   2688.46935287606
762.0   2769.828327439737
763.0   2875.750096095359
764.0   2923.0369387846818
765.0   2989.7268277427593
766.0   3048.893163965333
767.0   3053.479323801381
768.0   3185.07113992081
769.0   3125.012300509979
770.0   3185.167614384572
771.0   3165.8183594218876
772.0   3178.00026069213
773.0   3095.8310437913497
774.0   3131.1933809313823
775.0   3054.306007316327
776.0   3053.8969048445315
777.0   3054.9892855524527
778.0   3036.9732502386464
779.0   2936.14567035688
780.0   2911.631412661771
781.0   2846.5016661482186
782.0   2784.091366146885
783.0   2720.25483752258
784.0   2666.170554225002
785.0   2591.5042934170256
786.0   2541.2980496971395
787.0   2480.482609698713
788.0   2412.3168579860485
789.0   2368.4384136929266
790.0   2313.9733832307074
791.0   2226.325228705757
792.0   2186.649424923129
793.0   2123.317808323158
794.0   2044.2022801441312
795.0   2002.2890653191855
796.0   1950.6941275313243
797.0   1955.9586136134672
798.0   1842.6532628216303
799.0   1752.789669780293
800.0   1728.8616237762135
