600.0   364.10029854699803
601.0   361.8834594573168
602.0   352.1263491649279
603.0   365.6998633450861
604.0   348.32611001585207
605.0   347.0523246441855
606.0   357.1619773371285
607.0   355.11618176388833
608.0   351.71878448465395
609.0   335.1239751795198
610.0   339.81333373623295
611.0   331.87977738682974
612.0   345.9164778490994
613.0   330.9522148109417
614.0   325.81084365188434
615.0   332.65148939152255
616.0   340.8103510634106
617.0   353.11465394820556
618.0   350.1422844415336
619.0   363.28443466004177
620.0   367.2777849983314
621.0   388.75176712858206
622.0   390.31081496264636
623.0   408.5733374094851
624.0   422.8674980012785
625.0   432.26101293951535
626.0   450.3144242386587
627.0   465.5686857709127
628.0   484.5208973021127
629.0   498.2900543034848
630.0   508.9706664460821
631.0   524.5248745056261
632.0   536.2835545130099
633.0   545.9596603263965
634.0   559.7320509204661
635.0   571.6740339085384
636.0   586.6603047534957
637.0   590.4936445537713
638.0   591.3367020119805
639.0   605.9276025787996
640.0   609.8529883718526
641.0   614.5082324176269
642.0   616.3013496886513
643.0   611.3726139480092
644.0   611.682294490394
645.0   609.5195903284313
646.0   614.9476589738931
647.0   604.9386105648139
648.0   601.4522646259204
649.0   595.6465797663737
650.0   594.5622045110094
651.0   586.9053975080508
652.0   583.1255972105066
653.0   576.9680471735769
654.0   577.8382203768423
655.0   572.7985972119932
656.0   574.6338629938741
657.0   573.3561981350304
658.0   567.4124608586192
659.0   571.1493437950544
660.0   570.129428666761
661.0   568.568535048812
662.0   572.301961413521
663.0   574.5023730786286
664.0   586.7748575731752
665.0   604.2290953174206
666.0   593.6444401870722
667.0   599.4944084965648
668.0   592.0524876333279
669.0   603.7521431047646
670.0   629.2633953819125
671.0   643.9944903681111
672.0   655.5196436251872
673.0   650.7299377156753
674.0   659.411487725537
675.0   683.2527720456249
676.0   680.5186219956859
677.0   705.3393057991536
678.0   714.3227600393376
679.0   731.6463660427873
680.0   756.0103793849946
681.0   771.4792387256985
682.0   791.2249796673872
683.0   806.0072736748496
684.0   824.1135933714213
685.0   849.8673592358082
686.0   857.9590904744986
687.0   877.636523802902
688.0   890.3102589605369
689.0   916.9550990872905
690.0   937.6918821501198
691.0   942.0299162757624
692.0   980.3358744804588
693.0   1006.1878763799978
694.0   999.1987031882229
695.0   1017.2725707295808
696.0   1010.7099402766828
697.0   1000.525701119169
698.0   1044.658948136188
699.0   1050.501950516963
700.0   1042.834660136082
701.0   1022.3693543042575
702.0   1044.6013481599425
703.0   1029.9412969338607
704.0   1037.207537825977
705.0   1045.2993081266534
706.0   1037.362425583547
707.0   1027.9557804862702
708.0   1020.305430522981
709.0   1017.1517755116118
710.0   995.7883454311599
711.0   985.3091166509439
712.0   973.5863075006937
713.0   965.0277780950969
714.0   959.2750115931867
715.0   948.6980841856546
716.0   945.659298077118
717.0   956.9551677704764
718.0   923.0854152945824
719.0   936.4168443314342
720.0   912.2510436974064
721.0   912.3015556982847
722.0   916.3749687193622
723.0   906.6855926618824
724.0   912.2417936984418
725.0   887.8043641883423
726.0   885.4149269397034
727.0   886.8591314935113
728.0   879.8265661986359
729.0   895.2686635806211
730.0   844.7576588800305
731.0   859.4214796770973
732.0   893.0361219752285
733.0   886.549259940088
734.0   881.3951359182589
735.0   876.0178393179424
736.0   843.8837108501962
737.0   851.4657586712856
738.0   866.4348223143792
739.0   852.1439728620096
740.0   885.1497530469104
741.0   865.7470303460691
742.0   882.1094810627587
743.0   864.7236941403886
744.0   870.7491152167592
745.0   864.1672428992023
746.0   866.8695454016415
747.0   881.6107752280716
748.0   873.8321710297898
749.0   870.5337449600074
750.0   861.5415532421769
751.0   846.10279345015
752.0   838.4110453832914
753.0   843.8600492505932
754.0   853.357618891091
755.0   871.6699603291552
756.0   898.5036035733256
757.0   914.3275258618667
758.0   962.8340393978477
759.0   972.5831091120596
760.0   1006.1702495869629
761.0   1046.9288604685476
762.0   1083.7487269366532
763.0   1129.231566747505
764.0   1150.7703054182025
765.0   1182.841590938916
766.0   1208.9934247493752
767.0   1212.2810230459577
768.0   1271.0174384219374
769.0   1246.2934226929822
770.0   1266.9546519765581
771.0   1261.3684723980546
772.0   1261.3735489920855
773.0   1221.7945027240235
774.0   1227.3733544488634
775.0   1192.4251083885774
776.0   1187.9356281759742
777.0   1175.6752260310507
778.0   1158.1242156413737
779.0   1110.579885664572
780.0   1091.4170822155907
781.0   1053.9005043192992
782.0   1020.4078969573353
783.0   989.4819110654518
784.0   954.6045961485363
785.0   922.2652126489355
786.0   891.9059407077385
787.0   856.9657180791764
788.0   822.5287153770539
789.0   797.2983709515961
790.0   768.3639000682255
791.0   724.3011748124153
792.0   701.823467383258
793.0   667.4968178433754
794.0   636.358757658986
795.0   609.7121206202851
796.0   588.4063461553079
797.0   582.3384557328716
798.0   531.2968032474439
799.0   501.2054557697442
800.0   482.98905184513603
