600.0   89.96
601.0   89.96
602.0   89.96
603.0   89.96
604.0   89.96
605.0   89.96
606.0   89.96
607.0   89.96
608.0   89.96
609.0   89.96
610.0   89.96
611.0   89.96
612.0   89.96
613.0   89.96
614.0   89.96
615.0   89.96
616.0   89.96
617.0   89.96
618.0   89.96
619.0   89.96
620.0   89.96
621.0   89.96
622.0   89.96
623.0   89.96
624.0   89.96
625.0   89.96
626.0   89.96
627.0   89.96
628.0   89.96
629.0   89.96
630.0   89.96
631.0   89.96
632.0   89.96
633.0   89.96
634.0   27.96
635.0   27.96
636.0   29.96
637.0   29.96
638.0   29.96
639.0   29.96
640.0   29.96
641.0   29.96
642.0   29.96
643.0   29.96
644.0   29.96
645.0   29.96
646.0   29.96
647.0   29.96
648.0   29.96
649.0   29.96
650.0   29.96
651.0   89.96
652.0   89.96
653.0   89.96
654.0   89.96
655.0   89.96
656.0   89.96
657.0   89.96
658.0   89.96
659.0   89.96
660.0   89.96
661.0   89.96
662.0   89.96
663.0   89.96
664.0   89.96
665.0   89.96
666.0   89.96
667.0   89.96
668.0   89.96
669.0   89.96
670.0   29.96
671.0   29.96
672.0   29.96
673.0   29.96
674.0   29.96
675.0   29.96
676.0   29.96
677.0   29.96
678.0   29.96
679.0   29.96
680.0   29.96
681.0   29.96
682.0   29.96
683.0   29.96
684.0   29.96
685.0   29.96
686.0   29.96
687.0   29.96
688.0   29.96
689.0   29.96
690.0   29.96
691.0   29.96
692.0   29.96
693.0   29.96
694.0   29.96
695.0   29.96
696.0   29.96
697.0   29.96
698.0   29.96
699.0   29.96
700.0   29.96
701.0   29.96
702.0   29.96
703.0   29.96
704.0   29.96
705.0   29.96
706.0   29.96
707.0   29.96
708.0   29.96
709.0   29.96
710.0   29.96
711.0   29.96
712.0   29.96
713.0   29.96
714.0   29.96
715.0   29.96
716.0   29.96
717.0   29.96
718.0   29.96
719.0   29.96
720.0   29.96
721.0   29.96
722.0   29.96
723.0   29.96
724.0   29.96
725.0   29.96
726.0   29.96
727.0   29.96
728.0   29.96
729.0   29.96
730.0   29.96
731.0   29.96
732.0   29.96
733.0   29.96
734.0   29.96
735.0   29.96
736.0   29.96
737.0   29.96
738.0   29.96
739.0   29.96
740.0   29.96
741.0   29.96
742.0   29.96
743.0   29.96
744.0   29.96
745.0   29.96
746.0   29.96
747.0   29.96
748.0   29.96
749.0   29.96
750.0   29.96
751.0   29.96
752.0   29.96
753.0   29.96
754.0   29.96
755.0   29.96
756.0   29.96
757.0   29.96
758.0   29.96
759.0   29.96
760.0   29.96
761.0   29.96
762.0   29.96
763.0   29.96
764.0   29.96
765.0   29.96
766.0   29.96
767.0   29.96
768.0   29.96
769.0   29.96
770.0   29.96
771.0   29.96
772.0   29.96
773.0   29.96
774.0   29.96
775.0   29.96
776.0   29.96
777.0   29.96
778.0   29.96
779.0   29.96
780.0   29.96
781.0   29.96
782.0   29.96
783.0   29.96
784.0   29.96
785.0   29.96
786.0   89.96
787.0   89.96
788.0   89.96
789.0   89.96
790.0   89.96
791.0   89.96
792.0   89.96
793.0   89.96
794.0   89.96
795.0   89.96
796.0   89.96
797.0   89.96
798.0   89.96
799.0   89.96
800.0   89.96
