500.0   491.4903948853688
501.0   490.6113418417764
502.0   493.122265530308
503.0   482.44657220895965
504.0   485.3292572676145
505.0   469.7633921077153
506.0   456.67796467900115
507.0   454.5126166637456
508.0   436.0260239273733
509.0   430.65445560851646
510.0   410.68646954652365
511.0   407.90221271532766
512.0   403.220169677332
513.0   401.11517618044513
514.0   370.4952165984773
515.0   375.5639297808377
516.0   394.3819471747794
517.0   396.21326426654707
518.0   383.99391053667637
519.0   393.62063446357433
520.0   375.20380282275084
521.0   388.96568334552205
522.0   403.9503381998426
523.0   396.7603708851136
524.0   396.0519170693161
525.0   416.08338139871165
526.0   429.65411630089613
527.0   446.85666228422406
528.0   465.60102866960074
529.0   478.32348755123144
530.0   493.84990152896836
531.0   521.2752935033395
532.0   533.772531174611
533.0   555.179637510381
534.0   566.3264948690171
535.0   593.8377995837943
536.0   616.4181653642311
537.0   637.5793680567787
538.0   655.7855175877588
539.0   675.4273263737568
540.0   678.2743938946487
541.0   675.1405055520082
542.0   672.6030352332664
543.0   674.905756659053
544.0   675.1242136707068
545.0   666.5144466741233
546.0   649.4253172038487
547.0   630.9238097839014
548.0   605.5941988324005
549.0   597.257126018068
550.0   582.3358147583397
551.0   555.4186281765977
552.0   564.3396297290348
553.0   534.6741258925465
554.0   524.9470144704381
555.0   515.3394062384322
556.0   506.26736222358556
557.0   496.3117366707482
558.0   499.0243171060042
559.0   480.41040570258735
560.0   488.82482988983037
561.0   488.38778516633056
562.0   466.89703111632963
563.0   469.5800079775106
564.0   492.2594915518878
565.0   479.19397280129067
566.0   510.5346831345756
567.0   512.2641268971372
568.0   505.59112516675
569.0   531.9352795031232
570.0   550.6153172864211
571.0   550.9514285019544
572.0   550.1913647379639
573.0   569.312974605866
574.0   582.5677245236402
575.0   616.772313676894
576.0   624.7667134088604
577.0   640.4492949897982
578.0   660.0195645181047
579.0   680.4204881978894
580.0   709.0040222279415
581.0   723.4888074152173
582.0   740.6681697365198
583.0   761.743094920432
584.0   771.5069293985096
585.0   794.264910863048
586.0   809.5631083489461
587.0   807.8853063855006
588.0   817.9078737714408
589.0   830.95021964263
590.0   809.7645208027177
591.0   816.4657830568558
592.0   805.9909149052061
593.0   803.2184161614185
594.0   795.2242831601116
595.0   778.3031779730893
596.0   767.1478022865243
597.0   739.8934441981576
598.0   740.2114593542143
599.0   723.0413626477548
600.0   703.0693133820826
601.0   692.7756680992745
602.0   671.6121749395425
603.0   694.5254670201848
604.0   668.3889821832803
605.0   660.9804473144609
606.0   677.5804904728263
607.0   668.657019525028
608.0   669.0902944221477
609.0   624.0154903868182
610.0   640.2544480160486
611.0   641.5620662425515
612.0   662.9821936143265
613.0   628.6748805419838
614.0   609.6754634293021
615.0   619.9083065409
616.0   635.624367140912
617.0   640.3815011571758
618.0   624.0551090766759
619.0   636.2229570903169
620.0   642.864660512202
621.0   680.2719608562054
622.0   673.0713571901713
623.0   702.8186759475971
624.0   724.3136751255355
625.0   738.1455525793027
626.0   785.0271321312736
627.0   799.5051114307133
628.0   827.9113465975024
629.0   849.5386159235054
630.0   878.4755860601003
631.0   900.8242845929577
632.0   926.3288536652676
633.0   950.8070598149812
634.0   969.822003870582
635.0   995.0422303851357
636.0   1016.4364091482196
637.0   1030.4695040065437
638.0   1025.8543720823018
639.0   1070.1629039941122
640.0   1070.8870663716348
641.0   1075.8809522426022
642.0   1084.2905115614662
643.0   1074.9984964570335
644.0   1071.9727724105046
645.0   1073.6562330763172
646.0   1076.176407752672
647.0   1066.8612553216897
648.0   1061.5308172275295
649.0   1039.8505927344343
650.0   1038.7324692208083
651.0   1027.6212723479464
652.0   1025.8530844424877
653.0   1022.0601730565124
654.0   1012.5606868008922
655.0   991.1378793721178
656.0   995.3502370653334
657.0   998.9552888411367
658.0   977.9024971222341
659.0   983.642920017064
660.0   977.031406779946
661.0   972.1122672330828
662.0   985.5002537975106
663.0   982.0499147161852
664.0   992.4817929498697
665.0   1020.2640025247454
666.0   994.805568603714
667.0   1002.5476285609182
668.0   991.8919126681893
669.0   1009.8400481997063
670.0   1047.239147481808
671.0   1062.098296628722
672.0   1088.193861548775
673.0   1076.3643252272834
674.0   1085.7482780748878
675.0   1122.291372807146
676.0   1116.554044614422
677.0   1151.075673607842
678.0   1168.635890182326
679.0   1191.6468036284596
680.0   1215.4470414397179
681.0   1244.951080936686
682.0   1271.2445529019233
683.0   1300.5590184069833
684.0   1320.1067707721168
685.0   1354.7980574126761
686.0   1387.2580557725073
687.0   1409.9786609000291
688.0   1424.880941155163
689.0   1457.6249157888506
690.0   1490.1474342507477
691.0   1510.5897329386294
692.0   1554.2584834599134
693.0   1590.4091902626753
694.0   1591.0955042175676
695.0   1620.7171234891207
696.0   1617.1970382776303
697.0   1599.8464642243566
698.0   1671.0265684398596
699.0   1697.0222120205813
700.0   1672.081648912545
701.0   1639.914023512621
702.0   1679.064574409087
703.0   1658.3032555724733
704.0   1677.5626146278057
705.0   1685.2027232030955
706.0   1671.4644531887184
707.0   1672.3901659626185
708.0   1649.811484045187
709.0   1634.3745996358484
710.0   1606.9654249166708
711.0   1601.3149095508618
712.0   1574.6152078701318
713.0   1561.528474285952
714.0   1539.340620053002
715.0   1529.1768136583676
716.0   1514.7742172161968
717.0   1521.2999694700343
718.0   1478.9064985291486
719.0   1497.1098081890132
720.0   1469.9007806222553
721.0   1446.7572134114866
722.0   1458.3386943944317
723.0   1440.8229723999077
724.0   1448.162705563349
725.0   1410.238213016684
726.0   1399.4802953443505
727.0   1403.4886128862308
728.0   1383.2045794040584
729.0   1402.8296182796107
730.0   1329.147069052487
731.0   1351.9510814627076
732.0   1390.8877302367837
733.0   1388.8453455190963
734.0   1369.7558802750525
735.0   1364.9735923932035
736.0   1316.9918540054446
737.0   1315.6922227678688
738.0   1342.0902699013425
739.0   1307.8916140558977
740.0   1368.0765450836072
741.0   1330.1431929474795
742.0   1359.9863794262405
743.0   1312.241015711208
744.0   1314.2395744927326
745.0   1275.2633726970012
746.0   1266.6982475798982
747.0   1287.1400668381063
748.0   1292.538797292939
749.0   1307.659541776589
750.0   1364.1520124703322
751.0   1392.3491229136566
752.0   1432.4694817607603
753.0   1494.6213205820413
754.0   1556.9512355928505
755.0   1621.6202211846264
756.0   1697.5400624133422
757.0   1757.768128067338
758.0   1845.6649276163862
759.0   1867.0761969724713
760.0   1938.6365581455004
761.0   2013.3013407530643
762.0   2078.3439104246295
763.0   2146.2715803892893
764.0   2184.711478345791
765.0   2224.0109143493332
766.0   2287.791062313559
767.0   2290.884021851817
768.0   2382.338647950466
769.0   2344.4907437128027
770.0   2397.1032477662793
771.0   2387.9994300534386
772.0   2386.331346851164
773.0   2335.122904447418
774.0   2364.9908954027483
775.0   2313.018054418597
776.0   2319.640701491958
777.0   2328.424608374693
778.0   2326.602528320806
779.0   2256.5512735847224
780.0   2247.826278420984
781.0   2209.700328119659
782.0   2168.663532480114
783.0   2135.164485813388
784.0   2093.154297472944
785.0   2046.547552665895
786.0   2005.6145142830132
787.0   1965.399389749931
788.0   1940.2704789241284
789.0   1887.7965985669375
790.0   1860.3804020933264
791.0   1796.905460158878
792.0   1775.291834448257
793.0   1719.4176129910848
794.0   1675.7563867461852
795.0   1640.3996234829924
796.0   1617.0388341328312
797.0   1622.9985780277761
798.0   1539.4760773460346
799.0   1465.3116329783898
800.0   1461.0506513481607
