500.0   413.428291073031
501.0   408.50402885923927
502.0   410.4873337827304
503.0   401.27270845845703
504.0   404.0314278616095
505.0   391.49984289810186
506.0   380.09722228882964
507.0   376.02917444778916
508.0   366.0959626195125
509.0   358.15839580664004
510.0   343.2065438618645
511.0   341.47126647487596
512.0   337.0616842125994
513.0   336.33716096384956
514.0   315.7042555655014
515.0   317.73174698518244
516.0   333.0295089200132
517.0   330.7820023467666
518.0   321.7956555730418
519.0   330.13054859066983
520.0   321.0514976034493
521.0   328.01409091006735
522.0   340.18857909881103
523.0   335.2389062967354
524.0   335.0240191330279
525.0   350.65237071679127
526.0   359.0056977654822
527.0   377.1604805305278
528.0   395.1354072367502
529.0   410.06337194712944
530.0   421.98524289506696
531.0   445.32636514282035
532.0   452.07706492026216
533.0   470.2312993418094
534.0   484.2704804473092
535.0   506.98731138196956
536.0   521.4352831130609
537.0   540.0579944628608
538.0   552.7720881145215
539.0   574.7272775487197
540.0   572.2360425309075
541.0   571.8871239710816
542.0   569.3944266661401
543.0   576.3422891293586
544.0   576.0432780368039
545.0   563.0874669242966
546.0   549.1225295765063
547.0   530.6847948244541
548.0   516.0624554186768
549.0   505.6770427492312
550.0   496.6846616490318
551.0   471.62370377223397
552.0   482.7458878521709
553.0   454.16062705535387
554.0   445.5479151353295
555.0   438.8366883578939
556.0   433.0393407477228
557.0   429.8058577964744
558.0   427.7223998969836
559.0   408.98598579640964
560.0   415.7889613317404
561.0   416.11309993884515
562.0   400.5046409506994
563.0   402.99156667622015
564.0   418.98695346564944
565.0   409.31907398937597
566.0   440.1334273381387
567.0   441.02911905378727
568.0   434.5887698091053
569.0   453.1720245133257
570.0   476.02804510307044
571.0   476.20960658722333
572.0   477.5967200172888
573.0   492.82704761938135
574.0   501.81358265446414
575.0   528.0360012141016
576.0   539.0412489084929
577.0   554.8990227153848
578.0   566.5258672174571
579.0   594.847721013141
580.0   616.7061401378573
581.0   623.7886120483838
582.0   634.7123301991489
583.0   654.754471510813
584.0   659.4165310371732
585.0   685.838722561779
586.0   697.6201089046926
587.0   701.0509770357735
588.0   702.2037856151177
589.0   717.6735006055004
590.0   702.0485825857377
591.0   713.742171946404
592.0   696.6587618989469
593.0   694.7288920193524
594.0   678.2779939173744
595.0   671.7178275399435
596.0   657.8953530876546
597.0   642.7475445726265
598.0   642.1273458373154
599.0   624.7418074323514
600.0   609.7821518921871
601.0   599.9846360726087
602.0   577.5469042540353
603.0   597.6979383978749
604.0   576.5158174782448
605.0   575.2086872507784
606.0   585.5773217623771
607.0   576.1649948746091
608.0   581.5507836591435
609.0   541.6485259770725
610.0   554.5069540591201
611.0   558.6931942365086
612.0   570.7306128118826
613.0   542.27208941212
614.0   533.9997775429499
615.0   539.2881645050791
616.0   548.6967093207611
617.0   561.1795492124666
618.0   541.2627967420802
619.0   552.1650651013946
620.0   566.7264439507361
621.0   593.2156140505765
622.0   590.0121469033047
623.0   616.4095758132296
624.0   636.1286793187273
625.0   652.0241771424528
626.0   686.4460743046635
627.0   699.3682910919615
628.0   721.1927047702961
629.0   747.1077499826247
630.0   767.4813834034612
631.0   791.8151500976782
632.0   812.9831191306232
633.0   835.4605877631383
634.0   846.3949932932078
635.0   874.6498999645581
636.0   887.4976225014259
637.0   906.5912370365498
638.0   901.5846234000264
639.0   942.9764873886804
640.0   940.2059630907959
641.0   943.8504546297232
642.0   945.9350542684665
643.0   946.5054730316821
644.0   946.048663234783
645.0   945.0258414431687
646.0   954.0470158191577
647.0   931.9146833671057
648.0   933.3132822536206
649.0   917.8159566874554
650.0   910.6630146836386
651.0   905.2142597342099
652.0   904.5175159776952
653.0   894.70009993594
654.0   893.4490576697174
655.0   877.1653838127236
656.0   870.2351762032197
657.0   877.1882538536158
658.0   867.4644022191396
659.0   865.9626469450038
660.0   865.2310917522267
661.0   861.5286322259287
662.0   863.3791168143471
663.0   861.4995657661402
664.0   873.6144703033451
665.0   903.426337997249
666.0   883.8846772335459
667.0   887.8108280293479
668.0   874.071945428744
669.0   888.871721717724
670.0   931.0926389341544
671.0   947.8977453090981
672.0   962.2670502434553
673.0   950.2179059788158
674.0   965.6966544024417
675.0   996.2380696375601
676.0   994.1938311538723
677.0   1026.351717990841
678.0   1040.0244189198227
679.0   1061.6075747923746
680.0   1090.3246577693699
681.0   1109.059201445089
682.0   1139.8545241620175
683.0   1161.362131440209
684.0   1176.9196862057763
685.0   1211.0013859324379
686.0   1234.9836048377597
687.0   1266.6142130165756
688.0   1274.2537932978737
689.0   1303.3120450817346
690.0   1334.6508064549262
691.0   1349.251504507834
692.0   1391.7050446694816
693.0   1429.5618933054093
694.0   1426.8247256037082
695.0   1446.8405095238313
696.0   1448.996170757438
697.0   1428.7811606132127
698.0   1491.432342603068
699.0   1516.3566661324298
700.0   1501.2589310790984
701.0   1469.0517499060709
702.0   1503.5155057293073
703.0   1487.0415189302041
704.0   1503.4998869694177
705.0   1504.794107848234
706.0   1497.193976537212
707.0   1493.7381343133443
708.0   1481.3951781558424
709.0   1464.648712614005
710.0   1440.505399933042
711.0   1425.6360816317733
712.0   1413.1614678276237
713.0   1392.8959114001634
714.0   1380.1305584121767
715.0   1374.207983628432
716.0   1351.5912382564873
717.0   1370.047265617837
718.0   1328.465106724419
719.0   1338.4818556200178
720.0   1306.8489483634748
721.0   1296.0838695377486
722.0   1309.477761476113
723.0   1300.8018192127267
724.0   1298.3735028610176
725.0   1263.2277730784413
726.0   1260.0233750142675
727.0   1249.105017256604
728.0   1238.674844301191
729.0   1268.065128709071
730.0   1200.045759183414
731.0   1211.7632759846406
732.0   1252.9048519561402
733.0   1253.4242917481877
734.0   1238.7455568564621
735.0   1217.6040888998928
736.0   1183.6237740779002
737.0   1185.842786773485
738.0   1211.0946557594891
739.0   1181.6737728715739
740.0   1245.0550963746869
741.0   1203.24148320134
742.0   1228.1988783690351
743.0   1192.4743952197705
744.0   1193.5757453399126
745.0   1158.799902016041
746.0   1153.032563054266
747.0   1168.4746663457183
748.0   1174.6078709286514
749.0   1175.6119349639396
750.0   1225.4488960965598
751.0   1249.6547280257555
752.0   1299.2647907502155
753.0   1336.5410489194237
754.0   1396.8581514934237
755.0   1465.7266077590448
756.0   1527.3063140268175
757.0   1580.0954814783236
758.0   1672.7529419217976
759.0   1692.8570733277825
760.0   1753.0356543599557
761.0   1822.51948628241
762.0   1873.879689750909
763.0   1943.0474818727491
764.0   1979.6000285317577
765.0   2023.4726383720674
766.0   2073.2361451741726
767.0   2075.8906370236355
768.0   2164.205556710149
769.0   2126.1607245122054
770.0   2174.131913697856
771.0   2165.1771102600196
772.0   2173.4594018842454
773.0   2123.607071147184
774.0   2152.017924803545
775.0   2104.766189748227
776.0   2105.0774187711013
777.0   2117.389403930936
778.0   2107.8695065904235
779.0   2048.280795871403
780.0   2045.5261521961206
781.0   2002.3768351575322
782.0   1966.285832605439
783.0   1931.9946718941267
784.0   1898.8907386225633
785.0   1856.045503877043
786.0   1821.7003782579702
787.0   1790.2561876203795
788.0   1755.7959181830938
789.0   1721.367931524976
790.0   1681.2077265002995
791.0   1639.7453588694534
792.0   1619.7335540796532
793.0   1564.3635752072128
794.0   1522.1234650172344
795.0   1494.1092367102974
796.0   1462.2671361860446
797.0   1481.5984177729777
798.0   1395.8748386902328
799.0   1335.6425580681682
800.0   1316.904778586678
