500.0   331.51277434348196
501.0   328.36488703770203
502.0   326.65461881778185
503.0   321.78014085359894
504.0   322.5750337845652
505.0   314.14504141131806
506.0   304.1175697305028
507.0   301.2590576394973
508.0   290.45654651616996
509.0   286.76847926277594
510.0   272.1562489613634
511.0   273.83520040735596
512.0   269.3873845668687
513.0   270.1448157681367
514.0   251.47515398245778
515.0   251.90287396243286
516.0   266.67567239527943
517.0   265.7317957000629
518.0   261.9299975098718
519.0   266.8557630387138
520.0   255.42766831877913
521.0   268.1145879207543
522.0   273.6641914414082
523.0   269.5569652083824
524.0   273.2343905988564
525.0   285.5397666593205
526.0   293.3198956108854
527.0   306.3447188720851
528.0   320.9893753901032
529.0   329.3180866955719
530.0   340.8946376958067
531.0   360.29855482057576
532.0   368.1149918349133
533.0   378.1803862604289
534.0   394.53796510805284
535.0   407.8834795992134
536.0   418.94830267472406
537.0   437.46554617491563
538.0   452.41120883808924
539.0   463.1728908349089
540.0   460.67163912089757
541.0   467.5690062689007
542.0   464.8078063096279
543.0   466.1434758345972
544.0   463.9857385328969
545.0   455.14008014217995
546.0   441.1030401058987
547.0   433.3363865581856
548.0   420.8232339170126
549.0   413.19088677730633
550.0   399.85956480712105
551.0   381.0720136926718
552.0   390.71525480073046
553.0   369.38383926365566
554.0   361.6802855590497
555.0   357.0784154785964
556.0   352.3317389701381
557.0   348.12252901246205
558.0   348.1395966638655
559.0   335.9388709065337
560.0   343.84856537270394
561.0   344.49997167204583
562.0   330.1110342634036
563.0   331.90506997704256
564.0   345.7807814161496
565.0   331.8964288393573
566.0   363.05948286462416
567.0   364.47820784190225
568.0   358.49079569328217
569.0   372.81309821001014
570.0   390.6208282088011
571.0   393.25294817824306
572.0   390.97156931668053
573.0   405.07747152245884
574.0   412.2263788563113
575.0   433.65810806172374
576.0   444.68217190505953
577.0   452.9892919208329
578.0   469.73061700075317
579.0   484.584023789668
580.0   501.85893944110705
581.0   514.4882532156746
582.0   523.8419283010961
583.0   542.4160271189244
584.0   546.7981742072902
585.0   562.1839172356747
586.0   575.9442247292475
587.0   576.0339306868748
588.0   579.980179574699
589.0   586.4216593191063
590.0   579.8868669284295
591.0   585.9771754250651
592.0   572.2241885118909
593.0   568.5787645357353
594.0   561.8402276953877
595.0   555.973753493302
596.0   545.2802423476676
597.0   528.8909037215973
598.0   525.0763587659418
599.0   517.0962299403886
600.0   500.27078866527404
601.0   493.9280353363569
602.0   478.58812761704763
603.0   493.88496761013465
604.0   478.3130187584778
605.0   472.83938794800554
606.0   485.09470965732936
607.0   472.7432005139942
608.0   476.1746425149204
609.0   446.65708083393815
610.0   462.37193016302626
611.0   459.4574410947782
612.0   474.59954955204
613.0   451.2907484690314
614.0   443.75511260113456
615.0   447.19338040498496
616.0   456.1254046979147
617.0   460.08211674156667
618.0   453.1472133110568
619.0   457.32892563114467
620.0   466.0819835349703
621.0   492.8681541080532
622.0   488.8921325268572
623.0   514.3360495608931
624.0   529.6344990545377
625.0   546.8350179558203
626.0   572.6618579118245
627.0   587.7311241011508
628.0   603.7087718865796
629.0   624.7579719222052
630.0   641.1296785427653
631.0   663.012786009816
632.0   676.4682849004524
633.0   694.5483193474427
634.0   703.3377904573505
635.0   729.1747872265222
636.0   743.9817389896501
637.0   752.7230918344594
638.0   753.2363623277004
639.0   784.2376056406138
640.0   783.5535372409602
641.0   787.3490655475771
642.0   786.3967623060605
643.0   787.5233304060264
644.0   788.0610066777593
645.0   784.7897483803274
646.0   786.5265140550894
647.0   777.5841030479817
648.0   781.2645677813979
649.0   769.1184116318909
650.0   756.0131219465782
651.0   755.1703101492044
652.0   750.8169864462602
653.0   748.4040748016168
654.0   739.0773193420584
655.0   728.2616268784076
656.0   724.3473471696966
657.0   735.5332332690864
658.0   723.8949346473242
659.0   722.1372056406904
660.0   722.3368376081521
661.0   716.1293661756224
662.0   724.756486498293
663.0   721.2461663826865
664.0   730.4841357310552
665.0   752.7036336908855
666.0   736.5920149315612
667.0   740.0615454959634
668.0   740.4868781238946
669.0   748.8364620876574
670.0   775.0225970781744
671.0   789.1781176787481
672.0   806.4376949671039
673.0   800.3732459165367
674.0   807.861865496124
675.0   835.0460401303167
676.0   829.5029443496729
677.0   858.0308524031274
678.0   868.7688836206629
679.0   890.2374836604054
680.0   906.3450024312374
681.0   926.6998368019819
682.0   954.371786566024
683.0   971.0681489328264
684.0   992.6131861821608
685.0   1019.498412940486
686.0   1040.2443862810815
687.0   1056.5005769806874
688.0   1066.5989365208945
689.0   1093.3368221417825
690.0   1127.0965715852665
691.0   1134.0258107920836
692.0   1174.8555334797184
693.0   1206.0075569183275
694.0   1202.6794378328177
695.0   1220.5771899810743
696.0   1216.4963926678433
697.0   1204.0718144599134
698.0   1261.9071855801617
699.0   1278.9522935534474
700.0   1259.506646752614
701.0   1234.360244228252
702.0   1270.528521128107
703.0   1250.3383810306527
704.0   1255.3048611007434
705.0   1272.0413669547033
706.0   1264.357784695527
707.0   1264.4836399216433
708.0   1251.988349477166
709.0   1231.2098757992003
710.0   1217.5416641936893
711.0   1206.7638385697144
712.0   1187.1805787689216
713.0   1180.9540403208316
714.0   1165.5117418263037
715.0   1155.0674202314585
716.0   1149.1067549853215
717.0   1153.3935232988258
718.0   1119.0080417580937
719.0   1131.8332203380635
720.0   1105.398456188575
721.0   1096.2320433743148
722.0   1104.525344506745
723.0   1092.8675506050495
724.0   1094.3288137980107
725.0   1067.0714634954356
726.0   1061.3022878874299
727.0   1065.1036450244617
728.0   1053.7605839384996
729.0   1068.6545133241411
730.0   1009.6242661811336
731.0   1030.8664149413103
732.0   1058.578289248687
733.0   1058.6064983500435
734.0   1043.9159638801013
735.0   1037.8607345109872
736.0   1001.2326944485163
737.0   1007.7345920440506
738.0   1024.1773379406648
739.0   1000.1289648668896
740.0   1056.7391395011123
741.0   1031.2544727579286
742.0   1044.5082778294754
743.0   1013.4904760684001
744.0   1015.1805373160119
745.0   988.2844826745004
746.0   986.8101098506029
747.0   996.7556625878839
748.0   998.9760088326269
749.0   996.5555204741886
750.0   1040.0613817586172
751.0   1056.9648554643638
752.0   1103.565478998213
753.0   1135.5980951722602
754.0   1183.3378119067697
755.0   1239.214682705294
756.0   1282.8159741021686
757.0   1339.2234261126694
758.0   1417.0781699036365
759.0   1428.9397129539025
760.0   1486.0060945042828
761.0   1549.2361914283847
762.0   1597.9164738321172
763.0   1654.0257116177088
764.0   1692.1441514269397
765.0   1726.6331414203332
766.0   1766.9748884896578
767.0   1765.5715450403081
768.0   1854.3113951691937
769.0   1817.6687418303375
770.0   1860.910701758195
771.0   1856.2951895678725
772.0   1857.7953805236627
773.0   1821.0704556004305
774.0   1838.6464241244405
775.0   1808.4969196923776
776.0   1803.1578697281682
777.0   1822.0781100734068
778.0   1806.2929119102598
779.0   1759.160530032976
780.0   1748.048260088186
781.0   1713.9668231667645
782.0   1690.3236655260523
783.0   1660.5142767967038
784.0   1630.320903728981
785.0   1600.5951982988165
786.0   1558.0743442790929
787.0   1529.493008567377
788.0   1503.813845851655
789.0   1465.5166556562144
790.0   1443.7464142281638
791.0   1395.5215465768324
792.0   1378.0077407617882
793.0   1335.9007823917677
794.0   1299.5997486831445
795.0   1280.7405655223001
796.0   1255.6372716110184
797.0   1266.0837374792002
798.0   1194.3792255022777
799.0   1142.0618722428542
800.0   1139.3435394697872
