500.0   250.8941180307675
501.0   249.48633492695078
502.0   252.55819213413628
503.0   248.07181356118045
504.0   247.68453624512412
505.0   242.2687966128167
506.0   231.7600486507202
507.0   232.97617789130942
508.0   224.4227354285531
509.0   221.52833423964756
510.0   210.7573320658087
511.0   211.7199342319573
512.0   211.2135085961767
513.0   208.99831589684155
514.0   190.22291283701028
515.0   195.6247001284679
516.0   204.38714812525916
517.0   207.0382075953501
518.0   206.10894935572693
519.0   203.73421771984303
520.0   201.51779942894507
521.0   205.58848564946786
522.0   215.17630617250833
523.0   208.13813446988715
524.0   209.24314147122843
525.0   221.59156753091798
526.0   227.2593830789668
527.0   236.55169242364636
528.0   246.82424981943512
529.0   259.67367537287726
530.0   265.27192467197
531.0   279.5334761942373
532.0   290.116586173816
533.0   297.04438536044245
534.0   306.7023575482824
535.0   320.88532421842774
536.0   327.1399827147433
537.0   344.0676347358909
538.0   353.22158056574597
539.0   365.35791869001093
540.0   363.40387030016973
541.0   363.9377509919483
542.0   360.17574428318125
543.0   359.5000783419632
544.0   360.7949536758887
545.0   355.5862054563071
546.0   345.0728229429121
547.0   341.89033121569696
548.0   324.0615413697913
549.0   321.74235825212963
550.0   312.7438023452223
551.0   296.25563045553986
552.0   310.33459979865086
553.0   290.02465041019263
554.0   280.8297796286743
555.0   279.5442480882152
556.0   277.11941298613425
557.0   271.77114078054893
558.0   276.6796138019681
559.0   261.5465802696665
560.0   267.6755602277109
561.0   269.25904734985966
562.0   257.9128563060241
563.0   259.6639438945006
564.0   270.04911536088866
565.0   261.7392061103324
566.0   283.44332871486324
567.0   286.4127110910273
568.0   284.19278682163196
569.0   293.22568187272043
570.0   309.61946710334064
571.0   304.9411855057017
572.0   311.9521523465004
573.0   318.05419954348605
574.0   324.1936436326279
575.0   342.8176396692679
576.0   346.569546787339
577.0   358.22283248453255
578.0   367.56322137941555
579.0   386.75599162413937
580.0   401.1411121311203
581.0   409.4789902331841
582.0   413.52947000147606
583.0   426.0503524671617
584.0   434.7381984555841
585.0   444.47751188605184
586.0   449.65304757681594
587.0   456.17443431837086
588.0   456.623937910412
589.0   465.35390104074486
590.0   454.42974469077035
591.0   457.4195347640822
592.0   450.78672211710636
593.0   450.4771622545579
594.0   443.1449374639194
595.0   439.9503590303951
596.0   432.6761778004517
597.0   415.72829640735006
598.0   417.67649582903925
599.0   410.5775347675148
600.0   393.2321260057098
601.0   390.70226756584174
602.0   381.8111059609426
603.0   394.3108474012518
604.0   380.0433222865702
605.0   372.48622325149086
606.0   385.40910354004546
607.0   372.1807051959896
608.0   379.10666708634756
609.0   352.6017440598275
610.0   365.95942537334736
611.0   369.46496702833934
612.0   379.2780299633919
613.0   359.88580100945376
614.0   348.11068505218486
615.0   355.152727709386
616.0   358.4004980981985
617.0   365.9854781114293
618.0   358.8000105896873
619.0   360.295698665116
620.0   374.64958875305024
621.0   391.9093411202293
622.0   391.3122740786035
623.0   410.0418039913537
624.0   423.20964017757206
625.0   434.2357980104573
626.0   455.1627429874072
627.0   467.90606841500426
628.0   481.6478945875502
629.0   493.4417325359924
630.0   510.42201656936237
631.0   525.3790852792924
632.0   538.9762794031682
633.0   554.5643444844562
634.0   557.0026425753645
635.0   578.9112246981769
636.0   592.4106656232916
637.0   599.4842993416191
638.0   595.1853066815487
639.0   623.3811823219401
640.0   625.3789097246862
641.0   621.5911854173052
642.0   626.2131749474877
643.0   629.7294303329865
644.0   624.0711502091502
645.0   625.6457855329659
646.0   631.7891141084192
647.0   617.7575440214401
648.0   615.2947426835269
649.0   606.5475222693626
650.0   602.3731860236343
651.0   598.3091803438369
652.0   600.0509259477249
653.0   594.277456961069
654.0   588.1447131433167
655.0   579.4560567314682
656.0   579.9945165309955
657.0   587.1079835471055
658.0   578.5304331739521
659.0   577.1403762524253
660.0   576.8034410715728
661.0   570.4646695338718
662.0   577.1023836406389
663.0   576.4352925953117
664.0   580.9352822339429
665.0   600.1246051412693
666.0   584.2101615232058
667.0   592.5465062274625
668.0   591.189843678287
669.0   600.9361999715803
670.0   623.6149602251912
671.0   633.097368860452
672.0   652.58499103177
673.0   638.9050967917874
674.0   645.8931076946567
675.0   669.0336553422705
676.0   665.1855696831968
677.0   692.1317572630517
678.0   695.0228590019715
679.0   713.2321973056958
680.0   727.0253993427798
681.0   742.1460936937686
682.0   764.8267187558665
683.0   772.2329469913102
684.0   791.2064693872246
685.0   810.0589850536394
686.0   833.3536400712704
687.0   852.7721665082156
688.0   858.2418605343072
689.0   874.6285398384371
690.0   903.4220028377058
691.0   912.1391781492408
692.0   939.6623333783201
693.0   962.2735995297016
694.0   960.5422142949521
695.0   981.9830481892151
696.0   978.3622662923053
697.0   964.6954403431723
698.0   1011.0300736277617
699.0   1024.3660396551672
700.0   1019.0298892918593
701.0   985.7235440727572
702.0   1017.16504396548
703.0   1005.5867658461424
704.0   1011.1755127395033
705.0   1016.7675317230954
706.0   1010.7905256476499
707.0   1011.8357260711783
708.0   998.3124169645243
709.0   991.3807360865552
710.0   974.7109868871121
711.0   964.6155526747041
712.0   955.7967630446493
713.0   941.9800835616904
714.0   936.0680044514929
715.0   932.612005279713
716.0   918.6176124380864
717.0   921.7717205913295
718.0   892.6884101481256
719.0   910.1201531605761
720.0   889.6357294006076
721.0   871.940786817522
722.0   887.6994116328133
723.0   878.0377248773923
724.0   882.7406568753322
725.0   855.0393423060068
726.0   856.000236984777
727.0   857.9115939577282
728.0   846.7968689462474
729.0   858.4029528448351
730.0   821.891783986342
731.0   826.1663697496194
732.0   850.5781144473871
733.0   849.6240224388512
734.0   846.9841048484923
735.0   835.3026985613955
736.0   805.3596209385064
737.0   813.4447045234873
738.0   821.3530030696614
739.0   807.1716256330858
740.0   851.1131503695285
741.0   828.3670057041918
742.0   840.6134289858401
743.0   820.1032616959109
744.0   824.0164517593707
745.0   802.5139807020548
746.0   795.3062536092309
747.0   806.9418884325574
748.0   805.3054712100896
749.0   801.3590218223136
750.0   836.8742346852961
751.0   851.7876196865203
752.0   883.7206620627816
753.0   903.5599530679661
754.0   946.4267855346877
755.0   993.350496246451
756.0   1034.028915646289
757.0   1071.8899609716102
758.0   1131.9561191596363
759.0   1149.1272784473574
760.0   1183.2283648871141
761.0   1249.2920642742697
762.0   1280.8316880653565
763.0   1330.0414928750665
764.0   1359.1776962217355
765.0   1387.3596318218626
766.0   1427.8655348841316
767.0   1423.0057979479404
768.0   1487.4430914841132
769.0   1459.5469876845937
770.0   1506.1742398541776
771.0   1499.2828002211413
772.0   1493.9515615963458
773.0   1469.2553725671503
774.0   1482.6698281482322
775.0   1455.512258542034
776.0   1457.77026393737
777.0   1464.043008595183
778.0   1459.6240782187315
779.0   1411.2033273877082
780.0   1410.7569622846015
781.0   1382.6302368938075
782.0   1365.1013811496014
783.0   1342.8150233892748
784.0   1309.923274298533
785.0   1276.4919933916592
786.0   1248.5584640165514
787.0   1227.5266150384666
788.0   1203.004913042241
789.0   1183.1257429254201
790.0   1160.0269731064218
791.0   1122.7378460677016
792.0   1108.9993173352716
793.0   1076.09972967257
794.0   1046.893943276626
795.0   1029.5166615628868
796.0   1002.7499689025454
797.0   1018.3162311833555
798.0   958.877069281721
799.0   918.9579209417536
800.0   909.9807076708324
