500.0   184.22973664981694
501.0   178.46994263077718
502.0   183.8978121025691
503.0   176.989461625782
504.0   180.16417610339718
505.0   175.3256859011284
506.0   166.58580306003626
507.0   168.06342328505485
508.0   165.35661598363714
509.0   159.90353095388815
510.0   151.22050853482202
511.0   153.33583129961156
512.0   151.09212569799448
513.0   149.25931854003935
514.0   137.98262974489646
515.0   139.89386197567126
516.0   147.83388790004489
517.0   147.77467115481122
518.0   148.47683914211913
519.0   146.4099098732514
520.0   144.54493353609922
521.0   150.31922299326496
522.0   153.7853151137534
523.0   151.55128046831388
524.0   154.46911582192436
525.0   162.87307598188016
526.0   163.46545592934623
527.0   169.87652891171766
528.0   181.7575046398602
529.0   189.09885881829155
530.0   192.38472893788605
531.0   204.78893549198344
532.0   209.59547212463025
533.0   215.67732556149645
534.0   226.42616527981926
535.0   234.69836545553048
536.0   239.33076935695533
537.0   252.35587304924016
538.0   260.2045401507287
539.0   267.43502228044025
540.0   265.2661420071835
541.0   269.4085730364773
542.0   261.6804989154944
543.0   265.47204920434376
544.0   264.3305578476046
545.0   261.2944039056814
546.0   253.0347025543754
547.0   249.5391291296559
548.0   240.59828106526754
549.0   237.4782130632979
550.0   229.81500247489979
551.0   221.099568263287
552.0   226.87278794392736
553.0   214.52791551981298
554.0   206.68900904100286
555.0   207.14687750589147
556.0   200.76401940197297
557.0   203.6196210383448
558.0   201.39356129880676
559.0   188.61587002409945
560.0   200.517252178881
561.0   202.33408457035438
562.0   188.05681232676363
563.0   191.85855846838092
564.0   195.70463465953966
565.0   194.34717657716124
566.0   205.86936326211537
567.0   212.94781125998588
568.0   208.79742417928213
569.0   214.1269674821494
570.0   229.9616215561202
571.0   225.9059487652508
572.0   231.81350051794684
573.0   235.53835866977994
574.0   241.40019841509326
575.0   251.87925253557623
576.0   258.03381271350554
577.0   263.7012671699525
578.0   272.22604516713074
579.0   288.0919936256345
580.0   295.0178905798683
581.0   302.93574988264794
582.0   304.1964429207709
583.0   317.49959062908056
584.0   322.4801147869438
585.0   332.1043301660177
586.0   334.32071042711954
587.0   335.4206978144686
588.0   336.43569489613776
589.0   343.4716611875082
590.0   337.5626651785059
591.0   339.95874815983234
592.0   332.4630052980202
593.0   336.9048804947521
594.0   328.1710404165626
595.0   324.9600835411872
596.0   314.82666687799644
597.0   303.90771725847515
598.0   307.92527349246745
599.0   300.33888576099463
600.0   291.5159015598829
601.0   290.8349427123694
602.0   281.20375924369773
603.0   291.0238364717235
604.0   283.0567112107801
605.0   278.37642544726054
606.0   285.55416416028015
607.0   282.4606624105537
608.0   281.6938524673601
609.0   263.4950092795409
610.0   273.35148515573013
611.0   271.0566794508721
612.0   281.11137714060317
613.0   266.48302214674993
614.0   262.6139257900891
615.0   264.5597318240442
616.0   268.3121760503431
617.0   276.7631398848131
618.0   267.0704978342436
619.0   270.52798548211524
620.0   278.509010720113
621.0   295.83233454392973
622.0   291.3500345739739
623.0   305.7601104335412
624.0   317.04960490290586
625.0   324.42128470182286
626.0   345.1021541151482
627.0   347.63756379634606
628.0   359.06306503936963
629.0   364.7797678238518
630.0   382.3036262151209
631.0   385.9285215104878
632.0   404.2847934321368
633.0   412.1233562787206
634.0   417.5071153527383
635.0   432.18957839370137
636.0   444.1846277311263
637.0   448.1984074772448
638.0   443.15317552832585
639.0   466.0220889794053
640.0   467.6293802116336
641.0   464.06672835061795
642.0   468.20043196275884
643.0   465.11194499411727
644.0   460.94238524538184
645.0   468.9650583501089
646.0   464.0640969929173
647.0   460.03465347338124
648.0   463.25358794548515
649.0   451.7139468306431
650.0   450.0006921282654
651.0   444.9474964674821
652.0   446.5980634232781
653.0   445.0332635192837
654.0   439.9508176544701
655.0   432.692285520037
656.0   432.6181322438574
657.0   439.4370823973941
658.0   431.4055188443625
659.0   429.930551245199
660.0   429.2101961468769
661.0   422.909564321953
662.0   431.72537151502934
663.0   430.5528938916816
664.0   434.64811921772656
665.0   449.28572356653893
666.0   437.49507101989195
667.0   442.08984173880157
668.0   438.80269870033703
669.0   448.2488304639443
670.0   460.3568585325999
671.0   467.9178298919798
672.0   480.78621155897264
673.0   476.2580874255559
674.0   483.2944405815401
675.0   501.9657094644602
676.0   498.5088600440997
677.0   515.2544334008477
678.0   521.7022315522211
679.0   528.457824644214
680.0   543.3609920636188
681.0   556.1157309347835
682.0   569.2947082502376
683.0   575.7676454875677
684.0   595.2076575144988
685.0   607.0944801364344
686.0   618.2469538642479
687.0   634.1198951761321
688.0   638.0864313443682
689.0   655.1330850229044
690.0   675.2653753357179
691.0   680.4271806190183
692.0   699.7177009848824
693.0   721.4815620887739
694.0   718.1101622689409
695.0   727.9396154366228
696.0   731.1810890815859
697.0   717.5835739726383
698.0   755.8363897747212
699.0   768.1810741664713
700.0   752.36204356723
701.0   736.9852550225744
702.0   758.158768102564
703.0   746.334917004364
704.0   755.2024583276857
705.0   761.1552778454471
706.0   754.2599646782555
707.0   750.490782994984
708.0   746.4144619034114
709.0   744.5301673447902
710.0   724.839431069506
711.0   717.5022716056224
712.0   711.680099269639
713.0   705.0028345775951
714.0   694.3666169043856
715.0   690.9986622403533
716.0   682.7646098163958
717.0   689.5929709380966
718.0   666.5100162101076
719.0   672.7112504295548
720.0   661.0168343551769
721.0   652.4681489344839
722.0   665.9004245804131
723.0   656.0485638154196
724.0   658.9263909750681
725.0   638.2831854373937
726.0   643.071593420195
727.0   632.9058241620435
728.0   628.5796831243053
729.0   645.8895727427151
730.0   608.955511556637
731.0   617.5178384889501
732.0   635.8691838957785
733.0   638.5685063344918
734.0   625.9860113546349
735.0   628.2885490435864
736.0   608.4806176682918
737.0   608.3114351404477
738.0   617.1981548893956
739.0   602.5371268598083
740.0   634.4696569767669
741.0   622.0323133629743
742.0   629.8856737307904
743.0   608.6729226493512
744.0   607.5278293688252
745.0   598.8786855413125
746.0   592.8789729710584
747.0   603.6364303912354
748.0   605.466676029435
749.0   599.9642202989372
750.0   627.8154606096913
751.0   632.6988363414617
752.0   658.8216541090064
753.0   676.0335575425813
754.0   705.8173678720361
755.0   738.6228544654762
756.0   766.8774677453289
757.0   797.9291663133743
758.0   839.2448837619833
759.0   850.6226243697165
760.0   885.3582683596848
761.0   926.2445554791838
762.0   952.9018911221781
763.0   990.5079600197795
764.0   1018.4158078599503
765.0   1043.5039222023931
766.0   1060.9872843180556
767.0   1066.7885148018422
768.0   1112.916012490646
769.0   1091.98693921493
770.0   1120.7957353879224
771.0   1115.662291039022
772.0   1124.573670966489
773.0   1094.1455318166113
774.0   1107.2162926987828
775.0   1086.2553985780535
776.0   1080.8723591819532
777.0   1096.7083144616597
778.0   1088.4530212496143
779.0   1057.7812722933463
780.0   1054.1250764283004
781.0   1028.1654437481816
782.0   1015.61520507014
783.0   993.7056743986523
784.0   976.2864872605221
785.0   963.9150858435944
786.0   934.1263601301512
787.0   925.047360070806
788.0   897.9824975562826
789.0   880.6024965433719
790.0   872.3722543904505
791.0   844.5224561905037
792.0   830.2848511560657
793.0   804.7460537571774
794.0   780.2278933599446
795.0   762.6094169903151
796.0   748.1183330704988
797.0   753.7457243210802
798.0   717.1388624704789
799.0   686.917062628497
800.0   679.3024645424376
