500.0   125.31458622821216
501.0   122.90214103823072
502.0   122.76338524749775
503.0   120.93746264395415
504.0   118.03911867955108
505.0   117.79592425401256
506.0   107.05010696740493
507.0   112.8577711032475
508.0   112.8600966167507
509.0   109.97906323619782
510.0   100.7775803069475
511.0   104.1329369657744
512.0   99.90655838023972
513.0   102.20699774294528
514.0   91.6561911378918
515.0   92.59699187393772
516.0   100.22562394368651
517.0   98.9136757720506
518.0   99.28616866608226
519.0   98.34152586138319
520.0   98.49644747717463
521.0   102.33468165004362
522.0   107.51204888057893
523.0   103.24113313747304
524.0   104.98884335866674
525.0   108.3913297675341
526.0   111.48460879143377
527.0   117.32536164542537
528.0   122.53755838345569
529.0   129.5808527426011
530.0   130.24817935187235
531.0   137.76657797782744
532.0   143.71612192387573
533.0   147.90579083345096
534.0   153.86363768658794
535.0   158.95731812847603
536.0   161.55960166847086
537.0   170.50731724963023
538.0   176.76616688962994
539.0   183.18172441575297
540.0   180.17690497218004
541.0   184.04802861145293
542.0   179.07750303853015
543.0   177.21555381728157
544.0   179.16620966081192
545.0   177.69313594945243
546.0   175.4262950406269
547.0   168.9661438419615
548.0   163.2663549009264
549.0   161.90118278567482
550.0   158.22420784919055
551.0   149.86543821453526
552.0   155.19868237763913
553.0   148.18275171782315
554.0   140.10919278855698
555.0   141.59380994381613
556.0   138.7751981919754
557.0   137.10374159527515
558.0   135.03095775762083
559.0   128.5524398218923
560.0   135.15132344426945
561.0   136.80666652350942
562.0   130.96002990409784
563.0   130.84120191698355
564.0   132.97968879838245
565.0   127.84384935060183
566.0   142.94492501964947
567.0   145.57859749312962
568.0   143.1971197871336
569.0   149.0931866358894
570.0   157.04398928007575
571.0   153.4571970074856
572.0   158.723196344262
573.0   162.35193828751778
574.0   164.4049423023112
575.0   174.73131533853356
576.0   181.3043366466689
577.0   181.97753272946323
578.0   183.2705990223422
579.0   199.05593951377736
580.0   208.41646745134366
581.0   208.89383011643605
582.0   209.80547844009826
583.0   217.9949622576809
584.0   222.8133015418727
585.0   226.1727299401583
586.0   229.94214589834905
587.0   233.32368837362748
588.0   235.17716093920407
589.0   240.70501365261202
590.0   235.02648125191
591.0   236.3001884104962
592.0   233.10506503408513
593.0   232.65258703151144
594.0   225.33372545055906
595.0   225.0525178591392
596.0   218.39690843889687
597.0   211.30048073891524
598.0   214.32977008895276
599.0   207.74655077612755
600.0   201.7451403986391
601.0   199.12342326547838
602.0   193.54659384185055
603.0   203.44068884113534
604.0   193.19357254038167
605.0   191.38669380681156
606.0   201.23356110335885
607.0   191.29052358892991
608.0   192.6876939170145
609.0   177.5373158031791
610.0   189.31033734799814
611.0   188.85764422387695
612.0   194.764753356513
613.0   182.60362953183935
614.0   182.7096724924969
615.0   187.60143040752698
616.0   187.95039210734888
617.0   187.26360233515666
618.0   182.62874975815382
619.0   187.15706678025387
620.0   193.33831987346608
621.0   204.03390757130435
622.0   200.922009267968
623.0   212.6359688584978
624.0   223.1073610890159
625.0   228.88176869476888
626.0   237.6352919551085
627.0   240.4582577721154
628.0   246.66206051533663
629.0   257.4125629900294
630.0   267.5100376637483
631.0   267.7510195584382
632.0   278.33935804767236
633.0   283.65715997383336
634.0   286.05158175601434
635.0   298.4049146180953
636.0   303.776726729756
637.0   308.80645055502544
638.0   306.0156875080246
639.0   324.98132513781974
640.0   323.1687618108872
641.0   320.4885556548576
642.0   323.2266699243474
643.0   324.1974024994803
644.0   323.3550538482241
645.0   323.1908944482331
646.0   323.49968424235595
647.0   315.0768947432658
648.0   321.0981983547771
649.0   309.32717506378395
650.0   313.40633029445917
651.0   312.08379365226654
652.0   309.69980622275085
653.0   308.6721325208373
654.0   304.62997790505665
655.0   304.5248077159834
656.0   302.61134057113725
657.0   308.923728397573
658.0   300.3036240208843
659.0   299.11648730149614
660.0   298.20842016192114
661.0   293.26422689657784
662.0   300.61950165452276
663.0   298.2301767923716
664.0   301.50542100397536
665.0   310.60344016170103
666.0   305.3392979887091
667.0   308.4513488895377
668.0   302.9691487057814
669.0   310.8980417882
670.0   324.6725181332226
671.0   322.426165644229
672.0   337.4987029640262
673.0   333.0350622970767
674.0   339.46887027888084
675.0   350.25782830129714
676.0   341.11632527407335
677.0   360.08312145031425
678.0   360.79602085959834
679.0   367.104795051622
680.0   373.4467202358982
681.0   380.23919416015394
682.0   397.0371536289612
683.0   403.8091027898573
684.0   411.2002406553564
685.0   422.96215420980843
686.0   432.65418638000733
687.0   444.11165758213644
688.0   445.2825236582345
689.0   449.45340369249453
690.0   465.2382327792294
691.0   474.51994043534773
692.0   482.7252529523938
693.0   499.0441381764994
694.0   499.84921242056714
695.0   503.5072881750774
696.0   507.8579743097885
697.0   498.20787253272766
698.0   522.4726303833851
699.0   536.4096131107673
700.0   527.2980503389177
701.0   516.2312513121494
702.0   525.1558662225118
703.0   525.7369326807178
704.0   524.8438052714883
705.0   526.6815740903951
706.0   524.3713920041005
707.0   528.0426129620765
708.0   520.9417894300714
709.0   516.3834855762067
710.0   501.92721207338377
711.0   506.22835746308664
712.0   491.6187713038988
713.0   484.0349984040881
714.0   486.4512542773528
715.0   485.0628922295788
716.0   473.5986337263132
717.0   480.8892327314915
718.0   465.2620315876982
719.0   465.31125216236615
720.0   460.41900932070473
721.0   452.325369805127
722.0   460.6529469159878
723.0   456.3452227674078
724.0   453.45091748307516
725.0   438.12674111640825
726.0   443.5819736643066
727.0   442.90192228165256
728.0   444.7965494015057
729.0   451.01584538533587
730.0   426.3046909531974
731.0   433.1325358735428
732.0   443.460773624622
733.0   441.4424396837258
734.0   436.37736103158477
735.0   435.11821925499066
736.0   426.1434604767113
737.0   421.45083517369073
738.0   425.6117865699787
739.0   419.277451187517
740.0   446.32688372539246
741.0   435.33927261661984
742.0   440.8163316669403
743.0   428.83332330129576
744.0   426.1703885052771
745.0   418.4440704402752
746.0   416.33554631110303
747.0   421.65048870680255
748.0   423.1386362272066
749.0   412.4247418142911
750.0   437.9505754831878
751.0   442.70710433517877
752.0   464.67509458570953
753.0   469.6979949307698
754.0   492.7434654705216
755.0   516.3998324890392
756.0   529.240794713397
757.0   556.3367927387993
758.0   584.1618472405083
759.0   590.4601093639787
760.0   620.1562653074926
761.0   644.6915384952647
762.0   665.6891890834472
763.0   688.4049280579293
764.0   706.3306676188788
765.0   718.7393389812241
766.0   737.0164259769504
767.0   734.6421105917694
768.0   778.4022697728857
769.0   756.5716614276423
770.0   780.8829498909934
771.0   787.6025352123739
772.0   775.2634922924572
773.0   760.0058295213246
774.0   770.1693490542294
775.0   753.5144819369294
776.0   760.0603484656181
777.0   755.9019933211347
778.0   759.0586131404068
779.0   731.5615891735273
780.0   728.5281341785355
781.0   711.8100266816743
782.0   708.4268293863
783.0   696.6931448857854
784.0   684.147646698735
785.0   668.787321897667
786.0   647.3994965651607
787.0   639.1288067309843
788.0   628.9685013824869
789.0   610.296626034903
790.0   600.2821456218062
791.0   585.735856176388
792.0   576.0088291974811
793.0   557.8524702735446
794.0   542.1724271976026
795.0   536.0210197468632
796.0   519.9419843018754
797.0   526.1546336040471
798.0   500.07745029139164
799.0   477.73230232913573
800.0   475.9538304322683
