500.0   79.61986470668816
501.0   71.55796041509862
502.0   75.84812106955843
503.0   77.3656663557463
504.0   73.98046058795816
505.0   75.09150464213195
506.0   68.62404271065293
507.0   69.41158062689783
508.0   70.6349548771056
509.0   71.00284658774518
510.0   63.956027190563276
511.0   64.705953735469
512.0   64.50421081820829
513.0   65.26668981805898
514.0   54.166797173013435
515.0   56.94772750323506
516.0   61.526497104089856
517.0   63.30025256356967
518.0   63.83929851068032
519.0   59.00133612479115
520.0   62.11149994261967
521.0   64.75339864655342
522.0   64.4741880724954
523.0   64.52707703896473
524.0   63.426120390698514
525.0   69.6042000244833
526.0   70.00966501368399
527.0   72.42748000161455
528.0   75.89726728533202
529.0   81.26425781710469
530.0   79.8060261966022
531.0   88.28111706066736
532.0   90.11744619242938
533.0   94.38962696643051
534.0   95.86294710699434
535.0   101.3852179504357
536.0   100.00169750028584
537.0   108.9578529501803
538.0   112.31109820865666
539.0   117.9317709869353
540.0   111.99536715415846
541.0   117.68993066585682
542.0   110.0711267231049
543.0   111.8221614908916
544.0   114.3601245337945
545.0   111.91191895791098
546.0   106.84774006530145
547.0   105.35926456089814
548.0   102.11985062439584
549.0   102.63186649357183
550.0   98.28812537152587
551.0   93.26287206706817
552.0   98.61546386494311
553.0   92.87904331988116
554.0   85.62570643467558
555.0   88.54221664863078
556.0   85.9600375596516
557.0   89.01050805359114
558.0   85.07323561199323
559.0   82.25446966554378
560.0   87.55083204516319
561.0   90.62279331252438
562.0   82.09473129060808
563.0   80.87786239125137
564.0   85.48419107790195
565.0   77.4575113580845
566.0   90.75809710921499
567.0   93.0984212841704
568.0   91.89657875488723
569.0   92.83309672345385
570.0   97.78785671513995
571.0   95.25553063968613
572.0   100.27470713447613
573.0   103.09965816006849
574.0   105.01448984450906
575.0   109.87943585903449
576.0   115.1426388021435
577.0   113.72882482035277
578.0   116.89312368159034
579.0   130.0122138219737
580.0   133.32969071729272
581.0   133.68841832318566
582.0   131.90039707974793
583.0   137.1386610962921
584.0   144.15114265249036
585.0   146.7695803777154
586.0   145.15800576556006
587.0   148.962843052275
588.0   150.98442824635376
589.0   152.347195051183
590.0   148.1431888451075
591.0   150.56349747177867
592.0   145.80910914959148
593.0   145.31734913032855
594.0   145.15251525716965
595.0   143.57161734467059
596.0   137.18858159378576
597.0   131.90778916417506
598.0   134.19859309594997
599.0   131.09102651784207
600.0   128.99441249324494
601.0   127.08911889727005
602.0   123.83996091046527
603.0   131.39859125105403
604.0   125.42314214172276
605.0   122.48220020888354
606.0   127.41509555738588
607.0   120.97092668115053
608.0   123.5082137735325
609.0   109.70895079155494
610.0   119.70066520922063
611.0   121.01254678428421
612.0   126.44665112728464
613.0   118.78158768213356
614.0   119.71037971018148
615.0   120.01635160201513
616.0   117.54862216800603
617.0   118.05195718899134
618.0   118.54982533123857
619.0   116.08516322430549
620.0   123.94638538607941
621.0   134.0295652732984
622.0   130.87383887943446
623.0   137.2563200705066
624.0   141.39955097985637
625.0   145.87889920201718
626.0   152.6918572052825
627.0   156.2112533076004
628.0   160.48845889885268
629.0   160.93717659440998
630.0   174.39320844667247
631.0   173.75948378575524
632.0   177.5351982155989
633.0   186.1228172053122
634.0   180.75601521622013
635.0   192.47559544811375
636.0   198.39982863992591
637.0   199.9145358954784
638.0   196.92328741443
639.0   211.42276462276408
640.0   209.92046774833332
641.0   205.9779418350124
642.0   207.818450809446
643.0   210.99697873789594
644.0   208.25407394277363
645.0   208.03913696993607
646.0   207.45505828014183
647.0   208.5472041791046
648.0   208.88631898663553
649.0   202.38348657532117
650.0   198.30258648652747
651.0   196.5497940132128
652.0   199.28635141329147
653.0   203.86552851702857
654.0   199.0654150814466
655.0   198.19134649838963
656.0   193.18663477087114
657.0   199.7184742915907
658.0   198.99234553347262
659.0   193.16122780582455
660.0   192.39123827290473
661.0   193.0138219595539
662.0   193.0747476500597
663.0   194.56286262063486
664.0   195.3713448727326
665.0   200.30410690869917
666.0   196.58122961888483
667.0   196.79716712423027
668.0   197.53470122947078
669.0   205.26990026685476
670.0   212.38128180245764
671.0   209.21435317477727
672.0   220.86060106705702
673.0   215.7968589637825
674.0   221.4568533007818
675.0   229.58432500959628
676.0   222.97794093298026
677.0   235.31206703350315
678.0   236.4294204551227
679.0   241.41456764613247
680.0   247.42103961040345
681.0   247.81064599138077
682.0   259.2659136387929
683.0   260.2254347376822
684.0   268.1023469639813
685.0   269.48950386994386
686.0   283.35359036115784
687.0   291.84337495246933
688.0   287.84045583064085
689.0   291.16538603499026
690.0   300.0903213141284
691.0   309.02256683957603
692.0   314.3066661348112
693.0   325.2293173490154
694.0   328.90108270233486
695.0   325.57953114997235
696.0   330.92649411925316
697.0   323.48267112253114
698.0   339.49394846250027
699.0   351.75550017912565
700.0   346.05740539391775
701.0   335.23957605165873
702.0   346.7077099236739
703.0   338.0070158548499
704.0   341.1145838153416
705.0   343.15791877219374
706.0   346.3566723609624
707.0   346.8141473138526
708.0   345.7921610305698
709.0   336.4094995961452
710.0   326.3202740511116
711.0   328.8012541605114
712.0   322.66411539395654
713.0   320.0824042123892
714.0   317.56984889382113
715.0   316.93203481432477
716.0   309.2343736773554
717.0   316.754645106904
718.0   304.8409541177998
719.0   306.13387751424364
720.0   303.5586325674303
721.0   297.9050927707832
722.0   302.78403944637097
723.0   296.4294033673435
724.0   296.10875069310407
725.0   288.5637710612011
726.0   290.48121227367255
727.0   288.10555648474826
728.0   289.79811208405465
729.0   296.3685909097894
730.0   282.3167815266425
731.0   283.2946093004009
732.0   292.1660021456096
733.0   288.2881926534655
734.0   285.255745543083
735.0   287.2497735871664
736.0   285.82895534610304
737.0   277.2927307230167
738.0   282.565029051789
739.0   273.67491517939203
740.0   296.47465393807784
741.0   288.75432526753127
742.0   287.1868863671999
743.0   282.04260841352095
744.0   281.0010334956094
745.0   278.18040701982005
746.0   275.8571989749188
747.0   281.4889614985733
748.0   279.65977503110867
749.0   271.66913823157563
750.0   293.5458094369101
751.0   293.98272685106986
752.0   306.95136769689316
753.0   310.42259057421893
754.0   323.9497550626034
755.0   337.6463250539521
756.0   349.41554905395657
757.0   363.0570016366204
758.0   388.0599807054981
759.0   391.0109321488718
760.0   407.63960992905606
761.0   421.24871321404635
762.0   433.6929417767323
763.0   450.39314780696316
764.0   461.19697947308185
765.0   468.7040860832012
766.0   483.20689739187634
767.0   484.566538638192
768.0   506.29088290317225
769.0   495.21740830275064
770.0   512.6395966585944
771.0   513.398120788444
772.0   511.43477573892005
773.0   503.07153905323656
774.0   509.9785873609461
775.0   494.9798827055939
776.0   495.6049233698614
777.0   497.586549963125
778.0   497.21911923099594
779.0   480.27986439853214
780.0   482.3365291840516
781.0   465.75897402281885
782.0   466.3454943873071
783.0   454.66535587208347
784.0   450.31572805236635
785.0   442.3115434115721
786.0   427.39590879178195
787.0   426.32360854120316
788.0   415.4399886361084
789.0   397.74238270203955
790.0   395.83940020679535
791.0   385.11448859255927
792.0   379.17231203438996
793.0   364.26366040812707
794.0   358.1560978122502
795.0   350.4438439917552
796.0   342.9712785319176
797.0   352.8052026090592
798.0   331.6058492015719
799.0   314.4423631599115
800.0   316.3355268036307
