500.0   47.35144609036652
501.0   43.39871137719598
502.0   42.9966571995046
503.0   45.45653988385152
504.0   42.65299392829786
505.0   44.90092773378984
506.0   35.98270258393981
507.0   40.017329882334764
508.0   44.46793673478379
509.0   45.1684423528701
510.0   36.347475449017765
511.0   38.49294661214009
512.0   37.576209003936555
513.0   39.02090015504214
514.0   30.732189482936747
515.0   32.427562835974726
516.0   37.9644988287977
517.0   35.51197111332306
518.0   37.45937439114164
519.0   31.989257837472877
520.0   36.47264906496943
521.0   39.99703871377923
522.0   38.14543558698048
523.0   36.35202286063321
524.0   39.741759154559986
525.0   39.766702767205516
526.0   38.98320583944911
527.0   41.728206397018795
528.0   46.18472108659489
529.0   47.84036373003829
530.0   46.10380036900088
531.0   52.400037431647036
532.0   52.41155315924942
533.0   56.406082153852566
534.0   55.34620862651107
535.0   60.312792065088246
536.0   58.43757629232573
537.0   63.6500289374639
538.0   63.71698214911845
539.0   68.09443217931107
540.0   64.11977749192843
541.0   66.86839783579308
542.0   64.39052920974598
543.0   60.66755761649412
544.0   64.95953720297015
545.0   64.3096973079484
546.0   62.090037544306654
547.0   62.52721351055371
548.0   61.01248010997844
549.0   59.11041890952944
550.0   61.0071563436025
551.0   54.04886284018514
552.0   58.713299155013004
553.0   53.47893930048505
554.0   48.32604238587453
555.0   50.176949455277395
556.0   50.51500467935156
557.0   53.485370518282025
558.0   50.07313463746763
559.0   47.44055386767323
560.0   51.27392830665639
561.0   51.00612555897786
562.0   46.30097848154071
563.0   46.42183349945839
564.0   46.89761271650039
565.0   44.98220472989442
566.0   51.851597417525795
567.0   55.70260419937975
568.0   52.09973283628065
569.0   51.90882080050662
570.0   57.761250617005004
571.0   53.45430423241791
572.0   63.45047520513316
573.0   62.49970292679919
574.0   61.2337536196319
575.0   61.186457221185236
576.0   68.69805207526673
577.0   64.66561682165786
578.0   69.3441547907396
579.0   77.72791064326415
580.0   79.73638837074597
581.0   79.30799468095597
582.0   74.10422307321838
583.0   79.66661239624025
584.0   86.018036590914
585.0   85.81120283742663
586.0   83.96374998746035
587.0   90.55608854546853
588.0   88.09960062387543
589.0   92.28564111749893
590.0   86.08302483991349
591.0   86.65042795066555
592.0   87.01924053699108
593.0   86.74923948836872
594.0   84.30699478160236
595.0   84.89038497478623
596.0   79.60310672526296
597.0   75.43047111475082
598.0   81.67194435725483
599.0   79.82233789995422
600.0   76.30306128034326
601.0   73.83694221434115
602.0   71.35833133345722
603.0   76.91868216804983
604.0   74.55242914256539
605.0   67.88251103313021
606.0   75.57274968271184
607.0   70.50494826867376
608.0   72.44035278351939
609.0   63.491570399805454
610.0   69.18778614736141
611.0   73.66384850615344
612.0   74.82443530364222
613.0   70.4588171589015
614.0   71.93329461555982
615.0   72.799873711446
616.0   71.37390400781885
617.0   71.18694194102395
618.0   70.36696121416801
619.0   66.2337625009923
620.0   76.88653550139716
621.0   78.48095992848712
622.0   77.95998400906609
623.0   79.0396257768096
624.0   85.33041373565936
625.0   91.47325672922534
626.0   94.96028506663978
627.0   93.233187918212
628.0   94.27921270827221
629.0   95.3520744378221
630.0   104.63639352442198
631.0   104.06989997205116
632.0   103.80013619320525
633.0   109.40153601741716
634.0   108.18402322800301
635.0   117.41379259193198
636.0   115.7979828132201
637.0   118.08943549261872
638.0   115.96713570494185
639.0   127.59068075362137
640.0   127.21442852495741
641.0   122.33167671906929
642.0   121.66406915537613
643.0   127.14470202843043
644.0   124.01640923045761
645.0   125.06188011724288
646.0   122.8812843802034
647.0   119.54032060159193
648.0   128.66027800721346
649.0   117.8459319201134
650.0   117.72942046250884
651.0   116.60011682757406
652.0   120.27726762741423
653.0   121.17273472361478
654.0   117.4383728675229
655.0   114.44092706497565
656.0   114.7165070866995
657.0   123.88670806366176
658.0   117.09828214666342
659.0   117.06161387469561
660.0   120.38437927169775
661.0   114.82824599871319
662.0   117.00793048819213
663.0   119.36735437180903
664.0   116.19845053884313
665.0   120.55965176156548
666.0   116.0370698883184
667.0   119.35221044789677
668.0   119.78758456750955
669.0   123.41848317735761
670.0   127.62160500522782
671.0   122.2717434368916
672.0   133.9095896215411
673.0   131.28594415127665
674.0   134.30359675528058
675.0   137.44293129996942
676.0   135.9468677408531
677.0   140.8539123757529
678.0   140.35177601722998
679.0   144.52320402262467
680.0   144.78019771013476
681.0   147.64879982946334
682.0   157.04098469598551
683.0   155.3351582540879
684.0   159.29731336102427
685.0   163.53683911155483
686.0   171.2284864045048
687.0   179.0772398071847
688.0   175.3114869954264
689.0   174.08328825774822
690.0   179.27469425481183
691.0   189.89496334187552
692.0   188.7780816163446
693.0   201.19198010631055
694.0   196.97140816521411
695.0   198.20341381047342
696.0   201.14483645699084
697.0   194.61372126903052
698.0   202.90982145093452
699.0   215.54694623671446
700.0   210.93369939393975
701.0   202.17184562175515
702.0   208.47846415096058
703.0   207.00192838935803
704.0   205.2399626787392
705.0   213.76295990919766
706.0   210.1694276406632
707.0   211.25459155274848
708.0   207.747047351054
709.0   205.11604058621043
710.0   198.36890266314703
711.0   201.0416671497016
712.0   197.18240188960286
713.0   192.58927270720258
714.0   191.27290881071224
715.0   193.38080635767471
716.0   188.07215056970583
717.0   187.69392745562055
718.0   185.99347616403318
719.0   181.58601241283992
720.0   182.65799137391147
721.0   178.6345519378124
722.0   186.34692026457498
723.0   184.5048807505699
724.0   181.18546690129975
725.0   175.304880033315
726.0   178.66991885950765
727.0   177.3011499245881
728.0   175.79429236093537
729.0   184.12840208975874
730.0   176.8065298270365
731.0   174.31027352903814
732.0   178.24803510576507
733.0   178.99864105806216
734.0   173.5231814484122
735.0   175.49356059708794
736.0   177.35037536543396
737.0   171.89715218483298
738.0   174.29508032912727
739.0   169.37345171414847
740.0   181.47891541394316
741.0   177.57192433804843
742.0   176.19814440679042
743.0   172.61581858248388
744.0   174.42889453438232
745.0   169.36409099092805
746.0   168.54053066015527
747.0   171.5163810709789
748.0   174.1488506058935
749.0   163.23499585509327
750.0   178.18257205035792
751.0   176.5372563027186
752.0   188.3460685792417
753.0   190.47660617741943
754.0   197.1914994355389
755.0   205.62455155287654
756.0   212.45676553202713
757.0   224.8603045384089
758.0   237.0024781514064
759.0   239.33114041589883
760.0   246.92466681394123
761.0   260.6123932343703
762.0   264.1974445689912
763.0   275.87804949543886
764.0   286.19438828913354
765.0   284.81709362102026
766.0   296.2925142353507
767.0   295.301326585473
768.0   312.8962666416692
769.0   300.959916260089
770.0   316.38997294367977
771.0   314.2789802814825
772.0   315.8078904212274
773.0   311.3100368302324
774.0   309.47554553430825
775.0   303.99982080319296
776.0   304.5616302417003
777.0   304.9096760437383
778.0   306.6163289971281
779.0   295.087970857183
780.0   295.1492039627345
781.0   286.2328506000381
782.0   284.95258702911246
783.0   282.31448689643173
784.0   276.0108371041131
785.0   276.0797206825399
786.0   258.1622559683865
787.0   262.02846446611363
788.0   258.34219999007547
789.0   242.97163781182007
790.0   246.09268287030773
791.0   240.57985063193584
792.0   235.53302063585804
793.0   226.6748940589464
794.0   219.62846193001874
795.0   218.01824765266417
796.0   210.54028123926227
797.0   215.73171521723754
798.0   207.83432573396252
799.0   193.61417654753365
800.0   193.32441738249062
