500.0   28.169873643370778
501.0   23.23855688474069
502.0   26.730564258785478
503.0   27.500239206844014
504.0   24.634231691697835
505.0   27.63041009852381
506.0   19.099827573252355
507.0   23.561197155362322
508.0   27.38770362440087
509.0   26.021044189044176
510.0   22.103389517202686
511.0   24.56641763807201
512.0   21.5484621272318
513.0   22.86172047998781
514.0   14.455977846051383
515.0   18.327666334527123
516.0   22.011446104663804
517.0   19.620786445277048
518.0   24.232324501271393
519.0   19.14771600089935
520.0   20.415428073154004
521.0   22.740949854047074
522.0   21.39506388132773
523.0   19.472175527420347
524.0   21.541915071113777
525.0   20.40522318040854
526.0   21.15683459030825
527.0   22.628968000646154
528.0   28.735250540856043
529.0   27.34722061366199
530.0   21.835296525273975
531.0   29.214328355155942
532.0   28.52175905614348
533.0   31.1347663644961
534.0   30.177557636804238
535.0   32.30467341317515
536.0   29.290772504162874
537.0   33.93238711522858
538.0   36.84205777715246
539.0   39.28151074364632
540.0   34.412636578310355
541.0   37.6315763873219
542.0   33.7709623964721
543.0   31.340755345217673
544.0   37.17045763121999
545.0   35.96890388667424
546.0   32.91481820995105
547.0   33.323470145999124
548.0   33.29111942834598
549.0   32.05514183888968
550.0   33.59979305711556
551.0   28.567082858141106
552.0   32.42948281155839
553.0   29.958557201095374
554.0   24.896937772802744
555.0   28.187241475582283
556.0   26.55948559835184
557.0   30.077929329206427
558.0   25.93976812937018
559.0   23.611455640930302
560.0   29.52168511191789
561.0   30.220258318293133
562.0   25.317300494575136
563.0   23.57818436432825
564.0   24.745138144526038
565.0   22.789145454980826
566.0   27.651078496823033
567.0   32.08661563216364
568.0   30.897694729448233
569.0   25.51246826028543
570.0   30.737588630025897
571.0   25.30442986185591
572.0   33.211828358662416
573.0   32.16124413372063
574.0   30.941529453212638
575.0   33.4159412237627
576.0   39.95613795725794
577.0   31.908326139469693
578.0   35.228530567853426
579.0   44.56641791335352
580.0   42.18535895017729
581.0   41.366493963126146
582.0   41.70939463016677
583.0   43.50339511140456
584.0   46.06440435031155
585.0   45.01107930813831
586.0   41.15801359775992
587.0   50.153034414274316
588.0   46.82204424313687
589.0   49.61252234520674
590.0   45.732447921936455
591.0   45.60767708366566
592.0   47.32710172325787
593.0   45.93008383040697
594.0   44.84901515961519
595.0   46.87074421796811
596.0   41.652627095192685
597.0   39.49543879337932
598.0   42.837403353533404
599.0   41.539308262513
600.0   43.9056014101005
601.0   38.89162663268371
602.0   37.816684564494125
603.0   43.151353680386734
604.0   41.31864550169985
605.0   36.09279958666457
606.0   40.236316090941784
607.0   35.2911575363477
608.0   37.80348268683693
609.0   32.22042074768467
610.0   37.19807302557933
611.0   39.825779392869634
612.0   41.638526412594814
613.0   37.73819907337915
614.0   41.109539259918535
615.0   41.145258830790965
616.0   37.74356793989759
617.0   37.57018619441311
618.0   34.11351258724309
619.0   32.14223657744921
620.0   40.78315225233189
621.0   44.65291102098368
622.0   42.19168261218664
623.0   43.11364091644731
624.0   47.60850859745321
625.0   50.08204969194236
626.0   52.08395585734161
627.0   48.909442232617664
628.0   52.229402215898176
629.0   50.25238102633833
630.0   57.219114337212346
631.0   54.96327541289671
632.0   54.44138104873099
633.0   60.629923743817415
634.0   55.564798604840746
635.0   65.32078740393698
636.0   62.691546466640204
637.0   64.12570360264436
638.0   60.55209289989105
639.0   70.56364061748502
640.0   67.03450264319153
641.0   62.851282797694495
642.0   65.55047196084723
643.0   69.21300210385701
644.0   68.37292355497084
645.0   69.96585984900747
646.0   66.92293667921683
647.0   63.63018873524521
648.0   70.17206834434128
649.0   60.251077349507625
650.0   63.25917657551392
651.0   60.975388533080434
652.0   65.0390045624361
653.0   67.73765743347397
654.0   65.20245105252462
655.0   63.661345314231625
656.0   63.08135975884386
657.0   71.9099907103469
658.0   64.74836628764095
659.0   62.99723010518116
660.0   63.72676240777557
661.0   60.53627551210323
662.0   64.18881193863058
663.0   66.13993669329943
664.0   63.238473096355676
665.0   63.260803187936915
666.0   62.977759050609336
667.0   65.19279365344892
668.0   64.16671945784475
669.0   67.03565120206096
670.0   69.98966222342108
671.0   67.12361936002458
672.0   72.00684498321385
673.0   69.25710434245886
674.0   75.05232262078397
675.0   78.11074773800834
676.0   73.61403062176353
677.0   80.75362604661271
678.0   76.62251287208895
679.0   78.52910752793986
680.0   77.04009426883772
681.0   76.68741799444129
682.0   86.4532018817576
683.0   85.6592140069734
684.0   83.79614958889229
685.0   85.94272524152288
686.0   97.5855301675374
687.0   97.6603162057437
688.0   93.66481398249394
689.0   91.93251900064558
690.0   98.65261576014922
691.0   103.68910037622263
692.0   101.01156530177968
693.0   107.50686301451873
694.0   108.83299231413608
695.0   107.96810065380686
696.0   111.02078657255169
697.0   106.53483332155776
698.0   107.97417790798752
699.0   120.92978537097486
700.0   116.37265149644614
701.0   109.79991958116653
702.0   113.97026323340054
703.0   112.39183833286464
704.0   117.02611866826092
705.0   116.31567473871326
706.0   113.83327596462837
707.0   116.88534257896526
708.0   115.92592976829758
709.0   113.35584353241819
710.0   108.36318876802443
711.0   111.87538116160368
712.0   104.67742350838896
713.0   106.1286826794857
714.0   106.13538949038713
715.0   107.89505693268512
716.0   100.42188488811078
717.0   100.47249053829802
718.0   103.05383469229307
719.0   100.78619360510316
720.0   102.6822914181922
721.0   93.76399164942953
722.0   102.76452141931367
723.0   98.77853749766672
724.0   99.42781114183995
725.0   91.98028519316273
726.0   100.16822056361573
727.0   96.6007443830396
728.0   98.27820467816147
729.0   105.4153624853719
730.0   96.69354350190508
731.0   96.2887620303953
732.0   98.73920240955314
733.0   101.21929142297716
734.0   94.36571487561693
735.0   97.58592470487133
736.0   99.2725503885899
737.0   92.46649125743636
738.0   93.41700007172696
739.0   92.88081748563536
740.0   99.6815379138283
741.0   100.9486836820731
742.0   97.3075638678416
743.0   97.89649765899895
744.0   99.08261785766314
745.0   95.02154007059477
746.0   95.10492053654033
747.0   95.97584576489547
748.0   98.64405041532117
749.0   88.11494988454817
750.0   104.43033599438041
751.0   101.57043931521352
752.0   109.72666884367916
753.0   104.5307464245781
754.0   111.57270721544575
755.0   115.51731133509293
756.0   115.88360803241198
757.0   123.89979893908344
758.0   131.33417700112236
759.0   130.89431212925322
760.0   136.04238508647612
761.0   143.0405515358825
762.0   142.2688617891531
763.0   151.93977362436058
764.0   153.22159960315236
765.0   156.21205253654168
766.0   166.44318853519275
767.0   162.688417488391
768.0   171.42593820939854
769.0   164.69191904426458
770.0   175.64413866191086
771.0   174.5607199258121
772.0   175.78308954636339
773.0   171.87740850342936
774.0   169.97769948916758
775.0   166.174355541991
776.0   169.06374035375353
777.0   166.91185090120112
778.0   169.44726333265254
779.0   162.3360848860985
780.0   164.0888222868262
781.0   159.66741173775605
782.0   157.9994307060746
783.0   157.10069415789178
784.0   155.10464440001917
785.0   155.59582281158035
786.0   141.1500823777716
787.0   144.16822112865992
788.0   145.42021473190078
789.0   130.65520731593858
790.0   136.84289794856335
791.0   131.8701137564872
792.0   131.4182921105223
793.0   123.59376282380418
794.0   119.72123007483961
795.0   119.56893132219642
796.0   116.96859128148512
797.0   117.69939566114533
798.0   113.43732855893651
799.0   106.37660766765168
800.0   111.75450020176922
