500.0   22.881378164546476
501.0   19.955462931526796
502.0   19.52086847517765
503.0   19.092125142746596
504.0   20.086917287533538
505.0   19.89650152788323
506.0   10.120535899157659
507.0   17.308772976570765
508.0   17.906253489393038
509.0   20.450668505136377
510.0   13.823631363728737
511.0   16.928525464394596
512.0   15.007886355927013
513.0   17.765705772675176
514.0   10.998297648360165
515.0   11.47277924200776
516.0   15.680694866514472
517.0   12.479195961029177
518.0   17.004528791809122
519.0   9.519107197268085
520.0   15.14395617602787
521.0   17.009478074310294
522.0   15.093950854194304
523.0   13.239196719514297
524.0   12.951061717917355
525.0   13.587326656712236
526.0   12.505738670457191
527.0   12.620773431154674
528.0   17.910278237628148
529.0   18.486904398825317
530.0   13.489214652158637
531.0   18.18956250633684
532.0   20.21925651391922
533.0   21.628039127393293
534.0   17.57974073731492
535.0   19.02239739899872
536.0   17.596840351857566
537.0   22.910981117196116
538.0   22.395909321637845
539.0   22.246322434479964
540.0   19.23136245340055
541.0   24.47296932333319
542.0   20.543462714475112
543.0   16.49194625749547
544.0   23.004780492287836
545.0   24.065233598628026
546.0   20.37809652964799
547.0   23.411685554643185
548.0   19.554024771036353
549.0   18.88009234413269
550.0   20.698696152719208
551.0   15.672073355948356
552.0   21.148882558443603
553.0   19.242489277440512
554.0   11.755195310882868
555.0   15.593918746184016
556.0   14.663812829345488
557.0   19.761273048847528
558.0   14.248833358682447
559.0   13.23586897520343
560.0   16.812183350842133
561.0   16.56796106061455
562.0   14.69752745498704
563.0   15.047223670297683
564.0   12.13771300705136
565.0   10.621858914582702
566.0   16.155166422715865
567.0   19.869812789879006
568.0   17.698681619644503
569.0   11.973678137758412
570.0   16.99561853570799
571.0   13.123844314767268
572.0   20.406258303443735
573.0   17.391434163130413
574.0   16.37694562477941
575.0   15.580311909491485
576.0   21.733911032581943
577.0   18.73284385018769
578.0   19.28708721807928
579.0   26.755056145060877
580.0   27.21474710826888
581.0   26.98287391070636
582.0   20.417628413120497
583.0   22.49566497580068
584.0   25.916281181219176
585.0   25.339749704504413
586.0   22.68393690005513
587.0   28.86264535617795
588.0   26.753278263999476
589.0   28.954274227410963
590.0   25.535849392521925
591.0   25.25151381327825
592.0   24.385260731020907
593.0   25.467324043156424
594.0   22.721561276184133
595.0   25.624416288779827
596.0   20.820780910077872
597.0   19.279040890212485
598.0   25.519941880866696
599.0   21.930878992417064
600.0   22.674626347963596
601.0   20.486185526577714
602.0   19.534168053343336
603.0   25.015159416822826
604.0   23.762059640302084
605.0   18.211790511709467
606.0   23.792281122435185
607.0   17.10398819487355
608.0   19.397263078521945
609.0   16.627539211996606
610.0   19.70371360335966
611.0   21.968987157851558
612.0   23.845605091813127
613.0   21.241145632970387
614.0   23.045119526591634
615.0   23.337428579324865
616.0   20.584965475593435
617.0   18.398881870926033
618.0   18.246864852079483
619.0   16.887529743479007
620.0   23.148100025195333
621.0   26.109337172445805
622.0   21.55915625182581
623.0   25.233048563771803
624.0   25.89199994974598
625.0   29.079801754147923
626.0   27.2269013700392
627.0   25.750213988177364
628.0   26.394457938033838
629.0   23.76848798728463
630.0   31.790075938008954
631.0   26.920785372402037
632.0   26.771101069637893
633.0   32.10046389788047
634.0   24.318465686581078
635.0   31.905186176425303
636.0   32.97682838074391
637.0   32.1425333732368
638.0   32.09557515990085
639.0   39.693404466335664
640.0   36.9052374538044
641.0   30.641587939214105
642.0   31.88586112057689
643.0   37.65853606532838
644.0   34.619448988056035
645.0   36.15782827190779
646.0   32.141284594810486
647.0   33.04028658127194
648.0   41.15784470438564
649.0   31.06023452480622
650.0   31.92493844865362
651.0   30.237355161283006
652.0   33.67953386985923
653.0   35.67685817728929
654.0   33.16531845594301
655.0   30.77513719009039
656.0   32.027249315608344
657.0   40.16096957736832
658.0   36.35055007474483
659.0   32.76729409173885
660.0   34.900108946053194
661.0   31.93333964027144
662.0   35.08493823855525
663.0   33.87298295897335
664.0   31.078970404677108
665.0   31.367064285371725
666.0   31.139919813336462
667.0   33.0466165392786
668.0   33.80107705906096
669.0   36.41546211732833
670.0   36.93434874318447
671.0   33.461525844386955
672.0   38.48446791553192
673.0   37.834555392657364
674.0   42.431246819994215
675.0   39.46460069188288
676.0   34.97547845809376
677.0   42.43821964425865
678.0   37.48236701337342
679.0   40.47210589941628
680.0   37.45623485088319
681.0   34.8538008726417
682.0   44.28609840003429
683.0   42.156592543823876
684.0   43.69633935429337
685.0   43.706477738786276
686.0   49.66483263398948
687.0   51.100248482067116
688.0   46.849329680501114
689.0   41.394523114865706
690.0   47.0583472953264
691.0   54.342863926158856
692.0   48.915881243198754
693.0   55.84656248275152
694.0   56.55135684419923
695.0   51.69612613814235
696.0   55.486720552461065
697.0   49.69327891645452
698.0   51.79624244400023
699.0   60.93167155735631
700.0   59.23680296326435
701.0   58.186136324029036
702.0   58.258543095298336
703.0   57.30440510481941
704.0   58.29017230829689
705.0   60.933579185932615
706.0   58.87191087789671
707.0   61.12332396845147
708.0   63.11722468847205
709.0   58.250322686556075
710.0   55.35843121080211
711.0   59.43142086082452
712.0   52.97804420840865
713.0   52.052674294626684
714.0   52.5079073793313
715.0   55.88814468295672
716.0   48.43942311812498
717.0   51.3372251416248
718.0   52.02091602881373
719.0   48.82483646469959
720.0   53.18813618052803
721.0   47.417622969823924
722.0   50.487241474481664
723.0   53.94733576065909
724.0   49.61514002145461
725.0   45.90434845664433
726.0   50.231140564137206
727.0   49.99981600908487
728.0   51.85610076898783
729.0   56.53390495405907
730.0   49.94336551288541
731.0   49.769834343331155
732.0   48.37093622754108
733.0   51.62815127552622
734.0   45.13753844963338
735.0   50.79665148946631
736.0   52.47824502563506
737.0   50.46713827104605
738.0   50.678249788789145
739.0   48.142365626465875
740.0   53.61845966668014
741.0   55.015386662130794
742.0   49.74073929278609
743.0   52.055292088332095
744.0   51.47246575245191
745.0   48.37819458516708
746.0   50.44020847745139
747.0   50.044923129470675
748.0   52.511542743059266
749.0   41.974536437941936
750.0   54.063368957682
751.0   52.77061787308955
752.0   57.08315320195422
753.0   54.87627016568214
754.0   56.06805980597278
755.0   56.4147388202048
756.0   56.38595747020469
757.0   62.907909184692784
758.0   67.04347883466292
759.0   66.31013661047578
760.0   69.67627762953364
761.0   74.63787991636661
762.0   73.49524790491847
763.0   71.55833709890268
764.0   78.8139496084001
765.0   77.65800801537401
766.0   82.79207863530763
767.0   80.18316632207177
768.0   87.82726418710465
769.0   79.75143657492453
770.0   93.57405868689835
771.0   89.03944638907095
772.0   88.59546302924417
773.0   87.7205228488358
774.0   85.29868644861571
775.0   80.70865924373251
776.0   84.93475767404612
777.0   84.01826337618834
778.0   84.36450182152396
779.0   82.73642459484358
780.0   83.25860567884484
781.0   75.77321982854042
782.0   75.93730519789611
783.0   81.19894122750122
784.0   79.57399209050917
785.0   80.12950810677128
786.0   68.24372684587311
787.0   74.82812493399763
788.0   75.6196403847826
789.0   64.62369894258939
790.0   67.94268208698827
791.0   67.51738211612067
792.0   68.72171972172143
793.0   61.057706184126744
794.0   58.70704839324998
795.0   61.152912269641575
796.0   58.51036543925176
797.0   59.373280482168894
798.0   57.23727388886434
799.0   55.662706915991976
800.0   57.88665181711829
