500.0   25.84009953511969
501.0   22.491695311668508
502.0   21.469094720546707
503.0   22.96333227332414
504.0   21.497042366977865
505.0   23.828316987686264
506.0   14.2107943480882
507.0   18.650274729656786
508.0   22.402818773488775
509.0   21.72336738346243
510.0   15.127120832637786
511.0   18.489218392890507
512.0   15.217643343971787
513.0   15.89463307383241
514.0   12.26314212219603
515.0   12.020873735489602
516.0   16.317087360867077
517.0   14.557040887514887
518.0   16.955974493531784
519.0   11.016228501142933
520.0   16.90198115448962
521.0   15.684980965651931
522.0   14.282379253369555
523.0   12.560050840753348
524.0   12.319369482112023
525.0   14.411912271208962
526.0   12.01647154689823
527.0   16.33087350933235
528.0   19.78650939421283
529.0   17.24993625409755
530.0   14.534651521236242
531.0   18.187203790311344
532.0   17.4540344463951
533.0   19.572975388252672
534.0   16.06749852163182
535.0   20.378125752467156
536.0   17.262197535735027
537.0   23.300068969228136
538.0   21.05398344951672
539.0   24.292590560080185
540.0   19.67628844258249
541.0   22.377798988554304
542.0   16.674125778534545
543.0   15.265786980096635
544.0   20.651646216043844
545.0   19.429676665899166
546.0   19.722339304153564
547.0   18.89863543942596
548.0   16.968413875807585
549.0   16.13858100348773
550.0   18.30549779593045
551.0   11.857724662344907
552.0   17.87676263242369
553.0   14.104966674632209
554.0   9.325712871304006
555.0   12.739911770762802
556.0   13.14356979730556
557.0   14.88028787114078
558.0   10.99300390824692
559.0   10.657496071163138
560.0   14.533834987292721
561.0   12.177352294865187
562.0   12.127439718370908
563.0   10.099072354923038
564.0   9.227200727288505
565.0   7.9938065168501
566.0   10.502665000666497
567.0   17.183422745145975
568.0   15.198271680193642
569.0   7.795550420720616
570.0   14.847803566446345
571.0   9.792501118526388
572.0   15.260748721341542
573.0   15.086665621900181
574.0   11.693499656239226
575.0   10.206988076640584
576.0   18.191286703164764
577.0   12.933389682099403
578.0   12.745535876621062
579.0   18.87594451043921
580.0   19.266835853368406
581.0   18.210691796029323
582.0   14.912244919577432
583.0   16.168554772911705
584.0   20.257298927708092
585.0   18.124406479921504
586.0   16.300176861607724
587.0   21.263416036126614
588.0   18.943303138655722
589.0   20.295502541936287
590.0   18.533786228207134
591.0   17.329459685219007
592.0   20.134736467628358
593.0   14.18890138879803
594.0   16.135724462150193
595.0   18.490773264781097
596.0   13.439422772037545
597.0   12.248048292698002
598.0   17.74359789309497
599.0   14.628180288148513
600.0   14.84584833694828
601.0   13.126821481328932
602.0   12.387366763128625
603.0   18.91844464861856
604.0   15.31460378174961
605.0   12.280884289467537
606.0   15.88354085157249
607.0   9.830647238601074
608.0   13.966594424405372
609.0   10.309272507260687
610.0   11.256273445413399
611.0   15.622490532899349
612.0   16.04347104795545
613.0   14.044475586719074
614.0   15.049692843299681
615.0   16.94290348135135
616.0   12.597947598101541
617.0   11.72023520956543
618.0   8.934845712907105
619.0   7.549126279071743
620.0   15.668008226329107
621.0   16.883037115124125
622.0   13.295717165789938
623.0   14.957894461056497
624.0   17.725512678039763
625.0   18.683848787711497
626.0   16.555389164632743
627.0   16.82660094124492
628.0   13.859536293393376
629.0   12.038118295632671
630.0   19.1378159060028
631.0   14.565882984402407
632.0   16.25684871699366
633.0   20.14009753745762
634.0   14.73715989076922
635.0   20.046953119433283
636.0   18.182440353181818
637.0   20.225199122306606
638.0   17.770479855083636
639.0   23.900227279934455
640.0   21.02235948692612
641.0   17.050995349669165
642.0   18.45573321349181
643.0   23.750912578031006
644.0   21.612178650961994
645.0   20.890361477434197
646.0   18.23852016935666
647.0   17.204980508546527
648.0   23.903102613492848
649.0   17.432662925146957
650.0   16.835984295313125
651.0   18.73291441411746
652.0   18.968668996315756
653.0   23.052339857169358
654.0   18.9564702607083
655.0   18.347432316979308
656.0   15.269380443095855
657.0   25.736039607140867
658.0   23.281652290242874
659.0   17.641608642417054
660.0   20.38293772734886
661.0   19.626681088575623
662.0   19.901843020627126
663.0   20.792546676428458
664.0   16.12429759073885
665.0   15.55624458268366
666.0   14.561856102848395
667.0   17.289431389591527
668.0   18.143247293458785
669.0   21.754234905689827
670.0   20.335765780505312
671.0   15.577679720584456
672.0   22.22391053532519
673.0   19.21124728098235
674.0   25.16971229041448
675.0   22.38997069769505
676.0   18.222234112168564
677.0   25.024149417465935
678.0   21.884321224894137
679.0   23.050776676672513
680.0   18.09589325008608
681.0   17.6923639419812
682.0   22.940382921634694
683.0   21.92932534802702
684.0   21.59946587100586
685.0   19.381009486018144
686.0   25.773018242812327
687.0   30.784111989157424
688.0   22.395661405244027
689.0   18.856773725132314
690.0   22.931881848848974
691.0   28.706353605108603
692.0   23.024866101214712
693.0   30.31966553581134
694.0   29.132043660394203
695.0   25.10034170708215
696.0   28.867590705431212
697.0   23.302951223682385
698.0   25.45091588176865
699.0   36.261985179463466
700.0   31.32550182373427
701.0   28.267233303893136
702.0   30.08726732515484
703.0   29.18965412905942
704.0   29.23442615629807
705.0   32.980217834101694
706.0   32.08857794841731
707.0   34.08073143708796
708.0   34.39632071763867
709.0   31.341988024082838
710.0   26.231635244187828
711.0   32.139064302081465
712.0   25.39834251557616
713.0   25.66174004038541
714.0   27.185043918057545
715.0   31.177350225777445
716.0   20.696608242936975
717.0   24.988009674815004
718.0   25.556149366242693
719.0   20.30342060059442
720.0   23.830445313563388
721.0   19.838407737080217
722.0   25.168965236676115
723.0   25.169407147450045
724.0   22.701872349491225
725.0   20.690851656541668
726.0   26.985935083194136
727.0   22.201866936140704
728.0   27.753346981868077
729.0   31.77805194294811
730.0   25.793469784670464
731.0   26.478839364987465
732.0   24.17755912103283
733.0   26.18641009157315
734.0   21.02636102227288
735.0   23.246786955566563
736.0   29.94465990791403
737.0   23.389990028963723
738.0   23.495759812319363
739.0   22.67048460359328
740.0   29.688356569600813
741.0   27.751818866866103
742.0   24.719218723751624
743.0   26.17735856016671
744.0   23.038014928477082
745.0   26.785597448956622
746.0   23.689872503394042
747.0   24.803013366552392
748.0   28.35826856807148
749.0   19.013154953465715
750.0   30.734413638901344
751.0   27.76136574546217
752.0   32.73528007333593
753.0   27.21655280678212
754.0   27.398555407773188
755.0   28.628676451762544
756.0   26.28757699355151
757.0   31.054032887110168
758.0   33.385943117501654
759.0   29.986257022791904
760.0   31.562875695619283
761.0   34.90325902976804
762.0   33.965110373091534
763.0   31.450748247161016
764.0   36.82460630796626
765.0   35.11422813463423
766.0   37.540683840848146
767.0   35.07094783494708
768.0   40.24159849176803
769.0   33.299176556184506
770.0   43.922398367531684
771.0   42.29934991991382
772.0   39.613294026950285
773.0   41.12993331568316
774.0   37.53959482636296
775.0   36.47420789523159
776.0   40.24038893796086
777.0   39.12395898228684
778.0   39.62051699939957
779.0   36.705225785633786
780.0   35.69645777542769
781.0   35.73566812393764
782.0   36.5415579696585
783.0   38.75519895255215
784.0   35.99297412765634
785.0   37.487567680891544
786.0   27.074314249181384
787.0   35.015415677095405
788.0   37.618116403436204
789.0   25.307178084949328
790.0   31.328372562216032
791.0   31.199524051213956
792.0   31.072418314654527
793.0   25.3661195514737
794.0   26.397423229103623
795.0   27.854813316971615
796.0   25.684578306165776
797.0   27.187276375091216
798.0   27.232199664380232
799.0   23.44564923249527
800.0   28.399787237659837
