500.0   36.30447593118302
501.0   31.99477410331133
502.0   34.297945596651175
503.0   33.17613402971446
504.0   29.17607681004904
505.0   30.86894864396595
506.0   21.446928791493974
507.0   28.794783446047802
508.0   31.29348307769874
509.0   29.100824585526766
510.0   23.332304171368207
511.0   25.874738390036157
512.0   22.67216768641086
513.0   24.374748969870694
514.0   15.783127022118236
515.0   18.699711022526486
516.0   23.50354637853428
517.0   21.03048835077618
518.0   23.00517865628018
519.0   16.940465998627104
520.0   21.06443231601216
521.0   20.984918734197976
522.0   21.07938415246852
523.0   19.402535787436392
524.0   21.3146121279066
525.0   19.657308256166573
526.0   19.592231589301633
527.0   20.714519682298146
528.0   25.72860951904198
529.0   23.479791361279297
530.0   21.383925521421332
531.0   26.087713061345738
532.0   25.8249060514448
533.0   27.3593735235643
534.0   24.7979275737691
535.0   28.146735792060525
536.0   25.50455832997568
537.0   29.058843852351032
538.0   30.727045066912268
539.0   30.05229888624632
540.0   26.6777308574853
541.0   27.598598823382588
542.0   23.28876375062373
543.0   23.204506399233992
544.0   31.730769114822152
545.0   27.137653175406456
546.0   25.606595251056063
547.0   26.672540483851577
548.0   23.681362263464564
549.0   20.79469080375398
550.0   22.788321830080235
551.0   18.997908869412726
552.0   22.823631940072374
553.0   19.56318744093744
554.0   14.450778982556699
555.0   20.166636043479485
556.0   17.364582129449587
557.0   23.558993722145374
558.0   18.09088802115795
559.0   12.336717783948103
560.0   20.2036595614083
561.0   19.4920949745335
562.0   14.640714631482865
563.0   13.6503549724533
564.0   13.419242207217081
565.0   12.143883488490985
566.0   14.621441229481292
567.0   17.29158875711363
568.0   19.397928010729913
569.0   13.319690338307936
570.0   18.55779351727753
571.0   13.714751989551274
572.0   23.266726183247584
573.0   18.550419655868012
574.0   15.680534210453146
575.0   14.56485414229499
576.0   22.676018331841192
577.0   14.658325744365413
578.0   16.823974565003965
579.0   23.551016751350545
580.0   22.90358508576054
581.0   22.817880647773308
582.0   19.577292510465014
583.0   19.721075760788636
584.0   24.66955496234874
585.0   23.382674236535223
586.0   18.440705506629996
587.0   24.268843836740587
588.0   24.35819361584913
589.0   23.63514939602021
590.0   22.11332345079026
591.0   23.174309203079105
592.0   23.180852271580818
593.0   20.660422591383764
594.0   20.479734040446743
595.0   23.09203844847781
596.0   18.808871620738813
597.0   15.090224950088327
598.0   18.375698892481893
599.0   18.057676914728404
600.0   17.954308978658105
601.0   17.65896974314873
602.0   14.910939111108746
603.0   19.006196769405733
604.0   19.9265408787044
605.0   15.514429514198952
606.0   16.557176409399176
607.0   10.925221579830577
608.0   16.191219650085856
609.0   10.345820574862557
610.0   13.856633014234546
611.0   17.518079906152252
612.0   18.365331271132504
613.0   14.888838593669647
614.0   16.969323687052963
615.0   17.177863307820985
616.0   13.900496452100242
617.0   11.908728806743397
618.0   12.47299656553551
619.0   9.067505858647252
620.0   14.968443460401232
621.0   18.001730619711537
622.0   14.106228342689292
623.0   15.820896669252562
624.0   17.775040757104506
625.0   19.262033154474295
626.0   18.311968048917976
627.0   15.767085324679186
628.0   16.814834104411062
629.0   14.169001890060343
630.0   21.621447045354273
631.0   15.08629237156714
632.0   17.893858389409928
633.0   19.80512484123045
634.0   13.843275863583813
635.0   20.50285056670691
636.0   20.616299062033846
637.0   21.239776634725104
638.0   20.125017894361434
639.0   23.405032184656903
640.0   21.676156698076426
641.0   16.396540732318357
642.0   17.09634950863571
643.0   23.708745537498544
644.0   22.565993150359134
645.0   20.445642791126886
646.0   17.50001100243537
647.0   17.41247349860737
648.0   24.362231442921427
649.0   17.086358953964663
650.0   16.181471620095323
651.0   17.182606852552595
652.0   19.32474996274425
653.0   22.665147373355353
654.0   18.76604683624771
655.0   17.381400511686792
656.0   16.7085961782183
657.0   26.66906160397309
658.0   20.25029469472318
659.0   15.563226592797378
660.0   17.990069960816015
661.0   16.41752725088341
662.0   19.26485984676475
663.0   17.02489088925799
664.0   14.789025920910234
665.0   14.915600028420641
666.0   14.78290346103006
667.0   15.123944842782066
668.0   16.120774235283136
669.0   20.69377015417544
670.0   18.872283920503577
671.0   13.923306923658174
672.0   20.524136578479215
673.0   18.549126827404734
674.0   22.35726198873283
675.0   21.145473997779987
676.0   17.059557292878566
677.0   21.313756029640956
678.0   19.35205271307683
679.0   18.39896041056653
680.0   17.461557993017436
681.0   14.002939285100837
682.0   19.973077165556163
683.0   17.914784714262225
684.0   17.794994517950272
685.0   16.081260693125188
686.0   23.65142000536983
687.0   26.198980335005075
688.0   19.604925222968774
689.0   16.234280588431403
690.0   18.6828227040275
691.0   26.390012184829118
692.0   19.6990222145009
693.0   23.828809381437736
694.0   24.006997365083805
695.0   20.81867599454037
696.0   24.36354430805784
697.0   20.395730083416993
698.0   21.145848132443405
699.0   29.82911540214252
700.0   24.959535324294507
701.0   24.22492977331018
702.0   25.950012502747285
703.0   25.191018314187573
704.0   25.374218681034023
705.0   25.54663424587264
706.0   28.105096135761897
707.0   27.861381123310395
708.0   28.74791207282655
709.0   25.183084966723555
710.0   21.91890974149547
711.0   25.710441436140627
712.0   21.107920165527275
713.0   20.87959537077603
714.0   21.968715256429334
715.0   23.747468827491275
716.0   17.843938473185602
717.0   19.990355319193753
718.0   18.85756506694915
719.0   16.274656977880113
720.0   20.31800523285756
721.0   16.0023048378535
722.0   19.417689739220577
723.0   20.667417471535316
724.0   17.495616092176448
725.0   13.51759474645388
726.0   20.896832079179234
727.0   16.795456321995943
728.0   20.45415362116387
729.0   24.35894001359887
730.0   21.535268718060706
731.0   19.535360858024745
732.0   17.737598302508275
733.0   19.112017138741578
734.0   13.371568058816564
735.0   17.31571908187405
736.0   23.882958156348423
737.0   16.151208068433505
738.0   16.727992941300187
739.0   15.813827872776784
740.0   22.676772431953054
741.0   22.799708450716594
742.0   16.98266317316103
743.0   19.808927481584618
744.0   19.471611980386257
745.0   18.019034698342807
746.0   17.860333053253697
747.0   18.573688779376056
748.0   21.78041120507541
749.0   11.655449413250807
750.0   22.794760334066808
751.0   20.12482318728493
752.0   25.264313050361125
753.0   19.674759397623802
754.0   20.718437129277135
755.0   19.33809391512662
756.0   16.987753817186928
757.0   22.343617719547268
758.0   24.10501931862578
759.0   19.3219078693555
760.0   22.531017065513566
761.0   23.520980377156945
762.0   21.15972680807684
763.0   21.29905239417667
764.0   22.957467789893258
765.0   20.614579847374586
766.0   26.697862054533715
767.0   23.03815953548036
768.0   27.071207814173192
769.0   20.794484020092938
770.0   28.598909213801733
771.0   25.757216276318474
772.0   25.222692376498287
773.0   26.621788230492115
774.0   24.470565980840234
775.0   23.306767855260205
776.0   24.269488770606074
777.0   23.92283255814084
778.0   23.62724014987984
779.0   22.221919780897622
780.0   22.857881501419882
781.0   19.481331857309073
782.0   21.086238653566028
783.0   25.559515321731112
784.0   26.878435448412205
785.0   24.07929542070363
786.0   16.53593900018788
787.0   22.327219610202064
788.0   24.883758157805687
789.0   13.292020819969594
790.0   19.47730187150742
791.0   17.81170814788726
792.0   17.94069120966944
793.0   14.69106929910069
794.0   15.29204364797522
795.0   17.310171145481434
796.0   15.541433567981585
797.0   16.68684148166699
798.0   15.517498002218957
799.0   14.903098666157916
800.0   18.46379917660073
