500.0   53.16666653662861
501.0   51.470910204327964
502.0   50.37884242320666
503.0   48.24786412470203
504.0   47.37331589681165
505.0   47.9708057696061
506.0   38.55645054962787
507.0   43.57626075520349
508.0   43.148857653849745
509.0   44.76801864434992
510.0   36.993908851098325
511.0   39.60021641914659
512.0   37.250709673857614
513.0   36.89735448932416
514.0   30.186337329327444
515.0   31.506033381415648
516.0   35.74132027450756
517.0   33.4783478048071
518.0   33.072471241474176
519.0   30.084605481419487
520.0   31.875403604453908
521.0   34.04026962587477
522.0   33.171246015669226
523.0   32.16939704629996
524.0   33.9251604580889
525.0   34.17776110389832
526.0   30.598275605800524
527.0   33.50764790397531
528.0   36.96146551506621
529.0   39.47845581688233
530.0   35.444220151394035
531.0   40.80641754945705
532.0   40.6947907843699
533.0   44.90832413156028
534.0   41.165373666384795
535.0   43.935180328797315
536.0   39.28782435514523
537.0   46.39422739446894
538.0   47.046829286127746
539.0   47.3892609221204
540.0   46.214281616881436
541.0   47.16241138502076
542.0   44.37000534140236
543.0   38.42936421560864
544.0   44.84483753090856
545.0   43.79970622437014
546.0   40.580368314027595
547.0   41.292782163892525
548.0   37.13742397465319
549.0   36.960523073567686
550.0   39.29496034779169
551.0   32.87673968222822
552.0   35.795454543089676
553.0   33.661372104776575
554.0   26.02606751417099
555.0   31.273685773101363
556.0   29.395143230432666
557.0   34.75625549519691
558.0   28.41197636376964
559.0   24.569213750405964
560.0   26.793536632121913
561.0   29.656842216086744
562.0   25.680534402746332
563.0   23.802753030260362
564.0   22.717643481783767
565.0   21.116390940479448
566.0   25.715061587947844
567.0   29.87323104284485
568.0   28.09790213808688
569.0   21.961756892995624
570.0   28.66379613072249
571.0   26.147493330335834
572.0   31.91510565555322
573.0   29.923448498329947
574.0   26.433826044625476
575.0   28.822073650107228
576.0   32.783794122032475
577.0   26.457818155369438
578.0   29.010264471835967
579.0   36.32193604927161
580.0   38.56839171047591
581.0   37.3807120398948
582.0   31.960894356103267
583.0   34.25951902644911
584.0   37.86031373470715
585.0   37.84123655894288
586.0   36.81195233606513
587.0   37.700893386446864
588.0   38.50369959718688
589.0   41.02610370542837
590.0   37.28549181099797
591.0   35.197236407164354
592.0   35.98506479541729
593.0   33.84447060799309
594.0   32.1731249229785
595.0   38.12413062516649
596.0   31.859881621178545
597.0   27.069532626062653
598.0   32.48108396480936
599.0   30.305176829213337
600.0   29.385500747830235
601.0   26.63962712633551
602.0   25.41602112782482
603.0   30.20994291026409
604.0   30.76226196859966
605.0   24.22253796724388
606.0   27.20022011348229
607.0   25.67880656278234
608.0   25.395806351462085
609.0   20.640254055139508
610.0   24.144470125294504
611.0   27.944972851141813
612.0   28.40265665689688
613.0   25.299393467624697
614.0   27.90620675456779
615.0   28.530116485741615
616.0   24.71279261300296
617.0   21.071588885924058
618.0   22.47514732991735
619.0   17.11376193452253
620.0   22.94773928275785
621.0   26.5513451028051
622.0   23.457678480120364
623.0   25.66939346346706
624.0   28.682044553606204
625.0   29.584670701607934
626.0   29.63631813903052
627.0   26.871293663532185
628.0   27.845358218496045
629.0   25.432772588096725
630.0   32.723890684330996
631.0   28.313389189297595
632.0   30.5292815465601
633.0   34.23468122522459
634.0   28.287060088327735
635.0   33.02345500683859
636.0   33.66488067444604
637.0   32.12080408364156
638.0   33.04337370972971
639.0   38.60187931882518
640.0   36.196764023769134
641.0   31.23126827703024
642.0   31.715434314722017
643.0   37.12296765412603
644.0   34.03210009149299
645.0   34.417999956284234
646.0   31.381036938501722
647.0   29.53402117070408
648.0   35.283367896095655
649.0   29.12302121938515
650.0   28.959599723844576
651.0   28.476032056692276
652.0   30.506209693040404
653.0   35.21784922946648
654.0   30.58656523111773
655.0   29.23326417396774
656.0   27.934911060854176
657.0   38.12502502405829
658.0   31.580258059244244
659.0   27.956697489329116
660.0   30.859818483346118
661.0   26.559449802407045
662.0   27.413447566267138
663.0   28.297164046130177
664.0   26.11326050871017
665.0   26.367243805506632
666.0   25.531837213336814
667.0   26.54201508937868
668.0   27.47105950284211
669.0   30.191268192195395
670.0   28.81566822105333
671.0   27.021192965023715
672.0   32.38020700331538
673.0   29.868579943912522
674.0   33.729846921685436
675.0   34.03737806971978
676.0   28.73081874396081
677.0   32.635961581457394
678.0   31.6442270811323
679.0   29.18309028523882
680.0   26.697155208539442
681.0   26.153824009138134
682.0   34.62089349596755
683.0   29.89751575978832
684.0   30.198193149161824
685.0   30.288559071131743
686.0   39.31342327120916
687.0   39.898622951149775
688.0   33.79544285536397
689.0   30.96209197500832
690.0   33.89805255106549
691.0   39.96973724665767
692.0   34.9175198527235
693.0   41.38247139654055
694.0   40.59920420490252
695.0   36.2939901857593
696.0   39.97390832749528
697.0   34.44416031923154
698.0   34.40297215961303
699.0   44.2797714694172
700.0   41.308507428583226
701.0   36.910623834014956
702.0   39.960291164826344
703.0   38.496912183008504
704.0   38.26990035955478
705.0   39.84729323932763
706.0   39.86760148436022
707.0   40.15420667041056
708.0   44.084670202228835
709.0   39.25738748027612
710.0   34.511579497045375
711.0   39.80766542734182
712.0   33.33305863408444
713.0   33.625996100815854
714.0   34.91702630559513
715.0   35.848244319592965
716.0   29.94409312214563
717.0   32.25505901438021
718.0   31.025952889218445
719.0   28.17259552709416
720.0   31.53442368675647
721.0   26.843556061639532
722.0   32.289760570325484
723.0   29.010750042068366
724.0   30.114787282525526
725.0   25.69725997912917
726.0   31.250215714576825
727.0   27.702007977570673
728.0   27.87938999022421
729.0   35.5619592355842
730.0   30.796818998418985
731.0   29.68858056957302
732.0   28.250925429811787
733.0   30.58992959193222
734.0   25.24047726634447
735.0   28.38262592058453
736.0   34.42294120073953
737.0   26.823257167772283
738.0   27.459576905322905
739.0   24.07481899427296
740.0   31.919839495707834
741.0   32.673946993461215
742.0   28.011665834801335
743.0   27.43020788943801
744.0   28.30315883974646
745.0   27.67059845902841
746.0   25.3785337639479
747.0   27.972386591211176
748.0   29.687303327442834
749.0   20.295228949477433
750.0   33.8502581592042
751.0   29.324640636150747
752.0   33.648727680236476
753.0   29.06657546164297
754.0   29.812463509985264
755.0   29.835689510489942
756.0   27.95477300948474
757.0   33.04784830352315
758.0   34.31307117714445
759.0   31.073576257383678
760.0   34.52599208356014
761.0   36.437186720588386
762.0   36.081236987130694
763.0   32.329530079963746
764.0   38.04333643620387
765.0   35.40982270653407
766.0   41.6610341325829
767.0   37.03847528163382
768.0   41.33830655890188
769.0   34.81773884720792
770.0   44.38334772422206
771.0   42.29164435974863
772.0   38.65291353138687
773.0   41.161520299954134
774.0   37.41919519954487
775.0   35.50385354471186
776.0   39.68556733722548
777.0   36.25676486750015
778.0   35.62414454230935
779.0   35.48545209955222
780.0   37.31215402434148
781.0   32.21316305211033
782.0   32.81114339655963
783.0   37.55785885809195
784.0   36.877201984073395
785.0   35.41206801818555
786.0   26.05907828420979
787.0   33.842238744701206
788.0   37.73774321198658
789.0   24.467469440521654
790.0   30.244213868831935
791.0   28.01390135899132
792.0   28.97371829549644
793.0   23.926173550205903
794.0   24.36284485083806
795.0   27.876620074227844
796.0   25.043037194312916
797.0   25.606899812505247
798.0   23.225314738918513
799.0   20.28216224044712
800.0   25.030437883388686
