500.0   76.71059766925944
501.0   73.97058914369293
502.0   76.42132561488205
503.0   73.4665497316054
504.0   71.16926842065479
505.0   65.30074471393746
506.0   58.769241310058305
507.0   61.43411311020037
508.0   61.68135534011668
509.0   63.202342601947834
510.0   53.49422760944353
511.0   56.21548815444058
512.0   51.151252922175786
513.0   53.957788373818005
514.0   45.03052606925942
515.0   45.36524224410451
516.0   52.56904933301075
517.0   49.97008592355354
518.0   50.56488896132291
519.0   46.78428828700115
520.0   48.452401711846676
521.0   50.89304273129258
522.0   51.845366538625115
523.0   46.50515157534889
524.0   45.8501942413252
525.0   46.8229780889626
526.0   49.00963938029497
527.0   50.129569313670686
528.0   54.397432378360975
529.0   56.09760146854839
530.0   55.77887388376908
531.0   57.83322995499705
532.0   60.850272550563574
533.0   61.973171958107116
534.0   61.47481434799235
535.0   65.39585903173585
536.0   62.625385067116895
537.0   68.17153491810953
538.0   74.59783062147872
539.0   74.44157190573799
540.0   69.2191108784206
541.0   71.61286666117434
542.0   65.87866922007038
543.0   62.61679235056724
544.0   68.12705016894907
545.0   66.79512123646032
546.0   62.11750847337953
547.0   62.82748932722956
548.0   58.72906920341035
549.0   57.3334599442085
550.0   55.99690817968056
551.0   49.67981943411539
552.0   54.82598816390731
553.0   52.28940243668774
554.0   42.47264903867679
555.0   46.8179060274023
556.0   44.73365338696891
557.0   47.16461789279981
558.0   42.60669131846154
559.0   36.170265286747906
560.0   45.9221943047761
561.0   44.47028156465802
562.0   42.057144216219854
563.0   39.29299661089149
564.0   36.798994740894415
565.0   35.48490392907496
566.0   41.38053093409144
567.0   45.71297986996919
568.0   42.897657868228265
569.0   37.89663209676553
570.0   45.147130438610674
571.0   41.52646666469923
572.0   47.79752750768691
573.0   47.05622256727048
574.0   44.335193579338494
575.0   47.027781819688045
576.0   51.58783218325664
577.0   47.18414491993093
578.0   48.20474178964122
579.0   58.142707519732056
580.0   57.49019037436824
581.0   56.07132815877509
582.0   53.497080806451464
583.0   56.39118127255594
584.0   60.80499212347158
585.0   59.31761748411057
586.0   55.76775719278157
587.0   62.72831954305002
588.0   59.74386938549338
589.0   61.277671897673315
590.0   59.29388862759009
591.0   59.382870804254935
592.0   58.308728449144894
593.0   56.99541279196225
594.0   54.82955319664697
595.0   56.1779638434011
596.0   51.515334541582206
597.0   47.181373169112504
598.0   50.229898071660585
599.0   48.01249483542534
600.0   47.46413851981217
601.0   44.59695285465253
602.0   41.81120837173117
603.0   49.007246581241276
604.0   48.84169472685707
605.0   40.200621459315926
606.0   48.517923365668736
607.0   38.289104067804686
608.0   42.892331537646896
609.0   35.41333290137905
610.0   39.286888871933115
611.0   44.19015298502882
612.0   42.80729349162138
613.0   40.31464510052996
614.0   41.989016790952064
615.0   40.4106451265439
616.0   39.03360754217559
617.0   35.584013732081445
618.0   36.60329556363928
619.0   32.065068024770625
620.0   41.174302513113474
621.0   42.84587414213101
622.0   40.757123096515755
623.0   41.94628304062542
624.0   43.61881208799565
625.0   47.376300845780975
626.0   48.71753933381186
627.0   47.32342482442766
628.0   49.5552845861755
629.0   45.55570921165574
630.0   55.24885294722583
631.0   48.26618838108564
632.0   50.31896830157365
633.0   54.11189769971887
634.0   49.770343168553666
635.0   54.65021164631645
636.0   55.881737497500495
637.0   56.11089077283805
638.0   54.031060158496416
639.0   60.835109348995985
640.0   58.11570139235798
641.0   55.44963572104777
642.0   55.05231660824953
643.0   57.593559368019754
644.0   57.23583189948647
645.0   56.702080124802166
646.0   53.509669393468556
647.0   52.45986993613087
648.0   60.166356556896545
649.0   52.50796462718691
650.0   49.927807914873114
651.0   51.23460759152741
652.0   53.192918985744996
653.0   55.06766924157094
654.0   52.58053347098485
655.0   49.58722634541323
656.0   46.81367795959281
657.0   55.883377724800056
658.0   51.79601589769561
659.0   46.67233956235066
660.0   51.061425083979714
661.0   46.50554762474545
662.0   47.85874613006507
663.0   47.659853644088884
664.0   45.83115770414426
665.0   46.95460848910477
666.0   44.827132405719595
667.0   46.90520394233164
668.0   47.78996012467698
669.0   51.70382116594661
670.0   52.69783076617165
671.0   47.30673092238297
672.0   52.986914746586024
673.0   50.67918874980367
674.0   53.97479390951099
675.0   55.3088063560524
676.0   50.04667231281016
677.0   57.26143948593864
678.0   54.55219691752882
679.0   54.335908912046364
680.0   51.364824265611475
681.0   51.201357014179024
682.0   55.588144905628496
683.0   56.42475375647945
684.0   55.39407757038293
685.0   57.06313511936037
686.0   63.65217273017339
687.0   66.2772012674505
688.0   59.354306676689475
689.0   56.706953655575205
690.0   61.1583743977485
691.0   68.53056104788257
692.0   61.82819672780977
693.0   69.48630662740823
694.0   68.31436631179056
695.0   66.32691541178951
696.0   69.72825212397782
697.0   65.29179728688871
698.0   67.1866502293224
699.0   76.15330249896567
700.0   70.24641202948354
701.0   68.69608579850387
702.0   68.66818738453372
703.0   69.28880950189458
704.0   69.1449608675799
705.0   69.55706144270812
706.0   70.08480105762837
707.0   72.30843669412252
708.0   74.20010988073903
709.0   66.53132917104085
710.0   64.18059195223327
711.0   66.97426303050142
712.0   60.009951355550726
713.0   59.24857243636774
714.0   59.67970041716245
715.0   64.57267136311822
716.0   54.30861183467513
717.0   55.78895754191316
718.0   56.79625149131249
719.0   54.250820153179404
720.0   56.95902170162711
721.0   51.16447611529222
722.0   55.91796129345221
723.0   56.07134693841721
724.0   53.54623292710846
725.0   49.54844902103724
726.0   54.747642573529674
727.0   52.20498442290324
728.0   55.513683100279366
729.0   59.50221659144384
730.0   53.00503817911374
731.0   51.33102675085979
732.0   52.631834412949416
733.0   52.17122374802875
734.0   47.18247493393645
735.0   49.062524426336154
736.0   55.597434491552974
737.0   48.339873021408096
738.0   48.454829373395285
739.0   48.65576114467899
740.0   54.030788356785905
741.0   53.176834359621694
742.0   49.603178451762574
743.0   50.335105250999874
744.0   50.00912330708729
745.0   48.26368658825834
746.0   47.27786211115807
747.0   48.84604736021052
748.0   50.844962680463595
749.0   41.62834462249663
750.0   54.43505901436862
751.0   51.741568570161604
752.0   57.18277120853941
753.0   52.859101902757374
754.0   55.28089577218421
755.0   54.84221067986795
756.0   54.46330899411274
757.0   59.51880852012897
758.0   63.03406808725211
759.0   60.643914617311054
760.0   64.73513207771052
761.0   67.66873928613421
762.0   68.85096579545814
763.0   66.39097829103363
764.0   69.48579144150449
765.0   69.58336178989234
766.0   73.32133054545272
767.0   74.25214885555692
768.0   77.45117286476372
769.0   70.51163191078979
770.0   81.75110942184466
771.0   78.046583037148
772.0   77.45659955943978
773.0   78.34662652246737
774.0   75.64497758762755
775.0   73.09840650318611
776.0   75.81693767149142
777.0   72.70628682178003
778.0   72.61515145797773
779.0   70.73625047301209
780.0   69.73107550355104
781.0   64.55074995778224
782.0   66.70477588971167
783.0   65.9145235460951
784.0   68.99562284863251
785.0   65.70838456952131
786.0   54.96269087144813
787.0   63.025379718682586
788.0   64.35827716783942
789.0   52.209522085135916
790.0   59.15062643273154
791.0   55.321355816215146
792.0   54.802775583051925
793.0   48.58018908078992
794.0   47.996162154607845
795.0   48.735242638890924
796.0   48.18040181925804
797.0   48.061920613378874
798.0   43.09865969798807
799.0   44.00839160741893
800.0   45.51193028904444
