500.0   102.6377966022574
501.0   100.50040349481637
502.0   97.43040351568658
503.0   96.15511682724107
504.0   94.62005173624945
505.0   90.44283894573573
506.0   81.01567557976591
507.0   84.73154639210065
508.0   85.60063787443062
509.0   82.99846124525874
510.0   72.6286158501849
511.0   74.81190442190726
512.0   70.81820989943512
513.0   73.8823493395756
514.0   62.22938900404321
515.0   63.06234275390261
516.0   69.7571059189039
517.0   68.0440828267256
518.0   68.5893038915165
519.0   62.54086652411107
520.0   64.66514429609046
521.0   67.12104126966958
522.0   66.73283858397511
523.0   63.32623879794792
524.0   67.68873748596846
525.0   67.55017133118366
526.0   68.15992857018475
527.0   70.32378349939322
528.0   76.0123792182813
529.0   77.98338622750498
530.0   76.84914989844799
531.0   80.67433455908835
532.0   84.88841344404631
533.0   87.76764587697159
534.0   88.28217860773151
535.0   86.49220200949915
536.0   87.83506333527691
537.0   95.50479435262574
538.0   97.98040089732396
539.0   100.2151630003786
540.0   97.11748279833014
541.0   98.91588997210766
542.0   90.77294400621616
543.0   90.747908385552
544.0   94.00960153606283
545.0   92.0758920938402
546.0   88.17194544430461
547.0   86.03650992596388
548.0   80.39940928874
549.0   78.92432271624816
550.0   79.7289215981722
551.0   73.16614314850281
552.0   77.15953746049061
553.0   70.75354258314596
554.0   62.65859472282091
555.0   65.95460716670394
556.0   63.43926540319728
557.0   67.99659392242597
558.0   61.22658381664678
559.0   56.747184618411524
560.0   64.56580997703549
561.0   60.96477490545047
562.0   56.951766948876184
563.0   56.108198483165864
564.0   55.050690900592116
565.0   53.0552483272283
566.0   59.77290408811044
567.0   64.3868928679596
568.0   62.899014171975466
569.0   57.68427010027986
570.0   65.30468932538727
571.0   60.618535206915
572.0   69.24481675755382
573.0   66.32948075351987
574.0   66.42327229148748
575.0   65.57411747719388
576.0   73.16179047060092
577.0   67.83851269105429
578.0   69.71127636093183
579.0   79.74672236611181
580.0   80.6612225366521
581.0   81.77753318886732
582.0   80.8044452412042
583.0   82.7892017758447
584.0   83.20704945622458
585.0   86.72690220055628
586.0   84.05014253773368
587.0   88.74856305364193
588.0   85.14470694553816
589.0   89.50821040433698
590.0   82.91519613958945
591.0   83.6173042777315
592.0   85.79515595791693
593.0   81.50406846142502
594.0   79.40269988526549
595.0   80.17570340364426
596.0   75.5771686772193
597.0   69.59996284788
598.0   74.22167682600073
599.0   71.48100541148705
600.0   70.27930668121886
601.0   66.49472477167348
602.0   63.72049574091096
603.0   70.41298176082489
604.0   67.20357809363352
605.0   63.51082734909849
606.0   68.39874316677646
607.0   61.28262991664789
608.0   63.66546400367625
609.0   55.76983947433317
610.0   60.0346342361112
611.0   64.32671390022003
612.0   64.22291163050622
613.0   58.26367196174397
614.0   62.39098570300112
615.0   60.69923900542088
616.0   59.795582800501165
617.0   56.502335944485964
618.0   55.49093826968448
619.0   51.47586520632254
620.0   57.2538828507829
621.0   64.56641450399852
622.0   60.48021129042772
623.0   64.36588126946498
624.0   67.49039472294197
625.0   69.57054806657533
626.0   70.15843828360445
627.0   69.56363229296008
628.0   71.2955040671294
629.0   71.6591800787547
630.0   78.59140338132596
631.0   75.23051518071154
632.0   77.25971593201629
633.0   83.0717803660128
634.0   78.02000061521795
635.0   82.94946625024389
636.0   82.4777817489514
637.0   86.54372051677049
638.0   83.27293566443737
639.0   93.63573875779838
640.0   89.49575434901473
641.0   84.11043510012266
642.0   87.30956487685853
643.0   88.7140876625808
644.0   87.85008003860054
645.0   88.46082151062194
646.0   85.2565345738767
647.0   81.62680245986621
648.0   89.49014520302396
649.0   76.97795683993303
650.0   79.24685559574684
651.0   77.63185672948387
652.0   78.383803402951
653.0   82.42599652607271
654.0   78.12930074445245
655.0   78.04262266029184
656.0   76.67247976581848
657.0   84.00243841928781
658.0   79.40412867515161
659.0   74.17094826557238
660.0   74.90622943871017
661.0   72.59037181594434
662.0   76.13388295347579
663.0   74.42103641199253
664.0   72.84109942118516
665.0   73.77966431246216
666.0   71.98796535053725
667.0   73.1062315222477
668.0   73.05211108797408
669.0   75.18742893288893
670.0   77.52230837758015
671.0   74.10647922041
672.0   81.89246767523883
673.0   79.62623828169674
674.0   82.83271865583862
675.0   82.65347500445307
676.0   79.13800528864854
677.0   83.13759184797047
678.0   83.9129669663736
679.0   83.5438513522027
680.0   82.58839191891474
681.0   83.14694536561242
682.0   89.28737464459965
683.0   91.98685568407473
684.0   91.99613897265542
685.0   89.97368665302005
686.0   98.35065933316793
687.0   102.57592158083713
688.0   94.49643740878932
689.0   96.48441791856663
690.0   97.97330715903797
691.0   106.19415613285221
692.0   100.70332768094329
693.0   108.92391566302268
694.0   109.18126487434219
695.0   104.29842145267628
696.0   109.11193220587899
697.0   102.49215689334926
698.0   108.75033501645285
699.0   118.95862743611468
700.0   113.34838131340857
701.0   109.6935447502853
702.0   112.28098007287895
703.0   109.40499229423571
704.0   108.64068078482134
705.0   110.30429588018478
706.0   111.53319842022958
707.0   114.37544773587427
708.0   114.37543202733389
709.0   109.1494491359133
710.0   105.39257592650529
711.0   105.87291289399963
712.0   100.68497793715122
713.0   98.82399828824313
714.0   97.61131680289003
715.0   98.32520702648645
716.0   93.91878213447777
717.0   91.15683202747056
718.0   93.10060065617549
719.0   89.87850805878026
720.0   92.39780539139426
721.0   85.5399554423964
722.0   92.02539287851778
723.0   89.37032594421731
724.0   88.5750312318469
725.0   84.69725350094308
726.0   87.33428717448211
727.0   84.30389457707119
728.0   88.13339110562734
729.0   93.15467162192775
730.0   83.76382741215411
731.0   84.340401348195
732.0   85.50384854434614
733.0   86.41640882030703
734.0   79.49957057490647
735.0   80.45834921347387
736.0   85.64271345906056
737.0   79.75400636837168
738.0   78.7017335388255
739.0   76.46062919124728
740.0   87.43768331689691
741.0   83.42771301806746
742.0   79.36259059180802
743.0   79.8346369768766
744.0   81.53323978394246
745.0   78.3804731841289
746.0   77.64434896879666
747.0   79.68349666178497
748.0   81.38967834872071
749.0   70.95285393658267
750.0   85.02163524712557
751.0   82.06583681916302
752.0   88.35764523391501
753.0   84.36303180836202
754.0   86.79823194815862
755.0   90.6492325940954
756.0   93.36563640725501
757.0   99.96280967732588
758.0   103.51180162832154
759.0   102.18512390016255
760.0   108.836847959871
761.0   112.02892896741366
762.0   114.4593185602427
763.0   114.36114295984956
764.0   118.62759828773966
765.0   119.51637739145443
766.0   125.38095476850185
767.0   122.59900076493614
768.0   128.98709736594358
769.0   126.58151218260792
770.0   135.2544363702699
771.0   133.74211159112892
772.0   130.23071652723905
773.0   129.95404158402476
774.0   127.06948861316019
775.0   120.34351867356852
776.0   127.53521852657076
777.0   124.2750285211699
778.0   126.14464730158932
779.0   120.61164027913486
780.0   117.2187278120652
781.0   114.79524600775486
782.0   110.47040603343132
783.0   112.84600492337984
784.0   113.40480303898752
785.0   111.73778279616144
786.0   100.1274216989336
787.0   103.84620568510047
788.0   105.33364434237296
789.0   93.78306314717503
790.0   98.64918352153398
791.0   92.5709523360268
792.0   92.13096626084646
793.0   85.77678177343887
794.0   85.65920074793425
795.0   84.27153763300794
796.0   79.51618325551888
797.0   82.84004182152535
798.0   78.73271757391038
799.0   74.7831362823311
800.0   76.2537832262287
