500.0   132.9864545203316
501.0   129.79713049876975
502.0   128.4291222178797
503.0   126.47740337958297
504.0   122.86183097741687
505.0   120.99118465574054
506.0   110.16775189661013
507.0   109.8425179145546
508.0   109.76150157504952
509.0   108.95027747272104
510.0   99.17011681552393
511.0   98.2804417272894
512.0   95.90302325622892
513.0   95.64942110566906
514.0   81.94192928169522
515.0   82.42722335795798
516.0   91.92474231902975
517.0   88.90021172147871
518.0   87.13204871113456
519.0   84.52710621013895
520.0   87.2750282979149
521.0   87.2474433234357
522.0   89.83971107746791
523.0   87.3787193656178
524.0   86.54022308553354
525.0   89.65800068123104
526.0   89.92118248181166
527.0   93.53317782664149
528.0   99.45962354054609
529.0   103.34037141965337
530.0   101.14670968088996
531.0   108.32446251615735
532.0   110.68800640924377
533.0   117.15352188705225
534.0   113.29190626685823
535.0   119.90358483380865
536.0   119.69184685104409
537.0   126.13199778532513
538.0   131.5833259688658
539.0   133.75367293021452
540.0   131.5388306302788
541.0   132.54236648952661
542.0   125.8335840952538
543.0   125.30344320339131
544.0   128.70803987733942
545.0   121.51310867020999
546.0   118.81181123988384
547.0   117.47393274292253
548.0   110.91386599511213
549.0   105.26821844031687
550.0   106.50768790831975
551.0   96.98707191360253
552.0   101.2468659509669
553.0   95.69290577249458
554.0   89.96860650962878
555.0   91.59790485327275
556.0   88.24249769445811
557.0   89.32383311338151
558.0   85.21326404713156
559.0   78.83334042594262
560.0   84.6285776686064
561.0   84.73490301272187
562.0   79.508321666715
563.0   78.19675233583604
564.0   78.85419860992286
565.0   75.69496000595802
566.0   81.64419546442684
567.0   87.06692663603735
568.0   85.49722534402542
569.0   83.88686876497346
570.0   90.89089672181328
571.0   85.56870853465523
572.0   93.55498286455824
573.0   91.548574874022
574.0   92.34488653821978
575.0   96.88153594857843
576.0   101.70362617537256
577.0   95.85604163525471
578.0   102.52791757655689
579.0   111.8862789312835
580.0   110.64393358357395
581.0   113.97534053389387
582.0   111.13194861834992
583.0   115.89292277617491
584.0   121.1009297131526
585.0   120.11159255621138
586.0   119.02753741197506
587.0   124.67997614005685
588.0   121.16187318641934
589.0   123.84637569334024
590.0   118.11147063760427
591.0   119.95719356259289
592.0   118.02207168227264
593.0   113.93368918654559
594.0   112.96977527846198
595.0   111.16514034210871
596.0   106.81769936735233
597.0   100.82806016846362
598.0   104.48307665025314
599.0   100.03525242822934
600.0   96.87803500334368
601.0   96.00420638649803
602.0   91.60760828715792
603.0   96.02899255098868
604.0   93.91870906056582
605.0   89.00304333192108
606.0   94.33372676790651
607.0   86.75174538510603
608.0   89.00317439578006
609.0   77.60187680506058
610.0   84.70833531347137
611.0   85.54671370426115
612.0   91.46021651789707
613.0   84.06461370877125
614.0   82.98542152334818
615.0   83.2414057378571
616.0   83.41464542440298
617.0   84.01646465090013
618.0   79.14212443570008
619.0   77.90703438239828
620.0   86.11192519481565
621.0   88.53994881111393
622.0   85.63249103957725
623.0   93.0231642435678
624.0   94.07773475073714
625.0   97.08016915483222
626.0   102.6708368174246
627.0   99.89674556566595
628.0   103.77585046293251
629.0   102.70043924979458
630.0   110.8432881139367
631.0   107.29593990317014
632.0   110.5642795993268
633.0   115.86603308328424
634.0   114.71461784366812
635.0   120.92120702603555
636.0   123.53408639312121
637.0   123.69326912513705
638.0   120.81548104886807
639.0   131.34813655698366
640.0   128.52249866879342
641.0   121.81752476284728
642.0   124.52653360658536
643.0   127.5968461141795
644.0   126.28815332038175
645.0   123.38670351701643
646.0   121.0405666418385
647.0   121.49007057351082
648.0   127.0741529435135
649.0   117.68547940351363
650.0   114.44884747606594
651.0   115.28020434356259
652.0   115.79448341527319
653.0   118.29963369915555
654.0   114.72091720336556
655.0   111.86997498570838
656.0   110.2930898163612
657.0   118.58486977545655
658.0   113.29246977574863
659.0   111.26759972498982
660.0   110.29042304663
661.0   106.10005958487889
662.0   109.64474706891792
663.0   108.53321263342775
664.0   106.0961971097787
665.0   109.55366795579437
666.0   105.83391027866804
667.0   104.93156504508579
668.0   108.74445627966162
669.0   111.22891151706878
670.0   115.63121949987857
671.0   109.96013249764081
672.0   120.77661110685955
673.0   114.32583619526278
674.0   118.69750923819913
675.0   120.35642638117366
676.0   114.94120585185695
677.0   122.75724197875095
678.0   122.98326135525267
679.0   124.52950739868123
680.0   125.06286691395258
681.0   127.19128750921257
682.0   133.11932831833587
683.0   135.08103507329793
684.0   135.7990959370742
685.0   137.7147718360026
686.0   143.78540921744468
687.0   149.49287289463803
688.0   143.27497002469582
689.0   143.0466421496743
690.0   146.27440331964374
691.0   155.60611900456345
692.0   152.09905072727219
693.0   162.21005943137988
694.0   164.08898647438846
695.0   159.46500446581592
696.0   163.45159188119118
697.0   154.18411965198862
698.0   162.00103724700196
699.0   173.0744084116095
700.0   168.5699112243815
701.0   161.00541071244032
702.0   165.33229726102064
703.0   163.69171947950892
704.0   163.41093744963072
705.0   169.24360075031683
706.0   164.16873671877178
707.0   166.06812257255365
708.0   167.06074656754652
709.0   157.68052900712792
710.0   152.16190959048492
711.0   157.1844184298037
712.0   147.30005458086762
713.0   145.8340831183293
714.0   143.08493542573808
715.0   149.04411736688792
716.0   140.41314675311312
717.0   145.28990857679173
718.0   139.28650186255695
719.0   135.36192607119023
720.0   136.34442383588922
721.0   131.13911732838747
722.0   138.5815476831528
723.0   134.36929710813916
724.0   135.17824947611606
725.0   126.46463375650194
726.0   132.84358242395214
727.0   127.49038524729716
728.0   129.51002228114592
729.0   138.77656197543772
730.0   123.89011839802998
731.0   124.16432751293215
732.0   129.22786674914843
733.0   126.76253519305965
734.0   120.5366717144847
735.0   121.88508475682153
736.0   125.19037974943703
737.0   119.82550023195392
738.0   120.23279821755281
739.0   119.48006169073898
740.0   127.65923354207794
741.0   126.01352407356777
742.0   123.32851093958593
743.0   120.68703367188988
744.0   121.51576994792367
745.0   116.26419023184218
746.0   117.48537450570532
747.0   116.80110098557267
748.0   118.9564788175123
749.0   112.27754292962581
750.0   124.78722090632652
751.0   124.19443629071773
752.0   130.98533877761898
753.0   131.48565627282554
754.0   133.98247711914172
755.0   140.99899437255186
756.0   141.33088479265996
757.0   151.56446701835267
758.0   158.34230092845368
759.0   155.35462631895533
760.0   165.36985400257507
761.0   171.52886230537644
762.0   171.89896230461602
763.0   178.576093872849
764.0   184.97301292414988
765.0   189.15900981174948
766.0   192.28159596652165
767.0   189.25830516529993
768.0   201.48952848028884
769.0   190.22819291063723
770.0   204.30177421451066
771.0   200.66036450650782
772.0   202.7814014784226
773.0   199.58541833812626
774.0   196.99482208909538
775.0   190.83908611432028
776.0   197.25719217448102
777.0   193.85820584421137
778.0   193.040084570259
779.0   186.316932399942
780.0   185.28940371449067
781.0   177.69414106104725
782.0   175.6794579261282
783.0   175.46091564377394
784.0   173.49936757435538
785.0   169.05995381362177
786.0   158.1535217534504
787.0   161.26285324012042
788.0   158.47988843760697
789.0   146.57107394811504
790.0   150.98399909030525
791.0   144.518344095475
792.0   145.20634417785053
793.0   131.8112743803997
794.0   132.32655161711833
795.0   133.30258793036433
796.0   128.33104693763326
797.0   129.26875018639936
798.0   121.84142538058748
799.0   115.52899265536217
800.0   117.21872699290705
