500.0   166.41390886916778
501.0   161.7649150691427
502.0   158.78880546436733
503.0   154.34905447513117
504.0   152.88627578167578
505.0   147.33239548139272
506.0   137.60994552523243
507.0   137.29097110010048
508.0   135.7734954325412
509.0   133.70339490232624
510.0   120.69054837167309
511.0   122.09331333657204
512.0   117.63791722689646
513.0   119.50952606519658
514.0   103.90368229898425
515.0   106.00930769087182
516.0   114.847580076893
517.0   110.24276306785205
518.0   110.90523906679189
519.0   106.97254699750553
520.0   104.42057150708723
521.0   108.7943904306239
522.0   111.51858657120559
523.0   108.65980720934883
524.0   108.04520150178868
525.0   114.58144869190232
526.0   113.02518973420385
527.0   119.72921481015035
528.0   123.70538928020437
529.0   128.9257766415538
530.0   129.36305354539826
531.0   138.9773775317348
532.0   137.9568834070534
533.0   143.82116777811507
534.0   146.30770359709277
535.0   153.03086674547117
536.0   153.63715366525292
537.0   157.57463476420966
538.0   166.16816261813423
539.0   170.6015439534629
540.0   161.37211662891073
541.0   169.28972280311478
542.0   160.26728630088434
543.0   159.1955809306231
544.0   160.3322943375571
545.0   156.99239833815437
546.0   153.19031151744738
547.0   147.8599414691486
548.0   141.452911577659
549.0   137.5783295279601
550.0   136.83094498545213
551.0   123.84464978353563
552.0   132.5138709266037
553.0   122.11875251896666
554.0   112.43554127123815
555.0   115.19105280743648
556.0   110.45671016215158
557.0   113.2925718040795
558.0   108.09123622887549
559.0   101.60012256455761
560.0   107.87693420990792
561.0   105.59379095968092
562.0   101.78948416539606
563.0   99.4998438020977
564.0   103.95205061127811
565.0   97.77903559283124
566.0   105.88304622449323
567.0   111.81755040455892
568.0   107.19553133550352
569.0   105.0798322233164
570.0   116.98456513740669
571.0   113.88911759712136
572.0   117.96319999320676
573.0   120.22638333334379
574.0   116.6332501382484
575.0   124.98669115951574
576.0   130.68226814957876
577.0   127.14658123370066
578.0   130.73040887791916
579.0   142.61729893603396
580.0   146.3899873913101
581.0   146.47610048160163
582.0   144.4673509336317
583.0   149.78316873111683
584.0   151.667341570208
585.0   154.5218721921468
586.0   152.17309899567272
587.0   161.17509529406635
588.0   157.5059951391771
589.0   158.82580819383202
590.0   156.38377843749674
591.0   154.1373759547594
592.0   151.06601134314607
593.0   148.7120241409675
594.0   146.50120631251085
595.0   144.80734207591212
596.0   140.23278988772554
597.0   132.12194327377884
598.0   135.62820196984464
599.0   133.35107945604352
600.0   125.86057817842115
601.0   124.76105720933492
602.0   117.96610184453874
603.0   127.12775470217923
604.0   122.12329219397097
605.0   112.27900993493168
606.0   119.57054938890514
607.0   112.4096548354951
608.0   115.86522178633615
609.0   103.91604341611159
610.0   110.63192009297745
611.0   110.94785639558978
612.0   116.21031676280595
613.0   110.26753435551947
614.0   110.84996171737822
615.0   108.49479704016105
616.0   107.63762738258691
617.0   107.20529480730843
618.0   105.33971703503616
619.0   102.06464520321995
620.0   109.36212281046656
621.0   117.88143512290165
622.0   114.09507555295625
623.0   119.94721528106044
624.0   123.58488911648874
625.0   127.61280577097438
626.0   133.3513388734692
627.0   130.86306006618346
628.0   136.21600122920626
629.0   135.80514404061446
630.0   145.5095341824021
631.0   144.47737853725906
632.0   148.67117628126888
633.0   154.7179530978419
634.0   152.08984746328463
635.0   161.70187280253467
636.0   161.93659290818553
637.0   163.54863283273883
638.0   162.83846486155974
639.0   170.90001374751273
640.0   172.3601287852358
641.0   167.32550640529556
642.0   165.20731052043442
643.0   168.9080858766727
644.0   167.96217842937392
645.0   166.51988929737007
646.0   163.72195646683815
647.0   161.8381869079929
648.0   167.12483067082727
649.0   156.24706145398238
650.0   152.36072923127173
651.0   154.95186094148121
652.0   154.3295809238744
653.0   156.90955851985558
654.0   151.99946946101505
655.0   147.63337388778507
656.0   144.87193879157905
657.0   156.30792546786662
658.0   148.06808097315573
659.0   144.75121022247603
660.0   145.06787976646444
661.0   143.3728651304552
662.0   143.37908000832203
663.0   145.62584016681433
664.0   140.41023448800945
665.0   149.994339174044
666.0   142.1096147616409
667.0   144.7605117946482
668.0   143.97644986602853
669.0   147.33498194261014
670.0   152.8080816572775
671.0   152.5016845449773
672.0   156.36566978780428
673.0   155.46271593724575
674.0   160.63065740827886
675.0   161.55339922878431
676.0   159.86189927223384
677.0   167.71414769088315
678.0   167.06391168782497
679.0   166.59165498637088
680.0   167.7484698054605
681.0   169.58264049483918
682.0   179.91858464114478
683.0   180.4567525908721
684.0   180.4978146284259
685.0   186.44644947550304
686.0   192.18168255895097
687.0   199.5155121381341
688.0   195.9534013486256
689.0   194.47891393404
690.0   203.1649604644221
691.0   210.87143388261072
692.0   206.84172207771803
693.0   221.00717956080655
694.0   219.57890893968633
695.0   218.74125848035004
696.0   221.8027927953288
697.0   215.33913405638015
698.0   222.5951650574008
699.0   233.64539547368804
700.0   226.67709188072158
701.0   217.99940337015738
702.0   222.74036934264103
703.0   222.52226495746962
704.0   222.7044453119129
705.0   226.78153785808058
706.0   223.4507830389468
707.0   225.77924100893307
708.0   221.83717823704103
709.0   217.7739208280272
710.0   209.44903254046983
711.0   211.59494241953513
712.0   204.19706599954074
713.0   201.91050600566334
714.0   199.77123431968977
715.0   199.94264083118145
716.0   193.58910874758172
717.0   195.6282984702401
718.0   189.07617052463965
719.0   187.04926337402532
720.0   189.1852924039425
721.0   183.14780042832862
722.0   186.78320342669275
723.0   183.07317568888442
724.0   183.92049775503662
725.0   175.33674055053558
726.0   177.94801560170694
727.0   174.49794541177985
728.0   177.88024602243567
729.0   184.23672159652276
730.0   170.83624385195526
731.0   171.82501876543452
732.0   176.7316330034573
733.0   177.2827319002837
734.0   169.23726741459646
735.0   169.70964534073408
736.0   166.77389852493658
737.0   165.30392792894253
738.0   165.87471858853306
739.0   164.13707849622295
740.0   174.58110302265837
741.0   170.79341683049077
742.0   167.76985360687567
743.0   166.57773282348177
744.0   164.19271796662332
745.0   160.38440550397593
746.0   158.64965868238525
747.0   160.70840810381063
748.0   164.21554756503517
749.0   156.2089650020346
750.0   171.53568243584488
751.0   169.27074310713257
752.0   179.54416494803402
753.0   177.83019826265647
754.0   185.33426665693713
755.0   193.34218048054822
756.0   196.52431863882987
757.0   207.4834139275216
758.0   221.76438421266747
759.0   221.26659379083563
760.0   229.17425877444228
761.0   239.08303974588728
762.0   243.56692472856685
763.0   249.62583884718637
764.0   258.31920267501886
765.0   264.96714336604646
766.0   268.9791871601716
767.0   266.893485851748
768.0   281.9335351840648
769.0   271.0856482491296
770.0   289.89449258653116
771.0   280.27994165431096
772.0   277.2069602454227
773.0   272.67459264888197
774.0   276.8732228135078
775.0   264.32202174125405
776.0   272.78258807868974
777.0   269.23950978893174
778.0   265.85767063378034
779.0   260.80678882303056
780.0   258.13892680554915
781.0   249.92925119213888
782.0   245.28649074102137
783.0   246.12976546088674
784.0   240.31689254517826
785.0   237.35127735192756
786.0   222.61934600232937
787.0   223.96545681126366
788.0   226.16170650370987
789.0   210.40446334823235
790.0   212.95574941897837
791.0   203.4622698024314
792.0   201.15398152442887
793.0   189.69936179379926
794.0   185.07398353709814
795.0   181.33448307288023
796.0   178.36587859358153
797.0   180.36016782661346
798.0   170.12521910440145
799.0   164.97051800883395
800.0   164.17861919754878
