500.0   196.04254986055153
501.0   190.67544350900633
502.0   189.38647706453725
503.0   184.83779383623252
504.0   183.4289973381622
505.0   175.82801323200118
506.0   167.17177857775397
507.0   163.88607268704118
508.0   159.02651991610645
509.0   156.62020588294297
510.0   143.4234206008205
511.0   143.6696401765769
512.0   141.96535945204815
513.0   142.32350131439816
514.0   126.0841132311987
515.0   127.61977449069803
516.0   136.3006608424571
517.0   134.48987822113233
518.0   131.02058595302603
519.0   131.29015857927286
520.0   126.9379948478093
521.0   129.21758084457244
522.0   135.31019571140965
523.0   130.4464410888605
524.0   132.05952064533605
525.0   137.67390296928073
526.0   139.92602990033842
527.0   145.7569715055648
528.0   149.9838257620528
529.0   155.6102443173245
530.0   159.15467327154465
531.0   165.2720532789937
532.0   167.3555538572556
533.0   177.7906895075177
534.0   180.6012712675123
535.0   184.4670233412585
536.0   187.4525590087992
537.0   195.95318846906585
538.0   200.3734816936105
539.0   202.57101228674662
540.0   201.61996705312995
541.0   204.84802239621183
542.0   196.79543316426992
543.0   196.153389923564
544.0   194.66720831373405
545.0   192.36394983414925
546.0   186.39705695487865
547.0   178.9017822478422
548.0   174.3747458174965
549.0   167.73601136018246
550.0   164.9268399523484
551.0   156.6695700711724
552.0   159.83609055611996
553.0   146.8707884735085
554.0   140.24797498271153
555.0   141.2890539255657
556.0   137.38874381497806
557.0   136.27366678272068
558.0   133.18126387730868
559.0   127.09752984508256
560.0   133.51797140300397
561.0   133.14029643180186
562.0   124.39149070686113
563.0   124.34661936314893
564.0   126.1155908141703
565.0   124.89615812710502
566.0   131.83755103548054
567.0   136.41469383206282
568.0   134.39844649877432
569.0   134.7338171979262
570.0   141.94364493431223
571.0   138.76673286044416
572.0   145.78293683515895
573.0   145.72756245955213
574.0   149.17369507412593
575.0   153.32268494321224
576.0   158.42551787898668
577.0   158.7439244906584
578.0   161.57758144029907
579.0   177.47729874316414
580.0   176.8935819950627
581.0   181.73288135425418
582.0   179.15141653970758
583.0   183.61586295884493
584.0   190.42572394923212
585.0   192.4160930156269
586.0   191.40381453064168
587.0   196.28416761550244
588.0   192.9104881019396
589.0   199.8234721286421
590.0   190.65285792151127
591.0   191.10732300601958
592.0   190.8635066782999
593.0   186.3266427944461
594.0   179.53647628533932
595.0   180.67084868253346
596.0   174.1849475768178
597.0   168.950457552247
598.0   169.71423603354472
599.0   164.14690342227857
600.0   157.72733927803208
601.0   155.5335502962381
602.0   150.13961018531478
603.0   157.65254738934271
604.0   150.24059867377977
605.0   142.88835408054294
606.0   147.68420514283486
607.0   143.08489103904324
608.0   146.84048578812875
609.0   135.13016541057513
610.0   140.77609827103203
611.0   141.96627443650027
612.0   142.8581384404989
613.0   136.4824020639991
614.0   132.8710211725196
615.0   135.34132592728477
616.0   136.43726315839984
617.0   134.25806612619212
618.0   133.16011777754537
619.0   132.37443860931498
620.0   137.23117152383193
621.0   145.59311414346124
622.0   144.1317979318755
623.0   151.24825704203425
624.0   155.85016559706816
625.0   158.50060319886813
626.0   167.9304363943464
627.0   169.28575185575463
628.0   172.95708385083503
629.0   173.18711251096246
630.0   186.76816525096768
631.0   186.16199426180415
632.0   188.98838454967543
633.0   196.08309851512084
634.0   195.96664386274136
635.0   202.381998001077
636.0   205.92459789953827
637.0   207.78569549180682
638.0   205.08781549791425
639.0   217.0911468218249
640.0   216.08806213567144
641.0   213.2447443624882
642.0   212.59153188071718
643.0   211.62419082212332
644.0   211.79708647551814
645.0   211.65981974246807
646.0   209.426538030987
647.0   204.57890732678317
648.0   206.30406936901053
649.0   198.72958140726507
650.0   199.89915871449543
651.0   196.3064790179338
652.0   196.9732666576216
653.0   196.72015047009774
654.0   193.07941953583207
655.0   189.63523380833868
656.0   187.35679902143096
657.0   195.8667331408209
658.0   188.1645896123911
659.0   186.26733308119518
660.0   185.7852164444477
661.0   182.462005782697
662.0   185.24881032025053
663.0   185.20467222654264
664.0   184.28341891424805
665.0   189.63439473941736
666.0   184.8313417757543
667.0   181.06212135968065
668.0   184.45813868168005
669.0   191.32143469128462
670.0   194.59431509910627
671.0   192.90571673184184
672.0   204.02526566721326
673.0   197.35992093832257
674.0   202.02639449903882
675.0   206.72481563086797
676.0   204.1757949372856
677.0   213.95261983815695
678.0   211.20748775013246
679.0   215.69166154526727
680.0   214.79384445877218
681.0   219.6387951150546
682.0   228.86456148638155
683.0   228.571210695915
684.0   235.50318106883955
685.0   238.89823328811022
686.0   252.4050781599355
687.0   257.5792130643737
688.0   251.6640213840321
689.0   254.7065442337675
690.0   261.83697812274033
691.0   268.9809468908908
692.0   272.7195731439834
693.0   280.7098644971503
694.0   282.17204405756036
695.0   280.2779868934153
696.0   283.18833395712164
697.0   274.77435671196974
698.0   288.72566100853396
699.0   296.9659629684858
700.0   288.948977393317
701.0   283.83796194751284
702.0   290.5016284177033
703.0   286.2201691218736
704.0   287.47561018941315
705.0   290.403173441442
706.0   286.7616202827297
707.0   291.98733591379755
708.0   286.3803449959259
709.0   277.58606443958246
710.0   271.16782789241597
711.0   272.4050968591908
712.0   262.10252237469035
713.0   262.25303526849484
714.0   258.61838528054534
715.0   259.3219520192914
716.0   251.8466879082671
717.0   252.13103761120755
718.0   249.42980279643874
719.0   244.89352777061663
720.0   241.50422461306582
721.0   237.89855610227332
722.0   242.56379120223028
723.0   239.59281700673358
724.0   236.44921180605374
725.0   227.02764565924332
726.0   235.38047449199868
727.0   229.29765673353975
728.0   225.28377459305196
729.0   234.79812181598217
730.0   220.85303528810533
731.0   223.270119090122
732.0   229.2062377689878
733.0   229.12112138037367
734.0   218.31343195177314
735.0   219.52899955731465
736.0   219.57979297816806
737.0   213.25370880623421
738.0   217.97626968331483
739.0   211.79213626244473
740.0   228.12510103973048
741.0   221.28755867741106
742.0   220.47249790537225
743.0   214.1571947175322
744.0   215.12060305118024
745.0   208.37358799512054
746.0   209.0927242251582
747.0   210.09494234166183
748.0   212.50865472776675
749.0   202.66270623751174
750.0   220.5818463145239
751.0   221.1235039885099
752.0   230.36590150758
753.0   232.28300814358633
754.0   244.43615229873416
755.0   252.16675375799844
756.0   257.96054348814937
757.0   272.9482098427898
758.0   285.84204180989525
759.0   287.339221736833
760.0   299.9888398361413
761.0   314.6651144442921
762.0   316.97817469453565
763.0   327.2759895983578
764.0   334.3484478188407
765.0   339.1125763106281
766.0   351.08808100486925
767.0   348.0521797089864
768.0   364.7807270951819
769.0   354.7671038746389
770.0   373.7908107341063
771.0   368.5126869511229
772.0   365.5776357808795
773.0   358.9335028857624
774.0   360.07668077584935
775.0   351.6926534909295
776.0   352.1028975772105
777.0   354.81906055777426
778.0   350.3278599862539
779.0   338.76322626075034
780.0   339.73343691595056
781.0   328.73355407665383
782.0   325.9503829423527
783.0   323.7623701973029
784.0   317.5699966364158
785.0   310.39555115487497
786.0   296.86181749391335
787.0   293.2062850665212
788.0   293.68105829984006
789.0   276.42060846920924
790.0   274.12180945502723
791.0   266.04564456143623
792.0   262.3238795712688
793.0   250.65831960317587
794.0   243.10433893303886
795.0   240.54877101572015
796.0   237.89945813711213
797.0   238.69190104800623
798.0   223.50078533103496
799.0   215.13075213007784
800.0   216.055441953383
