500.0   228.79640178074985
501.0   224.33982176125468
502.0   221.5229544465272
503.0   213.75763073424534
504.0   212.10683160944157
505.0   207.55604656598018
506.0   193.84408809607572
507.0   197.17417316468442
508.0   186.31644020461948
509.0   186.75387179384813
510.0   171.63119525145228
511.0   170.4595437328551
512.0   167.82722978085886
513.0   167.5397527632737
514.0   151.4971369076379
515.0   151.5249270621449
516.0   159.248419499521
517.0   159.54539345716992
518.0   156.71636328133118
519.0   154.66762929292938
520.0   148.5409347580989
521.0   154.24815680859692
522.0   158.27692550497537
523.0   153.38660016864142
524.0   153.51455181551896
525.0   159.75599640139075
526.0   164.2098652651824
527.0   172.82118254481819
528.0   177.39712375046366
529.0   181.42697759427642
530.0   187.4084911612453
531.0   196.40593912653193
532.0   201.28228779597947
533.0   209.1276234387392
534.0   207.48019351028245
535.0   219.99049200713765
536.0   224.8155509588833
537.0   230.14042180206522
538.0   239.69922161247402
539.0   243.75134085937617
540.0   240.35642095215232
541.0   239.7478527828958
542.0   238.036313996945
543.0   231.17448393773785
544.0   233.01034245725927
545.0   229.24320470720824
546.0   219.5096019974828
547.0   215.1196621848728
548.0   207.3312270513705
549.0   200.38677930138405
550.0   197.5090723664292
551.0   182.0401692188532
552.0   187.71820990304232
553.0   174.53987274921204
554.0   169.30948348492143
555.0   168.4117608601346
556.0   163.18257646738573
557.0   165.52693957578367
558.0   157.98974487216904
559.0   150.41563300637236
560.0   160.49438272912573
561.0   156.90858884044746
562.0   145.1565402093816
563.0   148.67072483907657
564.0   153.3918014094116
565.0   145.61623387314597
566.0   159.29878658256285
567.0   157.71271450099863
568.0   156.99720534965888
569.0   159.09289541696123
570.0   173.34996203524062
571.0   168.47020717412403
572.0   170.78303211754107
573.0   173.2059246428159
574.0   175.61103721169218
575.0   183.36706330215443
576.0   189.18981968627543
577.0   191.1697435564197
578.0   191.78706531191546
579.0   205.62825276757482
580.0   213.03299438166076
581.0   215.8466349434487
582.0   216.6659767431174
583.0   221.86126636518256
584.0   225.5757114640249
585.0   232.50000766883213
586.0   234.16632357084524
587.0   235.06074566548153
588.0   234.9185264088915
589.0   237.19711669005346
590.0   229.19766201851928
591.0   231.01151786386507
592.0   224.071878147344
593.0   222.8171898643154
594.0   218.51259833135722
595.0   217.55102261967858
596.0   210.01375981188946
597.0   200.8313379453197
598.0   205.76296751638668
599.0   195.42823274167415
600.0   190.6455814280827
601.0   187.5083202111743
602.0   178.38453516431025
603.0   189.1170955699348
604.0   182.3323423272722
605.0   174.58055210601245
606.0   181.41211081175192
607.0   173.4752768037728
608.0   176.43530760524746
609.0   163.62605217402833
610.0   168.7806617181388
611.0   169.52581355286765
612.0   176.53317595128934
613.0   166.01997555102977
614.0   161.57070532291823
615.0   162.92919596768886
616.0   165.2274444219468
617.0   164.13730974523506
618.0   161.94819589401592
619.0   162.52705829455263
620.0   168.35787736361587
621.0   178.91314180317286
622.0   172.8646856313693
623.0   182.78926714147855
624.0   188.76018618600983
625.0   197.26968940161169
626.0   201.52765168034554
627.0   203.87791010606603
628.0   210.50887733965078
629.0   213.03421945019417
630.0   225.53668603075192
631.0   221.81347161007758
632.0   230.289391681416
633.0   235.19222861716705
634.0   232.2950226602265
635.0   245.22655485214753
636.0   253.02825976451012
637.0   250.6684018072904
638.0   252.1635092562183
639.0   263.4235478106979
640.0   259.9031951502276
641.0   256.08916979047956
642.0   261.1488058864515
643.0   257.372999310001
644.0   256.96749677143
645.0   256.76337009828165
646.0   256.13599834193786
647.0   252.36256637914278
648.0   253.65992803436794
649.0   242.7764983581182
650.0   241.98582414599852
651.0   238.77411620888208
652.0   235.5901433781383
653.0   238.34395110848874
654.0   237.62628052184243
655.0   231.72922745748536
656.0   228.81463489544444
657.0   238.88715511231922
658.0   233.87650379199576
659.0   227.24051336673224
660.0   226.0349475399738
661.0   223.91461280505214
662.0   225.79864437865848
663.0   224.06687191544466
664.0   225.90537635704203
665.0   229.5187562705587
666.0   226.22253477644233
667.0   226.83323224906655
668.0   225.6320119502813
669.0   232.7484982392634
670.0   237.18679983180573
671.0   235.65156816418119
672.0   246.28869068457965
673.0   242.030882490545
674.0   247.06380031525828
675.0   253.3726382087861
676.0   249.14221720805747
677.0   259.2623991054098
678.0   264.001768192207
679.0   263.7368513563341
680.0   269.8523024314223
681.0   271.13941353174584
682.0   283.98421631697596
683.0   285.84010894944555
684.0   292.7996096261851
685.0   298.1042580201007
686.0   305.6943252401639
687.0   313.76965757010214
688.0   312.5011788422614
689.0   313.3696280301885
690.0   321.99997321491094
691.0   331.29415518841176
692.0   333.8515887276727
693.0   345.1313676341103
694.0   346.0069791073121
695.0   348.22631624648045
696.0   352.4212575830964
697.0   342.18165206890257
698.0   355.91972189457294
699.0   363.0786683172123
700.0   353.38453107595876
701.0   346.11276185113667
702.0   353.90066356684764
703.0   352.6293751871152
704.0   354.1281216659139
705.0   358.8642804850323
706.0   355.5113101763242
707.0   352.5049003948575
708.0   352.15077061033514
709.0   342.258601204055
710.0   336.12803101575923
711.0   332.2705695937314
712.0   326.148491013054
713.0   322.14515632753864
714.0   320.92581449239884
715.0   319.0131361047453
716.0   313.460534972598
717.0   315.1809453996839
718.0   304.67838686065124
719.0   303.0705122279665
720.0   303.3541185979592
721.0   294.98953539822753
722.0   300.24185197415784
723.0   295.7149952176314
724.0   295.3625206105163
725.0   283.94225351079183
726.0   287.65220807982416
727.0   283.78789955696357
728.0   285.46490705351425
729.0   292.04828099069323
730.0   276.3474515974924
731.0   275.53840350397036
732.0   278.64967210700706
733.0   283.0742407715794
734.0   277.77820318141914
735.0   274.4421362082355
736.0   270.3537436457767
737.0   265.0839628644733
738.0   271.0328258911404
739.0   265.0040697386962
740.0   280.9186123758926
741.0   276.81843569715363
742.0   272.99969978731315
743.0   265.9934959400059
744.0   268.5063390021716
745.0   260.6819420431042
746.0   257.02436885103964
747.0   262.286545151812
748.0   261.27756444257716
749.0   254.7810710530388
750.0   272.08287786180847
751.0   271.9639502083826
752.0   287.0803068822671
753.0   288.2146221691045
754.0   296.50629224474693
755.0   314.9905723330287
756.0   320.4103829621169
757.0   337.4735798014226
758.0   356.59832479205727
759.0   353.61176234999596
760.0   370.92651908635344
761.0   390.77834642225207
762.0   396.54958263122927
763.0   411.18174310862764
764.0   419.7821101219101
765.0   429.26178362112216
766.0   439.8644829478563
767.0   435.22759604782436
768.0   459.6180584693989
769.0   444.4281876866545
770.0   463.76677189454375
771.0   459.5327321155994
772.0   457.30031217399903
773.0   450.9261228370039
774.0   453.2414822408972
775.0   439.69926091316506
776.0   442.08062889640627
777.0   442.77483242473886
778.0   438.7593399755218
779.0   427.5828198585001
780.0   423.92738831949833
781.0   412.64536858453664
782.0   408.02256581107986
783.0   402.68682820692544
784.0   393.3094357277571
785.0   385.0078963663989
786.0   368.6150397451156
787.0   367.3933349438364
788.0   364.3045144511094
789.0   349.35766614218915
790.0   351.17782593371754
791.0   329.6284249167056
792.0   332.525532420526
793.0   315.2966449848453
794.0   310.15458738655036
795.0   302.4518820946855
796.0   296.7046527439794
797.0   299.8682513756696
798.0   284.2260168029453
799.0   270.74193138332095
800.0   270.8749284173517
