500.0   264.5356897088428
501.0   259.7413911163653
502.0   256.73675660295413
503.0   248.73783377193124
504.0   247.81416074645912
505.0   238.5719029637669
506.0   226.06687946245904
507.0   226.70527005247732
508.0   217.02682717254504
509.0   214.17549113331995
510.0   199.26581755921288
511.0   196.70177245004132
512.0   191.60919702686286
513.0   192.74986723307464
514.0   174.75614357670182
515.0   174.9614381973284
516.0   185.2105230372353
517.0   183.5205000029064
518.0   181.3124513303935
519.0   178.18876706883125
520.0   173.10126142789704
521.0   179.16259951331753
522.0   187.06196511452643
523.0   177.77466600832153
524.0   178.2682163926995
525.0   189.5791174910932
526.0   190.705390847862
527.0   197.66363665746022
528.0   203.29568220524317
529.0   211.83266323320686
530.0   214.98902620929238
531.0   226.90228452733933
532.0   234.90185733454757
533.0   243.14325477665716
534.0   246.73973026279543
535.0   255.83236982022473
536.0   260.9146450486025
537.0   270.5964095898489
538.0   276.5558658136142
539.0   285.9792659615018
540.0   280.0748043459196
541.0   276.78444686402804
542.0   276.85020057000196
543.0   272.7899396141711
544.0   272.46398685877307
545.0   265.028001282838
546.0   256.87454821672213
547.0   249.95400651850005
548.0   240.47949350807346
549.0   234.96890669903914
550.0   227.90673944824957
551.0   214.70282913988476
552.0   221.77474652248375
553.0   208.60518481497488
554.0   197.5434346148827
555.0   197.1881765270821
556.0   195.4153356693888
557.0   190.64980193655487
558.0   186.37062023519914
559.0   179.61025719112203
560.0   184.94010917754184
561.0   183.9572164028608
562.0   175.65637547422517
563.0   174.06539357294344
564.0   179.29541698461034
565.0   171.90653439798285
566.0   191.81865085393167
567.0   190.78754336469126
568.0   188.79738417859545
569.0   189.60778206818938
570.0   203.00055382517112
571.0   200.65438278359244
572.0   204.48318149635034
573.0   205.147199943911
574.0   209.66156931229915
575.0   217.73037885850803
576.0   227.8915030717722
577.0   220.73695234747765
578.0   229.43170630133915
579.0   247.7152778104706
580.0   249.30313059180205
581.0   255.2471269441378
582.0   257.13240376035003
583.0   262.5390721084917
584.0   270.4574695803252
585.0   271.2354658963865
586.0   274.1125207819847
587.0   274.5201043866586
588.0   278.47054211721786
589.0   280.05955951298574
590.0   268.8907701301869
591.0   271.3712343944485
592.0   270.414353627169
593.0   264.5752377445308
594.0   257.6421615217805
595.0   256.6778841587065
596.0   247.6581152974724
597.0   238.4224744251055
598.0   240.99365417354457
599.0   235.20001289214144
600.0   226.96838168963805
601.0   219.924971645656
602.0   213.14524307224752
603.0   225.389750465151
604.0   215.90603331979017
605.0   207.7163703188156
606.0   211.3896193048178
607.0   205.16807354676766
608.0   213.08566014114209
609.0   194.3225863803838
610.0   200.97911993802916
611.0   198.96878347470096
612.0   205.45986241881016
613.0   196.7329442796922
614.0   191.92645678990903
615.0   192.9378390865962
616.0   196.42322925245713
617.0   194.34540206617325
618.0   189.71783067363074
619.0   191.62816093548915
620.0   197.1355692176867
621.0   211.64921347059501
622.0   206.65408283444827
623.0   216.01912777739528
624.0   223.404481599596
625.0   228.8855602403695
626.0   240.4400798118351
627.0   241.50042517863093
628.0   251.9331928004438
629.0   253.72223110303432
630.0   261.05742749394284
631.0   265.4546384186169
632.0   271.69933134015287
633.0   282.3497770264497
634.0   279.43066590171895
635.0   295.05036779064494
636.0   299.5287256405484
637.0   297.78772178947906
638.0   297.5140643387974
639.0   310.8000771394238
640.0   313.0078400845308
641.0   308.53551662155064
642.0   308.12597444743267
643.0   311.39499021526626
644.0   305.8766723012583
645.0   303.0661812316118
646.0   302.6532450564605
647.0   297.8380918224927
648.0   302.6949394730317
649.0   289.42908341755395
650.0   288.386377116439
651.0   286.9091328634805
652.0   285.9986126689916
653.0   286.0886952059164
654.0   279.8196378752966
655.0   274.58116952164664
656.0   272.4103994227689
657.0   280.6892434486241
658.0   274.0374575449133
659.0   270.0950461123987
660.0   270.7234253720059
661.0   266.2657512526981
662.0   269.73839042089605
663.0   270.0008378710452
664.0   268.21602710808673
665.0   280.5819178387256
666.0   269.6706172860148
667.0   272.32311554496437
668.0   270.5331498272877
669.0   276.5467944301545
670.0   284.46089172896075
671.0   280.6708741348087
672.0   297.78878771687243
673.0   291.5098669830662
674.0   293.9913963643773
675.0   301.57009773415297
676.0   298.8976423673357
677.0   310.0768862053088
678.0   310.1054268142244
679.0   315.29299793385337
680.0   320.6830359575077
681.0   324.6755038010996
682.0   336.2690490120248
683.0   340.77187765317217
684.0   344.2042510313297
685.0   351.23351662011567
686.0   366.63935190343966
687.0   374.4886515259186
688.0   373.74898896821105
689.0   377.74459530517896
690.0   386.2649757187522
691.0   398.622565689608
692.0   404.08822473657904
693.0   412.4824938410814
694.0   416.14394873070887
695.0   417.14769519640856
696.0   421.2320833136036
697.0   408.876256987319
698.0   424.15779139194524
699.0   434.6373167036335
700.0   426.9945154335678
701.0   416.559330914137
702.0   425.5218308368872
703.0   423.53134306285847
704.0   425.27236577013116
705.0   426.62836925988574
706.0   425.48784330693525
707.0   425.199874391329
708.0   418.193092467332
709.0   409.8339922532642
710.0   401.06031042884183
711.0   400.7038053141884
712.0   390.9799315894991
713.0   387.338185519337
714.0   385.378189008902
715.0   383.0520746426379
716.0   371.74128669827564
717.0   382.66657710657813
718.0   368.9640734800065
719.0   367.7133452339458
720.0   360.10680469306305
721.0   355.1740624599196
722.0   360.5441013374104
723.0   359.01794811262425
724.0   356.4272273683523
725.0   341.96628525558464
726.0   352.01888433533634
727.0   340.39208868043863
728.0   337.68276573103105
729.0   347.3735462933313
730.0   328.01297375482153
731.0   328.8269594108966
732.0   342.03634276102923
733.0   340.31389910715933
734.0   331.1546492974983
735.0   331.08804294384083
736.0   323.4394648257679
737.0   319.60665216810696
738.0   325.1081090073209
739.0   317.81969487848613
740.0   339.45495024072784
741.0   328.4252099920832
742.0   327.39508081131373
743.0   321.1633938500868
744.0   324.763552996045
745.0   316.7042534672219
746.0   314.3670759307794
747.0   314.8559202721144
748.0   316.24589939720283
749.0   309.1752021867111
750.0   327.7959710392072
751.0   332.8441093065703
752.0   345.4446265914329
753.0   349.5609991272112
754.0   360.6876195835137
755.0   380.09171679883326
756.0   390.9682445894296
757.0   408.78789910086164
758.0   428.89240837862997
759.0   430.78815401234044
760.0   448.90764492050755
761.0   467.8288359769731
762.0   479.2069543731537
763.0   495.6759709122823
764.0   510.07397792759247
765.0   518.8553472618793
766.0   537.1039037995247
767.0   534.3956344296712
768.0   557.3482703309907
769.0   543.5375618681805
770.0   559.6030489325519
771.0   558.4670828776293
772.0   555.6941872924261
773.0   538.9742946569525
774.0   547.7239553496694
775.0   534.2101576000749
776.0   539.2771652174831
777.0   536.661932240007
778.0   535.289721435266
779.0   515.5970153008994
780.0   515.8893860191731
781.0   502.24546711020275
782.0   497.46762227234433
783.0   492.1442014818371
784.0   477.79503036238134
785.0   469.4708795922704
786.0   454.0566575742399
787.0   445.34676681116036
788.0   441.51805477197945
789.0   418.83239282886984
790.0   420.494175501891
791.0   405.80221109884053
792.0   401.9651977515359
793.0   385.09886290919565
794.0   376.8866777087562
795.0   371.847674893104
796.0   357.55521101307124
797.0   367.8368615152065
798.0   344.56087590177617
799.0   325.9632520760429
800.0   326.0462329805888
