500.0   294.34261636293627
501.0   290.60067684766386
502.0   287.513768133888
503.0   284.8344392202123
504.0   279.26307370175016
505.0   272.2490410679216
506.0   255.98742963758508
507.0   254.89692264214915
508.0   242.64971488719686
509.0   238.5510788184788
510.0   223.67604000633608
511.0   219.88317300140412
512.0   218.9179276518266
513.0   217.16531102639672
514.0   203.14385318925716
515.0   199.1516553041318
516.0   208.40117259932646
517.0   207.75491716289017
518.0   203.69384031839925
519.0   202.78499455292982
520.0   198.578394855621
521.0   204.93579781785454
522.0   208.2603375195744
523.0   200.4562608349772
524.0   203.91983232118903
525.0   214.00076497025628
526.0   215.79433753022695
527.0   227.15633933101597
528.0   234.22257616679843
529.0   244.44919986203513
530.0   249.15596015728966
531.0   259.55776066544536
532.0   265.4842394949367
533.0   275.44908645451846
534.0   281.57821296774154
535.0   289.32013934508564
536.0   293.45303793080956
537.0   308.6220987523046
538.0   314.66871827328896
539.0   319.81738962387135
540.0   316.53648878741444
541.0   318.2020813777016
542.0   309.1862126288501
543.0   311.7519528440042
544.0   307.5588363784765
545.0   301.2268515600302
546.0   294.58781928648193
547.0   283.7317677687415
548.0   269.71253012096565
549.0   269.67850628964345
550.0   261.19413162452975
551.0   247.01965037763196
552.0   251.44166033001798
553.0   235.6476392430744
554.0   225.9332153053365
555.0   223.81506451571212
556.0   219.26641439925885
557.0   217.54500289828002
558.0   213.17013724308075
559.0   204.90775952475585
560.0   212.3166430999978
561.0   214.32229530188908
562.0   199.9766038402571
563.0   201.1043835411774
564.0   208.0327399911151
565.0   199.7920605216276
566.0   215.06966820320258
567.0   215.3221326344663
568.0   213.79569788181516
569.0   217.08444722909027
570.0   226.66537449842136
571.0   225.1900430864494
572.0   232.0972171757799
573.0   235.845727170241
574.0   236.75268561985035
575.0   249.0719116469364
576.0   257.9225032918765
577.0   258.85901651693894
578.0   266.66681967913456
579.0   279.20864664433054
580.0   285.4531411009566
581.0   290.9801372723831
582.0   293.32451763894267
583.0   301.35494540989987
584.0   304.0227058192392
585.0   311.3020979382784
586.0   314.219933949676
587.0   314.10871408208664
588.0   316.9699267529264
589.0   320.96856779308257
590.0   312.9287587187845
591.0   309.7104977558537
592.0   306.11479037151344
593.0   302.74869495468363
594.0   295.0786632684808
595.0   293.5408004145797
596.0   283.46639227762716
597.0   274.30130799209155
598.0   279.19433319659754
599.0   267.765995282044
600.0   262.0691641736572
601.0   254.6111469467558
602.0   245.96642226985625
603.0   257.92298231190244
604.0   249.4817981022995
605.0   244.19290879882058
606.0   246.86235858086155
607.0   239.8214148076568
608.0   243.7160936749497
609.0   222.9699412598367
610.0   231.38938699887734
611.0   231.00905994973476
612.0   236.57876906856373
613.0   224.30646539395067
614.0   222.83013212043528
615.0   224.45495355218574
616.0   224.6845592014659
617.0   228.87036868369447
618.0   224.47318338185224
619.0   222.90492411333642
620.0   230.6759689694815
621.0   242.68078466243676
622.0   241.0120758345991
623.0   256.8565427510583
624.0   257.47112640678876
625.0   264.46617429407047
626.0   275.04271157095593
627.0   279.7713195689237
628.0   285.4462859794936
629.0   293.3801726144678
630.0   306.5261082327717
631.0   309.210554400056
632.0   315.25296251563293
633.0   323.31359777490206
634.0   326.21568157308866
635.0   337.506765120258
636.0   344.6230141741544
637.0   347.25939972798517
638.0   344.12700108605134
639.0   360.150016832057
640.0   359.69837314608185
641.0   357.7996254884597
642.0   357.9731346348406
643.0   358.7224375440951
644.0   354.7317090052271
645.0   355.7407579900152
646.0   353.326963171857
647.0   345.07858660608986
648.0   349.1638386225551
649.0   337.01973652853195
650.0   335.1930052868478
651.0   335.0476410926901
652.0   331.19226919384204
653.0   332.1452933521521
654.0   328.57627887860536
655.0   319.39975963754915
656.0   317.4610000061224
657.0   325.85675874238757
658.0   314.7362956843475
659.0   315.36943125213577
660.0   312.4750693178669
661.0   309.1134286253215
662.0   318.3098259928696
663.0   310.67056973343927
664.0   311.22920880774075
665.0   321.81037374764236
666.0   314.3383467061452
667.0   314.48377792091117
668.0   312.1536727999551
669.0   322.7016514794118
670.0   330.8969453441625
671.0   328.1109169814969
672.0   340.73518126316964
673.0   337.01608335549486
674.0   342.67931611207536
675.0   349.82824496380823
676.0   348.43898532212563
677.0   361.9613040542532
678.0   360.7604208053067
679.0   370.2154441587402
680.0   375.354610090255
681.0   378.113454049041
682.0   395.9875528327926
683.0   396.5737547173941
684.0   405.0008574291843
685.0   416.0771916386833
686.0   425.9746034395167
687.0   437.0567970236699
688.0   437.79342842325207
689.0   441.16213767681694
690.0   452.11187180288164
691.0   461.22563488694504
692.0   470.1124448171598
693.0   483.62236876407184
694.0   484.4538042468438
695.0   486.58348050996096
696.0   486.60390701783564
697.0   479.9407544662301
698.0   502.03669949340986
699.0   512.7919146283353
700.0   499.6879864939714
701.0   487.2266221767283
702.0   501.7819445284153
703.0   491.8369841830337
704.0   498.23149162674827
705.0   497.6439372676658
706.0   491.6863293798583
707.0   495.0068369069021
708.0   491.95597127293195
709.0   482.7021223397876
710.0   473.7213233441728
711.0   472.4866029267934
712.0   458.89913181021336
713.0   453.17844669257977
714.0   451.69097830131847
715.0   448.24509417440925
716.0   439.8870586839405
717.0   439.20625948410253
718.0   428.55453481774543
719.0   430.00743096412225
720.0   421.5989550068706
721.0   416.1832793571749
722.0   423.43718000514906
723.0   422.56587950514256
724.0   415.6558818334995
725.0   402.2242040057724
726.0   406.5339294522844
727.0   405.295965785995
728.0   400.2435716537317
729.0   413.11534884035643
730.0   386.76274617112443
731.0   391.04643789125055
732.0   397.06322246946615
733.0   399.71638364663755
734.0   391.6294110211295
735.0   394.7630934440223
736.0   379.9477293307258
737.0   376.8030133959513
738.0   382.6265110348446
739.0   376.7471231056979
740.0   397.4753607111164
741.0   385.4209080257282
742.0   385.56334721846554
743.0   377.1542862000355
744.0   378.8863088421443
745.0   371.164758594862
746.0   366.8589226820766
747.0   371.19872093001595
748.0   371.8360909862042
749.0   361.3238526479498
750.0   386.52086223875233
751.0   383.86096013244673
752.0   407.6771988775288
753.0   409.1828125167294
754.0   427.35749776908966
755.0   446.06436019689755
756.0   459.30480149657075
757.0   478.0197118084574
758.0   508.1605955453332
759.0   510.4149270198186
760.0   529.5184437129564
761.0   554.0830551470539
762.0   567.5738784243531
763.0   589.2905910053845
764.0   599.1505725660959
765.0   610.9674677336789
766.0   632.4276202645642
767.0   630.759742543119
768.0   656.6171623748404
769.0   639.7309248097389
770.0   659.3987829031648
771.0   656.8033245866061
772.0   654.1774718063654
773.0   645.0693236677382
774.0   647.2020239753405
775.0   630.4930570584113
776.0   634.6102273800159
777.0   632.5018888304035
778.0   634.1699987322455
779.0   613.453295134586
780.0   608.5197084106296
781.0   598.5978412591229
782.0   582.5413863869003
783.0   580.956380504249
784.0   567.6072166061252
785.0   554.1400815725228
786.0   536.7664219460501
787.0   525.8962258702338
788.0   522.1533966303684
789.0   501.5615542411065
790.0   496.76468355299363
791.0   480.210818979205
792.0   475.8708590007607
793.0   453.9788570599801
794.0   444.16096853316276
795.0   434.1651847955619
796.0   424.9151825510796
797.0   431.29403864602665
798.0   405.54213832622315
799.0   384.9502963679128
800.0   384.8322637658771
