500.0   324.8320596930264
501.0   319.70230044521145
502.0   318.99261734567955
503.0   308.54361440465914
504.0   307.5276575768885
505.0   295.0916124057527
506.0   281.48045988359496
507.0   283.62173885870516
508.0   271.26912828202484
509.0   263.26547374675647
510.0   245.68535897423433
511.0   247.30501881675244
512.0   243.40231196143245
513.0   242.43216744236256
514.0   221.27684170473086
515.0   222.15692196474504
516.0   234.57182628022792
517.0   230.0483236603737
518.0   224.9491482968496
519.0   230.33421409410604
520.0   221.01348785036583
521.0   225.6406888884724
522.0   232.24195844453047
523.0   227.05922756127526
524.0   227.00189764318392
525.0   239.28912656182746
526.0   244.05611911580328
527.0   254.66848977211666
528.0   262.2668477046489
529.0   268.2566717143356
530.0   275.68462112405365
531.0   289.2116143397991
532.0   294.7380306624324
533.0   304.4617788823952
534.0   308.454432595731
535.0   323.0632043714269
536.0   327.9393706849574
537.0   340.6072722791703
538.0   351.45746056538974
539.0   359.2441624140457
540.0   352.22083944628844
541.0   353.23753211757014
542.0   345.2548369287758
543.0   349.2197477978216
544.0   345.1644036776486
545.0   336.16014221926184
546.0   323.860190436586
547.0   315.250551862727
548.0   308.34878759601804
549.0   302.42638240054623
550.0   292.01873054132966
551.0   273.3576474597156
552.0   286.00242102782806
553.0   262.1530722435714
554.0   252.96595919907776
555.0   253.19151822713943
556.0   246.83305123521927
557.0   245.89266490501774
558.0   243.62972361623386
559.0   230.99222181541117
560.0   237.0505852409857
561.0   236.34146277857525
562.0   222.3571163132416
563.0   227.0994750743518
564.0   233.58374401733576
565.0   225.4271549413121
566.0   242.2578934607314
567.0   243.97431402085226
568.0   238.79677881385214
569.0   248.18239264790876
570.0   260.545070953601
571.0   257.9835180072224
572.0   259.5351860125288
573.0   265.72665902862286
574.0   268.6000352714701
575.0   280.4837095494107
576.0   289.2103944514755
577.0   290.5635610665005
578.0   301.01627666972234
579.0   316.0364328997565
580.0   320.802894246669
581.0   326.5656785044187
582.0   329.5273484580498
583.0   337.80851241653863
584.0   343.9226230309753
585.0   348.9187010984706
586.0   351.5284883410662
587.0   355.6060932943214
588.0   353.93330920802316
589.0   356.3997002009555
590.0   351.53837792257775
591.0   352.850848741429
592.0   348.55288161097405
593.0   342.34343132714935
594.0   331.9820048628975
595.0   330.8329613284213
596.0   318.6925933836876
597.0   308.92892144026416
598.0   312.5943106812906
599.0   303.89551220288394
600.0   294.1963953102969
601.0   287.5867686373378
602.0   277.73431551051453
603.0   291.4804692538029
604.0   278.3805499164456
605.0   268.67607499323594
606.0   278.2939403183399
607.0   269.80157809399475
608.0   272.1941184823088
609.0   253.14495714463206
610.0   257.8562649543327
611.0   261.6791110191611
612.0   270.7523256703279
613.0   256.8269103555341
614.0   250.17244539588648
615.0   249.90711638055492
616.0   254.43436168455577
617.0   257.9550653424292
618.0   248.70133143809144
619.0   250.90534258834552
620.0   259.5358572210188
621.0   277.18277104139975
622.0   268.246315120575
623.0   283.972826686965
624.0   289.70976110048923
625.0   297.99445857080724
626.0   315.1439765396509
627.0   316.22923295394617
628.0   326.5021510633249
629.0   334.07851501088317
630.0   347.5591325593587
631.0   352.2713267109044
632.0   356.14439268880597
633.0   371.3539473175068
634.0   368.1695429501357
635.0   385.1686607464924
636.0   387.76910310074277
637.0   396.181667657253
638.0   388.44375510974737
639.0   407.9389447171688
640.0   409.52435610923885
641.0   405.0861433567421
642.0   404.25012346735906
643.0   408.61051297671963
644.0   402.8558704835849
645.0   401.8799978419366
646.0   399.1005635313314
647.0   395.39969023840877
648.0   395.84093202391193
649.0   387.01043761004627
650.0   380.26609252770993
651.0   378.28221147626243
652.0   376.7365051630731
653.0   378.8179745403373
654.0   372.4009054772129
655.0   362.1190122808847
656.0   362.29844583885836
657.0   366.48280982781375
658.0   362.2086249781503
659.0   355.3330105920272
660.0   355.20159410259805
661.0   353.98672370368854
662.0   356.5044200284624
663.0   352.8603610075435
664.0   354.3632836271183
665.0   363.65004925186105
666.0   360.0437618737758
667.0   360.25347405168856
668.0   358.1993567105379
669.0   363.3733224339052
670.0   374.3569625093522
671.0   379.0302397858772
672.0   388.31574150841965
673.0   386.1054756253486
674.0   388.7634043121562
675.0   398.7323660642979
676.0   398.42339032459415
677.0   412.12630819978835
678.0   411.39431779967015
679.0   423.3564011269103
680.0   425.29551637308606
681.0   435.5011227066184
682.0   450.6903167841272
683.0   456.258442886779
684.0   466.10930507533783
685.0   474.2232215518403
686.0   484.6378799119368
687.0   499.66666921693945
688.0   491.89385763002383
689.0   507.5898097625148
690.0   518.8189268507195
691.0   532.5488205266706
692.0   542.3936045969526
693.0   553.400957729375
694.0   550.3559125670774
695.0   552.5869793861671
696.0   560.9256100442794
697.0   544.5490795325268
698.0   572.6887412958508
699.0   583.2770501027691
700.0   574.2333976638258
701.0   564.3783369621367
702.0   575.5369907101142
703.0   567.9309062511114
704.0   567.7558856053536
705.0   570.974967908713
706.0   566.0048362037
707.0   569.2038201293545
708.0   564.9015322480265
709.0   553.0526459183048
710.0   541.3584388613045
711.0   538.1780070904458
712.0   526.8189351686812
713.0   524.0692495485637
714.0   515.6626446483949
715.0   514.2734830344548
716.0   501.97336295912
717.0   507.45945489462355
718.0   490.22423443119374
719.0   494.1745222200731
720.0   487.4414432042548
721.0   478.21886136517674
722.0   485.0183330190584
723.0   474.43758175928986
724.0   473.83247986343565
725.0   458.3518510994898
726.0   467.8289596282232
727.0   457.1002780131678
728.0   456.81302052966566
729.0   467.7427915652305
730.0   444.39008088799386
731.0   445.88953062404244
732.0   455.2580990681015
733.0   459.6738972452569
734.0   452.37678180440525
735.0   444.13884371755205
736.0   434.54033955825696
737.0   429.27449422826817
738.0   437.98651304174075
739.0   430.1566077995844
740.0   451.2501060664748
741.0   441.23839202078307
742.0   443.70985535751163
743.0   433.3435984497155
744.0   433.0483806732779
745.0   427.7576435690208
746.0   421.8364310999343
747.0   426.26436847581635
748.0   427.62147720277176
749.0   415.28685456892936
750.0   440.71250628612995
751.0   441.72731560137356
752.0   460.1173116404219
753.0   470.8298490218243
754.0   492.13573353789553
755.0   515.0194492738385
756.0   526.9593609125866
757.0   548.7602747201813
758.0   580.2273690970868
759.0   590.0328275499866
760.0   611.766272742573
761.0   637.3060564087557
762.0   652.1834594961904
763.0   677.9717892876652
764.0   688.7757035114741
765.0   703.0991333777832
766.0   722.9802874876498
767.0   725.1844035376658
768.0   755.6604011604454
769.0   739.0232364331871
770.0   764.9592885612767
771.0   754.0206164000883
772.0   756.5857152851944
773.0   741.1895553554282
774.0   745.5194792250775
775.0   728.7869717698628
776.0   730.9345729051756
777.0   734.7919410022558
778.0   729.4020748974319
779.0   703.8410288037736
780.0   704.5132152009387
781.0   689.5519992270728
782.0   677.7823212866422
783.0   661.2058872490643
784.0   652.2535408400416
785.0   636.4563279214711
786.0   618.0929396532306
787.0   610.1152772206343
788.0   598.8647986581971
789.0   574.7990236085615
790.0   575.3770992397185
791.0   551.4031465659542
792.0   544.8998596865544
793.0   524.4160237696074
794.0   509.5278275800539
795.0   502.27958001363936
796.0   489.9481296839149
797.0   491.6375026846718
798.0   467.150544077067
799.0   447.9447562575944
800.0   444.9330782259724
