500.0   357.56760700137283
501.0   353.6604816266629
502.0   351.95797674488847
503.0   341.5027489030532
504.0   335.02676382125094
505.0   325.16676656391473
506.0   313.7408603237465
507.0   306.76136472363675
508.0   296.4718138368953
509.0   291.09967256208773
510.0   271.5849785474213
511.0   271.4404496822299
512.0   268.07684581083606
513.0   265.9217662297116
514.0   242.44150126895553
515.0   246.25827992789561
516.0   255.22302465256087
517.0   257.8938292331877
518.0   248.2136155063541
519.0   247.0099747588429
520.0   242.63926621017822
521.0   248.78099947121788
522.0   257.53367161134054
523.0   247.39252045562623
524.0   250.27709671144757
525.0   261.48327758865275
526.0   269.3852325059087
527.0   278.5692841549027
528.0   286.83009110605417
529.0   295.309693382792
530.0   304.9312179846416
531.0   320.93142269271766
532.0   328.56309070157727
533.0   337.0732091147073
534.0   344.07733325361835
535.0   358.3625333498069
536.0   367.00180400026335
537.0   380.6788026341885
538.0   386.9025001387922
539.0   395.0310866014818
540.0   391.5901786307579
541.0   393.6136682804913
542.0   382.7947741719376
543.0   384.3291174972453
544.0   382.1137384142885
545.0   376.9169291986002
546.0   361.1160109646954
547.0   350.8201654260655
548.0   338.7637615159326
549.0   330.57982510024067
550.0   319.719016785436
551.0   303.9291402142783
552.0   310.5025598357138
553.0   293.33401643835884
554.0   285.032072565294
555.0   277.98379687230056
556.0   271.19886894137255
557.0   268.3674673371076
558.0   268.83071137249453
559.0   256.26088996381384
560.0   262.3067310672589
561.0   264.98926524656497
562.0   245.95289999997595
563.0   248.90538303871938
564.0   259.14187739628437
565.0   250.16997930945996
566.0   266.87133391039634
567.0   269.6255121569608
568.0   268.1943580324163
569.0   271.68120469151756
570.0   288.14196668750105
571.0   286.28685180437935
572.0   289.803468720825
573.0   295.5458378913846
574.0   299.09370263599624
575.0   309.08338950464633
576.0   318.67073475930164
577.0   324.8128952808851
578.0   328.96311989609507
579.0   344.4008169564255
580.0   358.4913313491721
581.0   363.7023606446409
582.0   365.58441089119174
583.0   374.8244243658294
584.0   384.4863656348866
585.0   390.45173364273126
586.0   391.88109912331714
587.0   394.37182062932294
588.0   393.7168436986442
589.0   402.6261609384046
590.0   390.5676675449631
591.0   393.545017213488
592.0   383.21623804383535
593.0   376.9699999734738
594.0   371.72182761362785
595.0   368.8629741888786
596.0   359.45386105837326
597.0   345.9318326205648
598.0   348.2523333989617
599.0   335.2627154166376
600.0   323.5420270892648
601.0   323.076021852784
602.0   310.0604349427808
603.0   324.2220024049063
604.0   308.9546046272469
605.0   299.33979325580026
606.0   309.7667812161775
607.0   299.5319129319479
608.0   301.51209728244635
609.0   278.21308542188547
610.0   289.03816616887684
611.0   290.7927247228028
612.0   298.41861753656417
613.0   284.9706509551487
614.0   275.5689994921549
615.0   278.77803140184915
616.0   283.71561551772305
617.0   289.6088919954493
618.0   278.26995096597045
619.0   279.64219017937296
620.0   293.64090633296007
621.0   306.12965247884813
622.0   301.882635749191
623.0   319.899558140956
624.0   323.57761937531757
625.0   332.8933185578652
626.0   349.6938967392206
627.0   355.40389460511653
628.0   364.1265972272151
629.0   372.78596171665606
630.0   387.76742571670974
631.0   391.541736016148
632.0   401.44523839683507
633.0   415.2015217194215
634.0   416.6102680780177
635.0   428.79760499604754
636.0   435.84053644798837
637.0   442.651264690336
638.0   434.59623190905563
639.0   456.59775133425745
640.0   457.67690847048357
641.0   454.1019340035682
642.0   453.7100467750111
643.0   455.9592403024229
644.0   448.3738026986715
645.0   449.365755734096
646.0   445.2714854685983
647.0   441.0607374063751
648.0   440.64613649438206
649.0   431.9383934134143
650.0   426.1612967482373
651.0   421.29231875095786
652.0   422.0041271678244
653.0   420.18180673960984
654.0   412.88708030014465
655.0   405.0460025551931
656.0   405.72861566671247
657.0   412.08808753328844
658.0   401.78769425008
659.0   398.64803998228444
660.0   399.8821816623532
661.0   392.24521013751485
662.0   392.3830543558897
663.0   396.01676557206974
664.0   401.27303274197556
665.0   408.9362995293582
666.0   401.5553006357454
667.0   400.51618467024053
668.0   398.19532751801125
669.0   407.2989912518807
670.0   423.71905106050605
671.0   424.1867337378822
672.0   437.8782894059588
673.0   430.9274016401723
674.0   437.47826889801655
675.0   445.81307530040755
676.0   443.3991922775151
677.0   460.61872057585754
678.0   467.3178354416582
679.0   472.1775772606534
680.0   483.985015276859
681.0   485.74584135186467
682.0   509.0625358879111
683.0   513.1269567174679
684.0   521.8054278231501
685.0   537.9076489633601
686.0   550.1397695370206
687.0   557.4836111274118
688.0   562.4900824022662
689.0   572.1308484721203
690.0   582.313753315952
691.0   593.4028754187719
692.0   605.2762585516444
693.0   627.0465469470498
694.0   621.2576772412976
695.0   629.923890808561
696.0   632.6916057875987
697.0   615.3395795139493
698.0   643.8545378363086
699.0   657.4612786389716
700.0   647.3108263296489
701.0   631.0117819344539
702.0   648.5240455435905
703.0   637.747240481855
704.0   640.3416449988745
705.0   645.783998406151
706.0   639.7403309437785
707.0   647.5404799433157
708.0   632.8305144256435
709.0   623.7948248871165
710.0   610.0610129112204
711.0   605.5207338592286
712.0   594.6052257629402
713.0   585.4089552287282
714.0   580.2636371482874
715.0   582.1568347457425
716.0   565.4126698131048
717.0   576.4850091566975
718.0   555.325904420991
719.0   557.0804692364477
720.0   549.2042003322782
721.0   538.4444961571445
722.0   546.7998746888659
723.0   544.4471845191433
724.0   542.0306814068996
725.0   520.9037300441603
726.0   523.0654832198695
727.0   516.6090845288765
728.0   519.11142666597
729.0   524.2474783691886
730.0   496.1477958336042
731.0   504.6527256338021
732.0   514.1300712707829
733.0   517.7174748264779
734.0   509.88176036725565
735.0   501.1400973491312
736.0   494.50596619910164
737.0   485.0677992286112
738.0   494.7374366391888
739.0   487.63521027884957
740.0   510.73588253766684
741.0   497.5020276430629
742.0   506.3694679319525
743.0   494.4170411006821
744.0   492.96509569246945
745.0   478.48102868166626
746.0   475.2853722506504
747.0   479.13064213915425
748.0   478.43800575822866
749.0   471.89452289868086
750.0   499.6434465299917
751.0   500.96901042242166
752.0   519.9485807560193
753.0   535.6373825476719
754.0   552.8735094366111
755.0   576.9978642732942
756.0   596.4411328739393
757.0   624.080737012221
758.0   657.9756106282018
759.0   664.5792957716636
760.0   690.9463129922627
761.0   714.3589479994234
762.0   740.0215889232347
763.0   769.6648156006228
764.0   784.4925861415875
765.0   799.8882486773995
766.0   819.7706565047299
767.0   816.626668775157
768.0   852.3800523960725
769.0   845.0782769781858
770.0   866.1775612782753
771.0   857.9302400560862
772.0   857.6934418991425
773.0   840.3702956112497
774.0   850.5531486453164
775.0   828.07862138512
776.0   832.189674189163
777.0   830.4942676762796
778.0   827.8368696603965
779.0   797.5580384523455
780.0   797.1200952851327
781.0   777.8051019428972
782.0   765.687583660368
783.0   753.604214073187
784.0   742.0700576362798
785.0   723.1693521172301
786.0   698.1323011945507
787.0   691.121420121529
788.0   683.8337611895558
789.0   660.7047317756493
790.0   646.8843029031086
791.0   626.4862837120146
792.0   620.4620856276208
793.0   596.2799542374805
794.0   584.0534572617785
795.0   567.5930057440244
796.0   555.2726334935383
797.0   561.7550042926034
798.0   529.8562057216111
799.0   508.0457543973478
800.0   504.45824158215714
