500.0   385.5096584873762
501.0   380.78399274658784
502.0   378.2968003594103
503.0   369.326330430608
504.0   362.28237682600866
505.0   353.1797335615331
506.0   333.152044684553
507.0   335.250083302259
508.0   321.06913534624437
509.0   312.56890577173095
510.0   291.83489810313426
511.0   292.24924701097154
512.0   285.8733264871357
513.0   287.5608058872982
514.0   260.7408256985051
515.0   263.00788612016174
516.0   274.3330334535061
517.0   273.5273155785401
518.0   269.55643382679887
519.0   270.1453710587689
520.0   260.4622507991099
521.0   265.71417259922305
522.0   276.98097037527646
523.0   269.6189955067987
524.0   271.9885565103639
525.0   282.66527708276976
526.0   288.09608572045124
527.0   299.44533983409417
528.0   312.92856517818365
529.0   320.77780561246306
530.0   333.3314947850094
531.0   347.6364196446108
532.0   352.89004375022466
533.0   367.35449529049356
534.0   374.3509774861012
535.0   385.70065039086217
536.0   395.51891112074946
537.0   409.32014863622805
538.0   420.4872761659942
539.0   428.20831005607465
540.0   423.3730793798653
541.0   424.3241838582852
542.0   420.09628842833007
543.0   417.2701699404174
544.0   410.9297470549968
545.0   401.70079186035514
546.0   392.18181387071274
547.0   380.3065351626111
548.0   365.2848652684872
549.0   358.00011920232214
550.0   348.01686781767273
551.0   329.9263636870977
552.0   339.7370600588614
553.0   317.03437519118256
554.0   307.06377163485837
555.0   300.8643235834953
556.0   296.96274477232015
557.0   295.14163258587905
558.0   294.3594115204364
559.0   277.7618491020962
560.0   285.33012541411296
561.0   284.7246519879734
562.0   266.0553182030628
563.0   270.81784440576564
564.0   281.0658242626545
565.0   274.3529409782499
566.0   293.2318227413241
567.0   292.6795932354906
568.0   288.19777204352147
569.0   298.3043491234947
570.0   312.8881591410302
571.0   311.6351899673769
572.0   312.7370044443377
573.0   322.0933394002341
574.0   325.62732793211006
575.0   344.43520772862485
576.0   346.1411384744628
577.0   348.5903799531337
578.0   360.4387301887227
579.0   380.96023018990934
580.0   392.8415539710469
581.0   396.7459881417903
582.0   400.7742014496416
583.0   408.32217246340224
584.0   416.86295115433245
585.0   422.6795567048516
586.0   427.08740023437946
587.0   430.93661628480385
588.0   433.3587570414554
589.0   433.81116353994616
590.0   424.056671088846
591.0   431.0959094592886
592.0   412.5475250499587
593.0   413.5752806044627
594.0   406.79637598141255
595.0   397.45802989880923
596.0   388.08581581142334
597.0   374.9414507328694
598.0   375.1104398150085
599.0   366.31398601445363
600.0   357.0386643597594
601.0   349.76205182296593
602.0   334.37889445695413
603.0   351.5076472023106
604.0   336.25417854433715
605.0   329.26733008469387
606.0   339.0661291937949
607.0   330.92505360337793
608.0   333.06760656326423
609.0   309.6875364160943
610.0   319.54981878145963
611.0   320.33858574787973
612.0   324.51451459679095
613.0   307.7824768900957
614.0   304.3394842858945
615.0   306.27118339621893
616.0   307.8930232461701
617.0   314.46142364485695
618.0   304.6329980466619
619.0   308.4498903495934
620.0   315.94086009672253
621.0   334.37796933297477
622.0   327.8350223269063
623.0   345.0132861864633
624.0   356.20681021600353
625.0   365.0115160189363
626.0   382.749055344662
627.0   387.99414239963346
628.0   398.91189683251383
629.0   405.86918230661183
630.0   426.97128951709755
631.0   429.67530577461025
632.0   440.1473337349564
633.0   449.82013847826215
634.0   453.6679927556297
635.0   473.0371627576295
636.0   476.70058436789327
637.0   484.7843783196007
638.0   480.55639598297387
639.0   499.6793634429103
640.0   499.63383713525036
641.0   493.30702799525795
642.0   496.4771477831346
643.0   497.62654723157664
644.0   495.7882400278287
645.0   492.3979594880422
646.0   490.9470309562126
647.0   485.4192962618224
648.0   484.4852135948428
649.0   472.634059438224
650.0   462.92508989358646
651.0   464.38513525471956
652.0   464.8207793495166
653.0   461.191316988644
654.0   453.6513587491989
655.0   447.6691612667681
656.0   443.3171615226869
657.0   455.7844690096156
658.0   439.4171221762904
659.0   438.21542449883657
660.0   439.0946892060225
661.0   436.312530976793
662.0   437.417629978499
663.0   434.2183166588229
664.0   442.6848424975388
665.0   453.2398287819744
666.0   439.1544734785872
667.0   442.6554749926085
668.0   439.12691937811223
669.0   446.8915067719055
670.0   467.4876878555892
671.0   468.33477898712175
672.0   481.2029327355371
673.0   471.8208750639528
674.0   481.40396740480793
675.0   495.4714610821066
676.0   486.93067066697665
677.0   506.92109768507623
678.0   511.2397823050361
679.0   521.5506509987645
680.0   530.0714045774318
681.0   538.343346667133
682.0   554.6659896170204
683.0   561.8714714592744
684.0   572.4053828125392
685.0   588.0527328138809
686.0   607.0211487905837
687.0   618.4356825643667
688.0   617.5431572509592
689.0   629.6854477641125
690.0   644.8596370693705
691.0   654.6323555788402
692.0   669.8299955066956
693.0   691.7105134941626
694.0   688.167261336976
695.0   692.7423520507724
696.0   694.8568028573343
697.0   681.6572651810877
698.0   709.8639469586799
699.0   723.5748696778644
700.0   709.904916156395
701.0   695.5170472685875
702.0   713.3506108364234
703.0   702.3464568431906
704.0   710.349186068163
705.0   711.4543641013795
706.0   704.5228572772802
707.0   704.9626792788267
708.0   696.2233487090123
709.0   689.1897494130357
710.0   675.1032269753025
711.0   665.4448662656382
712.0   657.7497211498505
713.0   643.1281252069177
714.0   646.6648553796663
715.0   642.8266728967682
716.0   623.476420689157
717.0   635.4094425158337
718.0   614.8808991785357
719.0   617.0524726397298
720.0   603.818491619925
721.0   596.8872481340508
722.0   599.3357203524645
723.0   597.7915445674254
724.0   595.5841801592171
725.0   573.9704717633128
726.0   578.5623134062994
727.0   577.4913868149733
728.0   573.3420243398709
729.0   579.6439143926823
730.0   549.0130184298635
731.0   558.4988138637935
732.0   571.2882335985802
733.0   573.509918337619
734.0   564.970739907132
735.0   561.46286096264
736.0   546.5973570814816
737.0   539.345106117427
738.0   546.909431952672
739.0   539.3856673822572
740.0   566.0345612985573
741.0   552.0181525344096
742.0   554.5971679881749
743.0   541.195903934949
744.0   538.6829847046815
745.0   533.1429255192559
746.0   524.7805764634442
747.0   529.9493236484414
748.0   531.74114106696
749.0   519.586582393579
750.0   548.7716509596069
751.0   557.0752085625912
752.0   575.4395111700989
753.0   590.6045756055572
754.0   613.1570462178111
755.0   641.6406679471775
756.0   662.6052828930913
757.0   691.2134740011829
758.0   728.8462826023105
759.0   735.084265634817
760.0   766.2995844917195
761.0   797.7667215581154
762.0   822.6977129605878
763.0   856.630206295914
764.0   873.5049949582287
765.0   886.5733527098977
766.0   910.2910110384887
767.0   908.012790406447
768.0   954.700781134054
769.0   932.0527301958762
770.0   962.3020647179974
771.0   959.1068457997258
772.0   954.7250519309655
773.0   931.6408196223636
774.0   940.8083656115888
775.0   920.9928900614008
776.0   921.1211303000141
777.0   929.0368390263368
778.0   920.4155797560072
779.0   889.9142820054104
780.0   889.3026989557311
781.0   867.2760173024757
782.0   855.5115354850028
783.0   836.2636704636818
784.0   819.7658819905117
785.0   804.8903810922521
786.0   780.1002768764649
787.0   770.37231025993
788.0   758.7462918348841
789.0   736.1737767464012
790.0   718.6176778017134
791.0   692.1469694224221
792.0   687.8110413355586
793.0   665.444720766326
794.0   646.29915181215
795.0   634.4628463043034
796.0   619.7817483506927
797.0   625.1160745801258
798.0   591.4066303032092
799.0   562.3116316833309
800.0   561.3377379263804
