500.0   426.1449314121586
501.0   419.32556534053253
502.0   416.7339444425479
503.0   402.5449576360163
504.0   402.8967994565803
505.0   386.83545806721565
506.0   371.97987582441937
507.0   364.63325845624877
508.0   350.3326980809198
509.0   344.38734205964437
510.0   327.5758048092347
511.0   322.0268240603119
512.0   317.3612800242885
513.0   316.80120609701817
514.0   289.6594622828568
515.0   293.63386922643934
516.0   301.5714943607697
517.0   305.3130942140017
518.0   295.162009492078
519.0   301.40715133317417
520.0   288.82620894526406
521.0   298.37132566859657
522.0   308.0302256570477
523.0   300.39039105938514
524.0   300.6206708609152
525.0   315.5241467393006
526.0   321.5070168965566
527.0   334.27148802933334
528.0   342.74050857951033
529.0   355.6400552626884
530.0   364.50196407961124
531.0   381.8229532027069
532.0   392.04203965615307
533.0   404.23497371637893
534.0   412.6789178599661
535.0   425.8302269659008
536.0   444.92830327579253
537.0   455.1835954823167
538.0   463.0223199026361
539.0   478.1153553323584
540.0   474.54574475808727
541.0   472.65999341136364
542.0   464.18859536103076
543.0   460.985311135511
544.0   462.90179553084613
545.0   446.4318458378033
546.0   435.82653179652664
547.0   424.8781119842048
548.0   407.4946553893489
549.0   393.2550521858625
550.0   391.0389654651631
551.0   362.9468787936919
552.0   375.3122272284065
553.0   353.9236058032243
554.0   340.67604747706287
555.0   336.6500942238988
556.0   327.8185996551457
557.0   326.09077595744753
558.0   322.97334194172424
559.0   309.3519846790648
560.0   314.24762149896463
561.0   319.13107775927955
562.0   300.4277512775817
563.0   300.91209591081986
564.0   310.6539558653333
565.0   302.9016928660008
566.0   324.0399829332952
567.0   326.7155468562318
568.0   323.99528974007694
569.0   328.9197567355135
570.0   351.3928187496464
571.0   346.94875143411105
572.0   345.1642920943757
573.0   357.5336130751439
574.0   361.7559039473978
575.0   379.7793101052853
576.0   385.7359081262002
577.0   394.79319584296115
578.0   401.5769750765356
579.0   421.0468546881275
580.0   432.59215607472606
581.0   445.5891704903324
582.0   447.42747510878326
583.0   460.0522946356507
584.0   462.66943136743134
585.0   476.1650369529559
586.0   479.71073417843826
587.0   480.91017445885683
588.0   482.5869768059149
589.0   486.72960918960223
590.0   475.873490849517
591.0   477.7446485449302
592.0   468.26440552600275
593.0   460.24248280507913
594.0   452.73687241468224
595.0   448.29944700472953
596.0   437.539240810063
597.0   419.5383104038443
598.0   422.72522012092054
599.0   410.7894876684289
600.0   396.03262127695996
601.0   392.808500032929
602.0   375.38134829854795
603.0   393.3111342053558
604.0   377.57796063234116
605.0   371.17109582162414
606.0   377.4608238814357
607.0   368.8736568980497
608.0   368.61523333286766
609.0   345.8058605718353
610.0   356.1845475661015
611.0   354.99088266018776
612.0   366.1491373871793
613.0   346.79917247600736
614.0   337.310313771657
615.0   340.3622672690958
616.0   345.6981850208319
617.0   349.4016574515631
618.0   339.3957844354819
619.0   350.4631577652891
620.0   352.2124833681048
621.0   373.61885358700454
622.0   372.13443673331545
623.0   388.14665543493396
624.0   395.42447047189285
625.0   406.99688203074084
626.0   422.9605414737533
627.0   436.0876417968566
628.0   446.55861741343045
629.0   457.27845677803543
630.0   476.37599089266195
631.0   481.7405026783042
632.0   490.59455811474913
633.0   504.1199153238373
634.0   507.89295370899697
635.0   522.8720072572064
636.0   532.7495351316493
637.0   541.3024970419282
638.0   533.7821738862604
639.0   560.3367434363875
640.0   558.4999430598814
641.0   560.3676191999306
642.0   555.2669744061293
643.0   560.6094241936952
644.0   551.4528909455405
645.0   552.0153896983597
646.0   551.9554697883261
647.0   541.9761632609698
648.0   540.78269069015
649.0   528.7263154963823
650.0   521.4142135515965
651.0   521.6921098881921
652.0   513.8013323254795
653.0   518.5243717414317
654.0   508.3989526050869
655.0   502.19173182522866
656.0   500.01219268251
657.0   507.0566609300347
658.0   495.75279163838366
659.0   494.1634076089904
660.0   494.1301134652854
661.0   484.473188534879
662.0   488.37137135395255
663.0   495.5240755566417
664.0   490.98227227822946
665.0   509.4642336362139
666.0   493.86277845370637
667.0   497.3709872763581
668.0   491.93948687165755
669.0   501.4449257003545
670.0   520.599734647531
671.0   525.6637133580439
672.0   540.5157254661935
673.0   533.9834738384283
674.0   534.7438352383344
675.0   555.7460603221507
676.0   550.956519390321
677.0   563.5766055884521
678.0   573.2785007533611
679.0   585.3364686904195
680.0   595.49490809747
681.0   606.540569957533
682.0   625.1547084798804
683.0   635.2608572343615
684.0   645.8190757019293
685.0   657.5967540287699
686.0   674.2192380730485
687.0   693.5410479605748
688.0   692.5026015996725
689.0   706.0565161082704
690.0   721.430420118699
691.0   735.2470983606158
692.0   752.5522338090738
693.0   775.3358738987515
694.0   771.3685981010599
695.0   777.859966842332
696.0   780.5020074845945
697.0   769.6890033058396
698.0   801.1464801076766
699.0   812.8505588470777
700.0   800.0598678281322
701.0   781.5416680157812
702.0   802.9369522164488
703.0   792.525315585318
704.0   795.2335112406216
705.0   799.7001510975925
706.0   796.471599384901
707.0   799.2323927339645
708.0   783.1486559170003
709.0   775.5150516367572
710.0   760.7603854557422
711.0   753.2604656202491
712.0   739.2894175066325
713.0   731.8437359301939
714.0   725.0725528623857
715.0   725.7786299383215
716.0   707.1640955848189
717.0   715.1432108400109
718.0   694.1733629680034
719.0   691.0977362470267
720.0   676.3671752090733
721.0   671.9858779130105
722.0   678.8846617796378
723.0   672.9700039905838
724.0   672.609141649267
725.0   649.5664096197602
726.0   656.2911771682121
727.0   650.9095233407506
728.0   645.2116972979386
729.0   655.5903489229696
730.0   620.2813895681088
731.0   621.7639163166599
732.0   646.4168739915723
733.0   639.6070730066028
734.0   631.973496848321
735.0   631.3225298975416
736.0   617.000203724272
737.0   603.8987390612789
738.0   622.4209970537291
739.0   602.2120390011801
740.0   639.4687411306895
741.0   617.3867265532504
742.0   626.8906919451989
743.0   608.3133623333133
744.0   612.9077420716858
745.0   599.581772871757
746.0   592.0368606791521
747.0   598.5870496267535
748.0   598.6659408049732
749.0   591.6046636600822
750.0   614.1827503642824
751.0   628.8523022508691
752.0   647.5629107941554
753.0   662.6226024761913
754.0   688.2221568968364
755.0   725.6854237676682
756.0   748.1039850088289
757.0   781.1591123423104
758.0   818.6630652712396
759.0   835.2814029892813
760.0   862.0205152360608
761.0   900.917032047956
762.0   924.8160833340246
763.0   962.7512142320037
764.0   987.9774986421203
765.0   996.6205869088002
766.0   1030.0202121613095
767.0   1027.4491029740489
768.0   1071.4396529364076
769.0   1055.2100054697964
770.0   1075.4774096227534
771.0   1077.0514669227325
772.0   1077.2665147444584
773.0   1057.3493721091322
774.0   1058.523533203157
775.0   1035.863765177585
776.0   1041.14450143031
777.0   1044.9118048521766
778.0   1041.096743199883
779.0   997.9725260709475
780.0   1002.5438457726793
781.0   979.9309985690085
782.0   966.3507760828332
783.0   946.1050608259068
784.0   927.5887201943597
785.0   907.4457117963077
786.0   874.2510116461822
787.0   862.9530576467353
788.0   853.2915766466529
789.0   828.6808181883989
790.0   812.702060135794
791.0   788.2797179024122
792.0   778.653130046968
793.0   745.0368495603901
794.0   728.1646893902434
795.0   710.3380560250763
796.0   699.0292758871296
797.0   705.9738619115701
798.0   665.1260575832725
799.0   635.1950628187326
800.0   628.464434167871
