500.0   441.7917345992563
501.0   436.2614920620671
502.0   432.0287064082074
503.0   421.1081631691876
504.0   419.95768481811774
505.0   401.1723694464266
506.0   388.0567233610889
507.0   383.2311894602618
508.0   368.38158124648675
509.0   360.55814292826693
510.0   337.89392810887443
511.0   336.3314207218822
512.0   329.9457234777599
513.0   331.77532956564596
514.0   305.29446275473515
515.0   301.57816090975143
516.0   316.26782766757907
517.0   317.50534271987294
518.0   310.3278006168433
519.0   311.3595900711573
520.0   294.7766694668845
521.0   305.7174747602987
522.0   321.9523604930946
523.0   313.1785791234154
524.0   314.2050787754058
525.0   326.99627474457867
526.0   332.0606359630186
527.0   344.4772968647436
528.0   355.33877425027435
529.0   368.9134023167186
530.0   382.5186978878333
531.0   400.40006054812955
532.0   408.2855933948424
533.0   420.8849923777385
534.0   433.14368422340044
535.0   447.222730598676
536.0   459.2012989563049
537.0   474.01774097588566
538.0   486.1278179802989
539.0   495.6251613875136
540.0   493.9296775003263
541.0   494.4052349800669
542.0   484.9658319537352
543.0   485.09382913966215
544.0   478.5372332531779
545.0   467.13356164513175
546.0   454.2293749740577
547.0   446.03564760915424
548.0   427.05017684906835
549.0   416.3050247054639
550.0   401.45467383770574
551.0   382.379805233374
552.0   389.9122648769529
553.0   366.9131891772611
554.0   355.18317040071156
555.0   350.1567626550501
556.0   342.56922289220074
557.0   338.34741499496016
558.0   337.775041967859
559.0   321.84935640454535
560.0   333.4135854427664
561.0   328.6611295820452
562.0   310.4442962541164
563.0   314.65761238627556
564.0   326.74243479887093
565.0   317.1261575967851
566.0   337.84238825804874
567.0   342.8454813435645
568.0   333.79487771649906
569.0   346.3424209679695
570.0   363.0837701011179
571.0   359.670388588239
572.0   362.95544750010174
573.0   367.60264156854544
574.0   381.12143163371655
575.0   395.52743754413484
576.0   403.9799106532783
577.0   411.6002597000654
578.0   420.02631630894854
579.0   435.43796957376776
580.0   451.75429913817993
581.0   462.0889072709418
582.0   466.5693771311262
583.0   474.38952789863697
584.0   484.62230484360634
585.0   493.7295810404131
586.0   496.6990506760986
587.0   499.4322203064275
588.0   504.8386573953054
589.0   504.2283547591343
590.0   495.2846751020122
591.0   498.28475820150334
592.0   483.53408390904053
593.0   487.17838573249094
594.0   476.3144672154332
595.0   465.4891821751971
596.0   455.6224186315976
597.0   442.0810442203323
598.0   440.5598449320189
599.0   431.2938982967799
600.0   416.71428589867514
601.0   409.0626440072521
602.0   395.8853897119562
603.0   411.12916442521515
604.0   390.7232091012843
605.0   383.8103390918578
606.0   398.78650970684333
607.0   387.3620845746749
608.0   386.58335703836576
609.0   360.6843814938618
610.0   369.381409607498
611.0   370.48240045703466
612.0   384.45309829731434
613.0   362.04322163746144
614.0   355.70373815098935
615.0   353.5707883993065
616.0   363.8679915248251
617.0   364.9106479457233
618.0   356.9131947182759
619.0   362.33706409821934
620.0   367.7258110671594
621.0   390.3083289053151
622.0   384.9931853700047
623.0   403.4808914917683
624.0   414.7562001520288
625.0   425.22293940237546
626.0   446.96374137664554
627.0   453.98263460542853
628.0   464.28107930007917
629.0   482.23308090385046
630.0   495.42815860443176
631.0   505.05051320290886
632.0   515.8565097555132
633.0   528.0727743087748
634.0   531.4133719099689
635.0   555.3959886864474
636.0   562.203683078716
637.0   568.8293907265851
638.0   563.7238959894715
639.0   590.0831262833451
640.0   586.8271740635998
641.0   586.0818791788455
642.0   587.7118502235069
643.0   585.0746288843319
644.0   580.1704016116971
645.0   575.9661952729812
646.0   576.8565973529883
647.0   573.835304002465
648.0   573.7936071153676
649.0   559.7239836350236
650.0   551.9942269910118
651.0   548.965175849914
652.0   545.5137593540408
653.0   541.4169428084545
654.0   535.6688493957233
655.0   523.2273387108236
656.0   523.9854238230255
657.0   530.8765184671789
658.0   517.1800468747656
659.0   518.96364610257
660.0   519.0194748153805
661.0   508.20985959693667
662.0   513.4626372113033
663.0   517.212524337647
664.0   516.8897697827169
665.0   535.8265190069724
666.0   519.6720315406168
667.0   523.852209871872
668.0   518.2912263263502
669.0   528.6179903103258
670.0   546.7877698104205
671.0   550.9948204858742
672.0   568.008242904936
673.0   562.9094528587126
674.0   567.5619304876946
675.0   581.7745664644508
676.0   577.1374929045577
677.0   594.8297647761946
678.0   608.1336755586532
679.0   613.9989445663542
680.0   629.0057368029059
681.0   643.3190762293814
682.0   658.9073888895107
683.0   670.319997712781
684.0   680.9012449976268
685.0   695.5277387220042
686.0   716.5715780909192
687.0   728.1351845640193
688.0   730.6872953516253
689.0   744.9221262469978
690.0   759.0784048976092
691.0   774.4945277309611
692.0   793.8167623210097
693.0   819.174952186597
694.0   813.5599665950872
695.0   823.7428093744999
696.0   825.1500530884773
697.0   813.9424873928701
698.0   842.9206144354256
699.0   857.1966163574181
700.0   847.4829552529106
701.0   828.1915711596737
702.0   843.0223176464813
703.0   832.1489396327555
704.0   841.6226658897499
705.0   848.2424527575437
706.0   843.5826362275436
707.0   839.5398369383068
708.0   828.0686718849315
709.0   818.1240364259878
710.0   798.2553257212228
711.0   792.673649082403
712.0   786.6429559431423
713.0   772.0572443666557
714.0   763.389553686379
715.0   758.2188374643224
716.0   744.7179560597028
717.0   748.1485875406358
718.0   734.5992820188097
719.0   734.5588293132209
720.0   715.2249005266854
721.0   707.0947088371034
722.0   715.9689964357931
723.0   709.4792323199415
724.0   711.0382838453645
725.0   686.7165516928535
726.0   688.3540003930435
727.0   682.0961554302246
728.0   674.500635027523
729.0   694.2035985704573
730.0   655.3358217214363
731.0   665.0901977889366
732.0   680.4673587053321
733.0   677.1579227838481
734.0   668.9099198795384
735.0   665.0189044582511
736.0   645.7521186438202
737.0   644.8518013476668
738.0   652.2682360760106
739.0   638.4201141881231
740.0   678.8237209787716
741.0   653.3675454565282
742.0   662.5830931927654
743.0   645.3443032098071
744.0   645.0504094955957
745.0   634.8427736098727
746.0   627.7509713340487
747.0   631.3534880919937
748.0   631.1909066094556
749.0   621.7118639214423
750.0   654.7398753913296
751.0   664.9828710888609
752.0   685.240733183813
753.0   707.2725558225551
754.0   729.8724559194302
755.0   762.3208252859417
756.0   792.0421616772535
757.0   827.023728724296
758.0   868.1680886322021
759.0   884.5877688777873
760.0   918.44064838734
761.0   956.9038940138768
762.0   982.6237165708048
763.0   1017.3014794814447
764.0   1038.377937419699
765.0   1063.9189642928748
766.0   1093.4344842683436
767.0   1090.7622518801625
768.0   1137.7075380964477
769.0   1119.9107098849008
770.0   1145.6627458053742
771.0   1144.197337488174
772.0   1146.443814638884
773.0   1110.692872260393
774.0   1118.7763938379842
775.0   1104.2939857284111
776.0   1109.7819296141433
777.0   1106.2939019984335
778.0   1100.5322354983564
779.0   1066.5061813883808
780.0   1063.0876323919683
781.0   1039.1978502007032
782.0   1021.282914651788
783.0   1005.5037500820115
784.0   985.6891520518864
785.0   956.2019089755975
786.0   936.5089082695758
787.0   920.2791206299419
788.0   905.7464311759377
789.0   874.4627566316058
790.0   867.4770550362352
791.0   834.7508943460456
792.0   828.944003740442
793.0   796.0124130211947
794.0   776.801500411947
795.0   759.3082602123308
796.0   742.3228784949744
797.0   751.9126027242646
798.0   708.7307091980224
799.0   676.4081095741162
800.0   670.8153193441009
