500.0   470.21575665880744
501.0   468.1283222615675
502.0   462.0181595725347
503.0   453.5071229553439
504.0   448.09145654839335
505.0   427.1761655241103
506.0   414.1013755720739
507.0   409.48380366185586
508.0   393.1857382055985
509.0   386.2602931667471
510.0   365.40416198693435
511.0   363.10984488017573
512.0   357.4719853392737
513.0   352.95269287017607
514.0   323.3462857721644
515.0   328.68947984527813
516.0   341.77633870162856
517.0   341.0721135002607
518.0   330.3285538033681
519.0   335.87177926318054
520.0   321.54569826268005
521.0   329.57481905954444
522.0   344.875235884772
523.0   334.3459404311328
524.0   336.70997322371466
525.0   351.55146229269207
526.0   353.81403297121176
527.0   373.24416594764455
528.0   387.88819901229476
529.0   401.6058926840102
530.0   408.1596699034306
531.0   428.52874918409304
532.0   436.42675237960475
533.0   454.4053257321099
534.0   466.90346597469363
535.0   478.9767865044033
536.0   498.4999607065865
537.0   508.73525795592934
538.0   521.913341670759
539.0   533.5078095375026
540.0   527.9831529160049
541.0   528.117918808991
542.0   522.4365955289022
543.0   524.2329693074239
544.0   515.8221920747254
545.0   506.48784487910495
546.0   489.9039683437604
547.0   478.0215494219092
548.0   464.8513591785118
549.0   444.0785971367385
550.0   434.0652587300824
551.0   411.25291380685053
552.0   418.85575345064865
553.0   394.1965504530742
554.0   389.5791340239681
555.0   377.959668079112
556.0   371.33221757519505
557.0   366.5209769051675
558.0   361.9134001521742
559.0   349.6309096439403
560.0   357.19410332587375
561.0   356.7461554724156
562.0   337.3984465167525
563.0   337.90012669286295
564.0   355.2047624345462
565.0   341.69166848871157
566.0   368.95292085711543
567.0   368.8895265014468
568.0   362.2941390805689
569.0   368.87838299601844
570.0   393.0053247436708
571.0   388.0061608413563
572.0   394.3864023766205
573.0   399.0843622469265
574.0   408.9331260740766
575.0   429.8129478346009
576.0   437.87620540683776
577.0   442.18704108728
578.0   454.17426154334504
579.0   476.82532917079766
580.0   483.5652813052302
581.0   495.2800291472093
582.0   504.50578999894867
583.0   516.5838145508037
584.0   526.751809448945
585.0   532.4668009773106
586.0   544.2230040253517
587.0   543.4681338555733
588.0   540.8818380455881
589.0   553.1425814308278
590.0   537.9917446818924
591.0   537.4043296843535
592.0   531.5596825474269
593.0   526.6095582341579
594.0   511.6429671905163
595.0   502.24102025174926
596.0   494.50183140081106
597.0   479.93363160895206
598.0   475.2329412610143
599.0   462.9966112974924
600.0   447.278655943421
601.0   442.110207894731
602.0   423.02927026258857
603.0   444.89686371587703
604.0   427.17147529075794
605.0   415.2784049453369
606.0   430.3623545092458
607.0   418.2828330723281
608.0   416.8314363179104
609.0   393.9089116820537
610.0   403.6903470535527
611.0   400.93825969002916
612.0   411.89169545743744
613.0   390.31412073379227
614.0   376.25159585484107
615.0   388.71255818760426
616.0   391.51723569077325
617.0   396.26122498930613
618.0   387.47813180175376
619.0   396.649610191115
620.0   401.2149951424674
621.0   422.52413576986567
622.0   415.80611106832436
623.0   436.34878804277145
624.0   450.2416030948965
625.0   466.30547433165077
626.0   484.45734422009525
627.0   493.8301135655578
628.0   508.35141216062
629.0   519.7815939062389
630.0   536.0412688479958
631.0   548.9848903731213
632.0   557.1402615635241
633.0   575.5380920949746
634.0   583.6326148265376
635.0   594.7048832586443
636.0   605.933749128264
637.0   616.3896045429855
638.0   611.0156090608266
639.0   637.9049424909085
640.0   637.2344732048618
641.0   631.818669384152
642.0   632.4660058754098
643.0   633.7131366410738
644.0   631.9953850879637
645.0   625.2033341424317
646.0   631.2475325624646
647.0   619.837638184406
648.0   619.600192532587
649.0   605.8001277895751
650.0   598.5598632167419
651.0   597.6426993476334
652.0   594.8301942204548
653.0   585.3514117321961
654.0   582.1282971167195
655.0   571.4266260700352
656.0   575.1112582271074
657.0   577.8125481725988
658.0   563.5280641158364
659.0   565.0515498363065
660.0   563.070124299501
661.0   559.1087512466104
662.0   562.4955052852174
663.0   560.4627724190282
664.0   562.3571351918504
665.0   581.5611776154408
666.0   567.0697491687362
667.0   568.8425838519806
668.0   566.0740268111625
669.0   576.9497023653136
670.0   599.0116770575646
671.0   600.3073634871103
672.0   614.497022147742
673.0   608.2531323614726
674.0   617.099592418924
675.0   637.3019114976807
676.0   625.7230066064208
677.0   651.262066063174
678.0   660.1286317015048
679.0   671.8374378543458
680.0   683.2152887111547
681.0   698.1129130924586
682.0   716.4422940839872
683.0   726.6467470893695
684.0   744.8998823124081
685.0   758.2182308437409
686.0   778.0666576659002
687.0   793.6631515394472
688.0   799.3383662747128
689.0   811.7765217715898
690.0   834.4001120172695
691.0   851.1978652279867
692.0   864.4666882693581
693.0   888.8452452215963
694.0   892.454092099618
695.0   899.3885402984541
696.0   895.274346707517
697.0   889.67367735476
698.0   921.5145324146223
699.0   941.4030047627892
700.0   925.052897252627
701.0   904.8742765085458
702.0   922.6332108523111
703.0   912.546061576308
704.0   914.878982714376
705.0   918.7142040019113
706.0   907.0925797606981
707.0   911.5420654589776
708.0   900.6086311404706
709.0   890.102631323931
710.0   873.7244474833794
711.0   866.5230877670456
712.0   846.9747609826053
713.0   848.46963067909
714.0   831.9476907125002
715.0   825.798887782811
716.0   814.4859322323304
717.0   818.5537795457287
718.0   797.3043578659034
719.0   798.3364220118535
720.0   782.2575038692613
721.0   770.4645683977843
722.0   780.1844917594103
723.0   773.74076990513
724.0   779.2406626466059
725.0   750.9266528838446
726.0   754.3419838436181
727.0   750.4059549558003
728.0   738.5649711134362
729.0   756.5168713851567
730.0   716.5870920103682
731.0   723.4333859437506
732.0   740.755762391993
733.0   742.3078538081127
734.0   731.7762285580832
735.0   726.0621061263214
736.0   704.4586304349903
737.0   705.078853893852
738.0   711.9289181573638
739.0   694.061279300123
740.0   738.5715875769378
741.0   714.7668717530912
742.0   724.6642449522678
743.0   706.7802033590705
744.0   702.602264275384
745.0   690.1125035068949
746.0   686.1121647731243
747.0   694.3332176152377
748.0   687.0275257893531
749.0   679.5032158761842
750.0   712.718109203108
751.0   721.2281491644895
752.0   746.479609845051
753.0   769.3757803909043
754.0   799.3873881955572
755.0   833.8910249039709
756.0   861.7317813004518
757.0   895.8167770032749
758.0   948.3152069438571
759.0   964.5661100916843
760.0   999.0856875680676
761.0   1042.3037990556395
762.0   1073.3087194188884
763.0   1115.0786633094328
764.0   1135.0594944442178
765.0   1160.7236277743634
766.0   1187.7959604657044
767.0   1190.4464603968634
768.0   1245.5643952426874
769.0   1220.8404786222127
770.0   1253.1965268071192
771.0   1253.084898039899
772.0   1245.7634601250886
773.0   1217.5216215957294
774.0   1227.1011002393643
775.0   1203.1794949319387
776.0   1202.952973514818
777.0   1204.896275275845
778.0   1208.3449067032034
779.0   1167.6708149914857
780.0   1154.8733153378435
781.0   1135.2166212695495
782.0   1115.8189509418
783.0   1093.857879048745
784.0   1075.7162770203013
785.0   1050.0812830828413
786.0   1019.2218096022816
787.0   1008.2540542919546
788.0   987.8567866938486
789.0   961.2390175731616
790.0   947.2394423682256
791.0   918.027141027024
792.0   901.5610792387691
793.0   872.3613834408287
794.0   848.7832606245549
795.0   835.5569378308263
796.0   814.6871758896485
797.0   819.9052698938387
798.0   776.6427551490586
799.0   735.8951622245688
800.0   741.5947799484446
