500.0   491.5409276297254
501.0   486.88951037993183
502.0   486.4015431699212
503.0   471.77777010599345
504.0   470.9462259622211
505.0   450.2616141500225
506.0   436.67143219327846
507.0   430.0574238434243
508.0   408.01847441429544
509.0   399.85033574800167
510.0   379.7103542120823
511.0   376.07817302203637
512.0   369.82162727681157
513.0   370.1919138261744
514.0   341.3021235878216
515.0   344.569480151044
516.0   357.82777627627297
517.0   356.7378915870123
518.0   346.12123295637946
519.0   350.5080367847909
520.0   339.31510925086627
521.0   347.93478156683784
522.0   364.1231942620741
523.0   352.760906648557
524.0   353.2277576885476
525.0   368.07675567638745
526.0   377.70773039365577
527.0   391.95824524725685
528.0   404.11763364007425
529.0   415.70072763245173
530.0   432.25779808600515
531.0   451.73895547746747
532.0   456.19635231201687
533.0   475.24706238354486
534.0   486.98965097152177
535.0   501.16327668411475
536.0   520.4626295405194
537.0   535.17835023706
538.0   547.379174292569
539.0   560.9210410077868
540.0   553.604371404967
541.0   554.5270563505924
542.0   548.4577926861257
543.0   543.2501193892299
544.0   543.2627632710218
545.0   532.298808810144
546.0   514.5511984571408
547.0   501.59010615692046
548.0   479.61133380702546
549.0   468.5433956804517
550.0   452.15396011588405
551.0   434.2369651539651
552.0   441.3459853212188
553.0   415.37652584846444
554.0   403.77522372917804
555.0   398.05600360984977
556.0   390.14010268663344
557.0   383.2082489641588
558.0   385.7441585435073
559.0   366.9336045159324
560.0   373.0379758316505
561.0   373.3619092755349
562.0   355.50625040619406
563.0   358.36287829842365
564.0   370.9046286776843
565.0   358.76558102455806
566.0   384.15205809752166
567.0   382.8930901542872
568.0   379.09162555689204
569.0   393.2258854638709
570.0   410.1853765633392
571.0   410.53290805912286
572.0   414.0572641472255
573.0   418.8467351831147
574.0   429.66534333158955
575.0   449.7190529391073
576.0   458.8793022757532
577.0   469.7682875269145
578.0   478.579687119761
579.0   503.3273661624362
580.0   511.4504889773681
581.0   525.1351784317715
582.0   533.5113403662584
583.0   545.4318114397688
584.0   548.9467047684751
585.0   560.1633074714626
586.0   570.6343282890016
587.0   566.7303338622344
588.0   569.9477043727139
589.0   578.1514256712056
590.0   563.409023099614
591.0   563.3434863640783
592.0   550.3307155300973
593.0   554.0125672313704
594.0   539.1838287751788
595.0   530.858283999178
596.0   520.924907488408
597.0   499.20165928706285
598.0   503.1834548492599
599.0   490.289687111629
600.0   473.6068938952229
601.0   462.8483535508024
602.0   444.72269006992843
603.0   466.74772070953765
604.0   448.0739288430535
605.0   437.9136804299768
606.0   452.27421522601236
607.0   435.93964985918626
608.0   440.42510413902255
609.0   410.9605759922048
610.0   420.0631292351545
611.0   416.8275916780096
612.0   433.3104035594281
613.0   406.20859340819027
614.0   402.4266509775226
615.0   405.3541247673735
616.0   410.01712991842595
617.0   419.84976837117676
618.0   408.524850696322
619.0   413.01814120667734
620.0   420.5619696895018
621.0   445.9120146042669
622.0   438.9550049901937
623.0   462.8379263792879
624.0   470.78504891453326
625.0   486.6215096165257
626.0   512.7292889931101
627.0   520.8364680298555
628.0   537.0215092754465
629.0   547.8230073855725
630.0   569.6989490315614
631.0   582.6823161781657
632.0   592.716299540419
633.0   607.8668974993025
634.0   614.4386083975454
635.0   630.0972983367375
636.0   641.8099746244935
637.0   650.8408989256474
638.0   639.234638872243
639.0   673.680561169951
640.0   670.2470241631718
641.0   672.2232424837044
642.0   674.1541147568248
643.0   665.7227480037826
644.0   664.8016812014487
645.0   661.6999921466256
646.0   662.2647811028
647.0   651.1121055316938
648.0   652.8286166856778
649.0   637.6030263077314
650.0   631.4759882256711
651.0   625.1257426378593
652.0   625.9293288223812
653.0   622.4677556978193
654.0   614.1753425332706
655.0   604.8349278806496
656.0   602.0386070359299
657.0   609.5971083241743
658.0   594.1874301976522
659.0   589.6009027095004
660.0   592.1012689898067
661.0   583.4069783304558
662.0   592.9563082383202
663.0   593.1964702245435
664.0   595.9012871314862
665.0   608.0866436564504
666.0   590.9246046042422
667.0   598.7803229909382
668.0   596.5805440407582
669.0   608.3086087317948
670.0   630.9816759612909
671.0   633.7231275073411
672.0   653.3357130213865
673.0   643.2290973488576
674.0   649.8400000673419
675.0   668.6246088815649
676.0   661.8927529881008
677.0   688.9666187805204
678.0   692.1367285194204
679.0   705.1036072097206
680.0   724.347884649366
681.0   735.5615563954062
682.0   760.5861233895855
683.0   776.1129175732949
684.0   783.4048833989751
685.0   807.2538721562076
686.0   818.9841063897389
687.0   841.6137675508346
688.0   843.6807947761205
689.0   858.243900911955
690.0   879.5118696169377
691.0   895.3062237301452
692.0   914.1710629976193
693.0   939.6618773337825
694.0   935.5082469594602
695.0   956.230172949805
696.0   952.0378422366373
697.0   934.3439278824558
698.0   978.3260926760557
699.0   989.5036890655598
700.0   974.0644169565946
701.0   950.7933072999435
702.0   973.065739058593
703.0   961.9749701782138
704.0   975.468754415157
705.0   976.3765627822776
706.0   963.5998733219253
707.0   964.5138013102334
708.0   952.8690944620569
709.0   942.9069648003757
710.0   927.3167393805206
711.0   915.7905642336075
712.0   905.6607802615694
713.0   891.5801805727913
714.0   880.1225207640405
715.0   880.5442804584623
716.0   862.2525273573664
717.0   871.5862547664574
718.0   836.2233945595923
719.0   847.726378512506
720.0   829.259566512474
721.0   819.2177299157411
722.0   828.6634728851429
723.0   822.9345922873833
724.0   813.9862010432767
725.0   794.0078424181361
726.0   797.2559091166833
727.0   789.5870498599782
728.0   791.5591705800233
729.0   792.6618333711348
730.0   755.3175778784891
731.0   771.4574107747719
732.0   785.3736588846675
733.0   783.6041060038565
734.0   774.7088149035446
735.0   773.5614888318582
736.0   746.8839635698322
737.0   739.8684047094682
738.0   754.3141157253076
739.0   739.6651346745057
740.0   781.6480327249805
741.0   756.2707899129273
742.0   768.2104121475508
743.0   747.9501071365254
744.0   747.2844241233142
745.0   734.5132743870975
746.0   722.8991854199301
747.0   736.3645674632959
748.0   727.7796496032637
749.0   727.1982123517241
750.0   756.4790225671105
751.0   763.6272326841562
752.0   792.0988511168096
753.0   809.5967525910609
754.0   845.7639425167897
755.0   883.7274003935886
756.0   911.407464916924
757.0   963.3270497530652
758.0   1005.5487012500236
759.0   1024.0603427454096
760.0   1061.2433815133802
761.0   1108.474580726891
762.0   1138.37120619497
763.0   1189.8022177442165
764.0   1207.0099973423835
765.0   1230.3037030390594
766.0   1257.9356218888586
767.0   1267.521931282589
768.0   1316.5309491500052
769.0   1293.251356112706
770.0   1329.5071339485473
771.0   1325.3915402046255
772.0   1326.903898214766
773.0   1295.93418098742
774.0   1307.0384264070062
775.0   1279.946242255963
776.0   1279.7138459261369
777.0   1287.899278924826
778.0   1280.913582494775
779.0   1234.198294389269
780.0   1232.4826068281097
781.0   1204.0150395174203
782.0   1186.8412233943716
783.0   1161.9895705027886
784.0   1139.0337539252496
785.0   1115.128948265273
786.0   1085.1184101045308
787.0   1068.4844377398524
788.0   1050.3650307140174
789.0   1019.2946690695342
790.0   1004.6274630092666
791.0   975.568424977184
792.0   957.7753304646486
793.0   922.8027597829481
794.0   896.4361887497939
795.0   883.9701403298048
796.0   860.2188459038124
797.0   871.3794177302066
798.0   816.4106466455593
799.0   788.5360925732057
800.0   776.1761332128032
