500.0   523.6831462025744
501.0   520.1204566390804
502.0   512.2683003106727
503.0   494.6743842796643
504.0   498.649933069242
505.0   475.7363631158396
506.0   460.9683115329645
507.0   452.01350810237
508.0   434.33466840458783
509.0   423.6286446945382
510.0   399.20376930010616
511.0   397.4442564861438
512.0   390.5334479864048
513.0   389.11081587401327
514.0   359.72050618054834
515.0   364.83328248892394
516.0   378.52351448180514
517.0   377.19809666902415
518.0   368.3329012836231
519.0   373.8824369078866
520.0   355.9865840109792
521.0   366.8329717451105
522.0   380.09186521905406
523.0   371.2452454102163
524.0   375.35101034621096
525.0   388.9990464379775
526.0   394.6707687818106
527.0   412.8475155250178
528.0   424.546893172801
529.0   442.23805060645145
530.0   454.741295701119
531.0   474.93021981094273
532.0   485.5348799770195
533.0   501.07826774394096
534.0   520.7072678278302
535.0   533.9438568422239
536.0   549.4872104732858
537.0   560.5887719628375
538.0   577.6182769638968
539.0   597.4872221279687
540.0   588.6953813643216
541.0   587.4829705324867
542.0   581.6200561505827
543.0   579.3179649255417
544.0   573.6705412674326
545.0   561.330618163759
546.0   542.4143580660602
547.0   525.4413749706442
548.0   504.99355931577514
549.0   496.39031202368676
550.0   484.98604307318317
551.0   455.19641171225214
552.0   471.211314358031
553.0   440.0788836135149
554.0   429.8955677343082
555.0   418.5393914582803
556.0   414.12522116435787
557.0   407.65356697637816
558.0   401.98342465575126
559.0   386.205880006485
560.0   398.43497259471536
561.0   397.9087226332167
562.0   373.5721735333428
563.0   379.62110286557845
564.0   392.9796076365069
565.0   380.0152373886218
566.0   405.2729850583125
567.0   407.86283503470594
568.0   401.6935795056045
569.0   416.1847721267703
570.0   432.2475924555754
571.0   429.8346883526109
572.0   435.63914593457616
573.0   445.2239443100999
574.0   453.80020134014757
575.0   477.8229962338569
576.0   486.17760501823153
577.0   490.87503491144
578.0   507.44783408679
579.0   531.5890017227724
580.0   545.8376060292546
581.0   552.0067573743652
582.0   561.6625225254584
583.0   576.3742601193903
584.0   583.6681266078821
585.0   597.8487841545868
586.0   602.9605301418376
587.0   604.6273659022163
588.0   603.3773591668995
589.0   616.757265267707
590.0   600.7917927808237
591.0   600.3404109407767
592.0   589.7561272133499
593.0   583.4057192970072
594.0   572.1768460079045
595.0   562.0122212737101
596.0   552.4439603440383
597.0   533.3857434153463
598.0   535.8809099560262
599.0   518.2696725031274
600.0   501.43284328022423
601.0   491.82575549188635
602.0   478.2760812426798
603.0   491.5313426974663
604.0   474.3590926304927
605.0   466.29995562120644
606.0   478.3001248319343
607.0   468.8428074051874
608.0   464.56022145285567
609.0   432.9659637052489
610.0   448.98039462827353
611.0   447.9010846253205
612.0   460.40045272865564
613.0   435.192107431562
614.0   424.3673694471528
615.0   431.08854188271926
616.0   437.029241138941
617.0   447.10488416353303
618.0   433.41421400205434
619.0   438.5498250943567
620.0   447.9502750214431
621.0   476.80357375290464
622.0   466.9524388796329
623.0   490.9252884320684
624.0   505.0018095426095
625.0   519.1389906380101
626.0   545.1404616503968
627.0   557.8650147893535
628.0   569.5078102505736
629.0   586.3194959035565
630.0   603.5357045529986
631.0   615.1279547342393
632.0   625.6168847675975
633.0   643.6162405046514
634.0   653.3811507469109
635.0   674.8796740904122
636.0   687.146253334988
637.0   691.4376910639903
638.0   682.8773804486773
639.0   717.4146037948992
640.0   716.1368487729561
641.0   715.6718442880689
642.0   717.9613371797084
643.0   715.6362128976981
644.0   709.4324890398223
645.0   709.5180229301304
646.0   708.0653215780501
647.0   695.7426202162605
648.0   695.9248865976936
649.0   675.5791829474688
650.0   672.9896316297943
651.0   669.5021121652014
652.0   666.4232794921593
653.0   657.3874911426205
654.0   652.4447039332292
655.0   640.4682550417176
656.0   636.1530025001318
657.0   648.1841650985256
658.0   632.7019940538356
659.0   630.2047395970233
660.0   634.7552376490593
661.0   623.7347650416175
662.0   630.8659231237798
663.0   629.394842465369
664.0   635.3770361719946
665.0   656.2884765830006
666.0   636.1267493088322
667.0   640.9985392184217
668.0   635.7294370019549
669.0   649.1448710684073
670.0   669.1364663787629
671.0   677.4900531303251
672.0   697.3360840229877
673.0   688.5653605102647
674.0   691.9090590114968
675.0   713.8206645388861
676.0   708.868894746168
677.0   734.6553429902459
678.0   741.8852712471454
679.0   758.6619954326692
680.0   775.3785052089379
681.0   787.2664619776777
682.0   808.5105878744967
683.0   824.365307838592
684.0   835.1140217724015
685.0   861.0238214292382
686.0   878.8704458006265
687.0   891.0579338605132
688.0   895.7734515712333
689.0   922.7157863597686
690.0   943.680775973806
691.0   948.9137695397873
692.0   977.1695504538819
693.0   1007.2186084356874
694.0   1001.4579511842117
695.0   1014.8763561811971
696.0   1012.290609763513
697.0   996.9609727659331
698.0   1046.1514222798799
699.0   1054.3985587706302
700.0   1043.1562162900693
701.0   1012.4550710429344
702.0   1042.6120910945895
703.0   1028.9595705227118
704.0   1038.0714326138689
705.0   1047.8352908677698
706.0   1029.7634656077896
707.0   1030.0689551081
708.0   1021.2008505010156
709.0   1011.7271795953824
710.0   990.5825308814804
711.0   980.5604739554924
712.0   967.4759006250398
713.0   953.7296153378213
714.0   946.3547937517176
715.0   933.8562274044707
716.0   926.6775811770973
717.0   933.7878586464544
718.0   899.9186547038854
719.0   905.6836302395322
720.0   887.8105748806471
721.0   872.809189033312
722.0   888.5796869324008
723.0   874.5057692536695
724.0   879.2183339401925
725.0   848.47474944033
726.0   855.4297032217809
727.0   850.7895589426198
728.0   838.721304379956
729.0   855.5244126262513
730.0   809.2962028082056
731.0   822.5325021365169
732.0   836.8212025105555
733.0   843.6029286108749
734.0   833.8595102426277
735.0   819.5638326979565
736.0   795.178472257149
737.0   795.5698670901172
738.0   811.8160941611384
739.0   797.4468725467045
740.0   837.0277675094771
741.0   808.4154134345861
742.0   815.381643491949
743.0   801.6846331404033
744.0   802.5688527594791
745.0   783.3955965281634
746.0   774.8939332259637
747.0   784.9396397677217
748.0   782.7336184061337
749.0   776.5295999644884
750.0   810.445594471794
751.0   818.2213368237686
752.0   845.5746985208024
753.0   876.2583460136249
754.0   908.6675610072559
755.0   949.2263509996992
756.0   982.3839934548153
757.0   1024.6904164665116
758.0   1081.7862993841493
759.0   1086.052662361199
760.0   1132.9641938737002
761.0   1181.8331613379323
762.0   1216.9849390594447
763.0   1273.7107740144747
764.0   1291.1426165407408
765.0   1322.3606919401664
766.0   1357.0440367383908
767.0   1355.0888024417989
768.0   1413.5962667650304
769.0   1388.5428157909218
770.0   1428.9399764278273
771.0   1417.4601507870598
772.0   1414.295866550847
773.0   1388.4889209442133
774.0   1407.5496388446481
775.0   1362.3071459574264
776.0   1364.5211379221553
777.0   1370.1117638991611
778.0   1369.6938878174424
779.0   1327.8998087039158
780.0   1318.8852661072006
781.0   1289.617889243007
782.0   1272.6036637387983
783.0   1245.1909294891675
784.0   1221.1856880457444
785.0   1194.0005269998503
786.0   1160.4139155114922
787.0   1142.6941211411179
788.0   1126.9425589695454
789.0   1092.8048648198715
790.0   1073.8249393884307
791.0   1041.006371755207
792.0   1025.2279102436034
793.0   987.1854012152795
794.0   962.2477874998344
795.0   948.0900559399214
796.0   922.1521847911655
797.0   931.2872966930254
798.0   876.5237883799522
799.0   838.7913876712032
800.0   836.2138613827686
