500.0   539.191043340948
501.0   532.3463475845155
502.0   526.0505129495264
503.0   513.1487067239469
504.0   517.3881689728468
505.0   492.76649994838954
506.0   474.545957046315
507.0   465.5358832019964
508.0   450.04649917461785
509.0   437.04426264000875
510.0   415.66724165143876
511.0   411.98378995379915
512.0   405.49110711261005
513.0   400.75369133501715
514.0   371.37942815507085
515.0   377.23910733120795
516.0   391.7262791005836
517.0   391.8088323802526
518.0   380.68630310771835
519.0   388.1346738397615
520.0   370.05393782762656
521.0   379.91097026031207
522.0   394.0655397853759
523.0   383.8687613418307
524.0   383.25889377474573
525.0   401.67210586545497
526.0   410.10705163333046
527.0   428.58283271104335
528.0   443.51036645629915
529.0   458.0086984456584
530.0   471.1803238699702
531.0   491.0488896296763
532.0   502.18545554826153
533.0   518.0899570133219
534.0   535.2373100629494
535.0   551.2949100466673
536.0   568.7584888051792
537.0   581.9800315280612
538.0   599.0561284184611
539.0   619.6334801188534
540.0   602.7950826791628
541.0   609.4870649708766
542.0   600.0375454141483
543.0   599.0040863861121
544.0   592.6435301803447
545.0   580.2778594596459
546.0   560.0112607606166
547.0   542.5606459928057
548.0   523.5014154917549
549.0   515.3827643960533
550.0   497.74686553179856
551.0   474.0833554667778
552.0   487.65497250986436
553.0   450.8851114356719
554.0   441.4441853170367
555.0   434.95211135987665
556.0   425.621910025959
557.0   415.5122650178409
558.0   416.8082502932343
559.0   401.9382829536295
560.0   407.2486756801372
561.0   411.4959472948369
562.0   389.28564793965694
563.0   392.22386035843556
564.0   403.5531315026469
565.0   393.32227718422837
566.0   424.2696580674986
567.0   421.0524401135013
568.0   419.094937011752
569.0   432.33526614812456
570.0   451.9845166649966
571.0   451.48640180755274
572.0   450.75514041995734
573.0   460.3040167510022
574.0   469.08655565934936
575.0   496.2884027385769
576.0   499.2657145847647
577.0   516.3067041480151
578.0   523.4831323270698
579.0   546.5089154485972
580.0   564.4731431922274
581.0   575.33444290133
582.0   585.227095412491
583.0   600.4753933394933
584.0   606.3294219302254
585.0   617.9435518366342
586.0   630.4105375657925
587.0   626.7279261971416
588.0   628.1261647603778
589.0   632.6359839525835
590.0   620.7665289061053
591.0   624.3783647780778
592.0   611.92158492763
593.0   605.1949854979378
594.0   597.0155973752954
595.0   585.9154820749054
596.0   569.5037972364776
597.0   553.8576182537788
598.0   555.5546319044527
599.0   535.1412893688216
600.0   519.5443894378288
601.0   513.640479331774
602.0   493.36393153217574
603.0   514.822445221464
604.0   489.15827732220896
605.0   486.1940370290141
606.0   498.42255348386954
607.0   484.9299325580902
608.0   486.03480621487904
609.0   451.8623928869548
610.0   470.19535866675324
611.0   463.9483085247521
612.0   476.0415801637564
613.0   451.3581446886317
614.0   441.5799640833965
615.0   447.31026154993776
616.0   452.11045310812386
617.0   459.751628809536
618.0   448.23028057196814
619.0   456.3075942525196
620.0   463.68028575194217
621.0   494.7761590065113
622.0   484.96558493559024
623.0   510.78856887788316
624.0   524.3761463390657
625.0   540.6020361808964
626.0   561.6415904589568
627.0   578.4106388449824
628.0   590.1341130486926
629.0   605.5465857517185
630.0   624.1117332019062
631.0   636.0993450898824
632.0   654.5709314895088
633.0   670.7763425187891
634.0   678.2060206855585
635.0   695.6977309563543
636.0   712.5420848388301
637.0   717.6384041154373
638.0   715.0585687525421
639.0   738.3835965810651
640.0   743.3813134757343
641.0   744.7336147850057
642.0   741.497042084239
643.0   740.2143620238077
644.0   732.9883921341055
645.0   737.4356076524905
646.0   738.0072728868699
647.0   724.0233140559081
648.0   725.6892443138934
649.0   707.7185920654824
650.0   703.1666078010584
651.0   696.2557346355522
652.0   692.3095764933269
653.0   690.4962803920928
654.0   682.2225852117995
655.0   671.3608661292451
656.0   669.1490811388385
657.0   675.5042761579405
658.0   656.9964815338465
659.0   661.9267997914114
660.0   667.038001950003
661.0   650.8518000570637
662.0   654.8321531386716
663.0   660.8468621087038
664.0   659.7814555594712
665.0   681.7492659666968
666.0   666.1513095727286
667.0   663.0735472924052
668.0   662.8335257045051
669.0   671.3768085746945
670.0   702.4546611644901
671.0   709.6030417422112
672.0   725.8315620486103
673.0   715.6515480911465
674.0   722.8248119281579
675.0   747.7773155107334
676.0   738.1901267516889
677.0   763.0984847692615
678.0   774.8738643097007
679.0   792.9322561771772
680.0   806.1155377286448
681.0   822.8601991901786
682.0   838.4949396378645
683.0   856.6570459614651
684.0   875.8024567426656
685.0   896.0704420558599
686.0   916.758784036604
687.0   936.0330964317125
688.0   937.2130712681936
689.0   956.4681666379713
690.0   984.6574635319294
691.0   1000.5981371321913
692.0   1020.2980656498306
693.0   1050.2837669096546
694.0   1046.0094761532628
695.0   1061.5708260305028
696.0   1057.941277887019
697.0   1042.272664850545
698.0   1092.744969641446
699.0   1106.3276705069957
700.0   1092.792327782894
701.0   1070.6121183991427
702.0   1090.783463159074
703.0   1078.3318694997438
704.0   1076.230697535492
705.0   1087.6140060736948
706.0   1076.7270366981675
707.0   1076.8196121196665
708.0   1064.2275215076943
709.0   1058.6704350978284
710.0   1036.2396047010407
711.0   1020.6210514077097
712.0   1011.5509653757091
713.0   1000.3932460235494
714.0   986.0273767553747
715.0   977.3221673420055
716.0   967.5774377389467
717.0   972.8501742479311
718.0   943.8737627078323
719.0   949.7442522697834
720.0   929.9610007887023
721.0   918.9828161801532
722.0   930.1866470714347
723.0   914.9678119732248
724.0   919.8517672937805
725.0   892.1064561373187
726.0   888.5389773751277
727.0   886.40767232178
728.0   880.0774482542769
729.0   897.4714811463172
730.0   847.6296455905299
731.0   859.5366639465843
732.0   878.2749267485332
733.0   877.4582651277549
734.0   869.9645525238764
735.0   860.6904218027504
736.0   832.7153934415466
737.0   833.5670946618276
738.0   850.3876299755228
739.0   834.6105993543797
740.0   875.9795111879712
741.0   847.0840015166923
742.0   862.0375579736042
743.0   841.5613720762767
744.0   836.5929780540077
745.0   819.630562389983
746.0   812.1609176585757
747.0   821.298179608557
748.0   815.7291912108935
749.0   811.7491547167341
750.0   845.9238997532561
751.0   859.1851176523161
752.0   889.9352593070668
753.0   913.2606328243406
754.0   948.0758521381031
755.0   992.9544117319604
756.0   1032.1938192982946
757.0   1072.6195168143033
758.0   1126.2023829890813
759.0   1145.784771730284
760.0   1192.7822449285877
761.0   1237.7806796600535
762.0   1279.9676548831687
763.0   1325.913754880422
764.0   1354.3604255604073
765.0   1383.1036432391518
766.0   1407.3320804262587
767.0   1417.534613696956
768.0   1475.8634463144333
769.0   1443.708462862725
770.0   1492.411551022201
771.0   1480.1320016232553
772.0   1473.4437726813055
773.0   1453.4109533571577
774.0   1465.7609688618413
775.0   1431.35826987996
776.0   1433.8193048047976
777.0   1442.228024546148
778.0   1427.0390743668827
779.0   1383.269671922917
780.0   1379.1251116653768
781.0   1348.3106964279743
782.0   1330.915931688838
783.0   1302.3057229688
784.0   1282.2422624405863
785.0   1251.6043332757831
786.0   1213.4924525601552
787.0   1201.60222740333
788.0   1173.3636496808122
789.0   1146.9701976424526
790.0   1124.8857123992734
791.0   1089.945730930321
792.0   1072.2340021469631
793.0   1032.7943042660468
794.0   1009.9155354288305
795.0   982.2426211899739
796.0   974.8844231733464
797.0   971.0780925884096
798.0   917.3604875373693
799.0   877.3666473818755
800.0   870.4708743234329
