500.0   567.3985865969265
501.0   564.4628823062425
502.0   564.6846624947564
503.0   552.5897931260633
504.0   558.395420765303
505.0   538.3281829932298
506.0   530.2068187322891
507.0   523.6846708822289
508.0   501.38104398693525
509.0   494.3008956128995
510.0   472.7024797204191
511.0   468.5896027905686
512.0   467.7291390630081
513.0   458.8440209637397
514.0   431.8230917367837
515.0   434.8160156309166
516.0   451.59604867560085
517.0   454.08228388374664
518.0   440.0770306161703
519.0   450.0540162594307
520.0   425.14646951584973
521.0   444.6659854772113
522.0   460.34079485141615
523.0   452.8338481382325
524.0   453.46587995621326
525.0   474.7055108672865
526.0   487.43700723015763
527.0   505.3033348006684
528.0   526.2088877482354
529.0   545.327824813942
530.0   561.894712908587
531.0   591.0608039192676
532.0   606.8525282191072
533.0   627.6469527385538
534.0   649.9494018248391
535.0   675.0880934332855
536.0   699.8939490150244
537.0   723.773665460944
538.0   746.768990849584
539.0   766.863956835972
540.0   768.3045026197796
541.0   764.5570277464413
542.0   767.7067535781175
543.0   774.849328251284
544.0   763.0194107176899
545.0   757.0526097762204
546.0   731.5410385956319
547.0   718.9392266975259
548.0   693.1424459740704
549.0   675.7159519355118
550.0   664.6506569094875
551.0   627.9681150256505
552.0   643.7540856531896
553.0   606.3109901194671
554.0   590.2283674644275
555.0   582.2139871234383
556.0   574.0308039495345
557.0   559.9572765604787
558.0   563.9708451363143
559.0   537.8922175729389
560.0   553.5510254520632
561.0   547.5352430079292
562.0   524.4781464722646
563.0   528.9333375742049
564.0   552.0946006953468
565.0   537.4673056645375
566.0   571.5824197856027
567.0   575.7574687185859
568.0   568.6905390764599
569.0   591.3495211214968
570.0   622.099878028702
571.0   618.1944659157203
572.0   615.6471841758888
573.0   637.8673216516256
574.0   655.2703698505895
575.0   687.2729511651423
576.0   691.8752874229513
577.0   712.5557966516748
578.0   729.2906312043178
579.0   762.1603967759305
580.0   793.3851037050907
581.0   810.6248430179719
582.0   827.3303517648915
583.0   845.1786127354756
584.0   860.3517543306114
585.0   889.259253038947
586.0   902.2587336994873
587.0   900.5106136162733
588.0   909.5260928257982
589.0   928.340309997587
590.0   905.0590272779393
591.0   920.0331909863738
592.0   898.0817737756414
593.0   891.4726924840991
594.0   882.6588243666512
595.0   866.9515439769821
596.0   855.9669231554061
597.0   828.3096412865734
598.0   830.9962548547014
599.0   806.2485667505382
600.0   785.9108561496996
601.0   775.9413395984645
602.0   743.8229859473897
603.0   769.4082678063367
604.0   746.6003383014777
605.0   733.2207450420387
606.0   752.8803133164108
607.0   742.1914005313073
608.0   738.1257252464626
609.0   694.0024448177131
610.0   709.5892434594319
611.0   710.5975393524297
612.0   734.2504272832884
613.0   702.2950427362675
614.0   677.1985897564759
615.0   687.1727813140371
616.0   698.6084164845593
617.0   711.4461577624804
618.0   687.6228300502488
619.0   699.4304647046067
620.0   700.4171559750213
621.0   744.9601473560527
622.0   734.2758226705923
623.0   778.6191331269238
624.0   793.5930767610486
625.0   817.7069347412213
626.0   857.1189756006773
627.0   882.4597994550891
628.0   907.8150601072737
629.0   936.5080482537292
630.0   961.5982853853677
631.0   995.6098759711343
632.0   1014.0187337051543
633.0   1043.5745092957739
634.0   1063.0191022610131
635.0   1094.0517232161133
636.0   1113.0475308247085
637.0   1139.3769197926395
638.0   1125.8588314678564
639.0   1170.5642514412054
640.0   1179.241100999747
641.0   1185.2593000710865
642.0   1189.5341312919222
643.0   1186.7690773928039
644.0   1178.2658584882065
645.0   1182.07196674899
646.0   1188.5545558024203
647.0   1173.0530423955202
648.0   1169.69904172983
649.0   1146.7032442908678
650.0   1139.2837498514457
651.0   1132.7290881494832
652.0   1124.5528182995583
653.0   1113.3925567133415
654.0   1107.8790458785509
655.0   1092.5144639704902
656.0   1087.9222454215142
657.0   1094.4461618565288
658.0   1076.4921817076988
659.0   1068.403163899938
660.0   1071.0226817472444
661.0   1063.3413107402291
662.0   1073.358055528699
663.0   1067.36390890168
664.0   1079.9502224034552
665.0   1111.5294433942527
666.0   1088.3822529355584
667.0   1085.3118819944943
668.0   1080.2965971066437
669.0   1099.2625998804342
670.0   1144.2849456726424
671.0   1157.1736601343434
672.0   1184.2160128001915
673.0   1161.1877514678902
674.0   1172.5932254158565
675.0   1213.7668338677079
676.0   1211.252406659925
677.0   1247.083483032581
678.0   1264.4983857809634
679.0   1287.255543087855
680.0   1318.6226529414357
681.0   1340.9990502173946
682.0   1374.0280225387514
683.0   1406.2925725527502
684.0   1425.2161878246939
685.0   1459.8195268291327
686.0   1487.8206059942709
687.0   1530.8367662412113
688.0   1531.6626883640704
689.0   1574.314982413491
690.0   1601.5308078407616
691.0   1621.5443402214726
692.0   1675.002309966549
693.0   1712.8194647612465
694.0   1712.118804081777
695.0   1739.7888832653648
696.0   1740.1790115321244
697.0   1714.1559767769534
698.0   1797.8921986268538
699.0   1821.4715672552547
700.0   1791.3325676022378
701.0   1751.7407594952074
702.0   1804.1549420970944
703.0   1782.9260876939063
704.0   1791.720996849415
705.0   1798.567535716771
706.0   1798.5552983491643
707.0   1788.2515427320905
708.0   1774.3115685238
709.0   1751.269902448399
710.0   1723.7943848798895
711.0   1706.7878236875629
712.0   1689.8475167472836
713.0   1667.1258956206736
714.0   1652.6358210491471
715.0   1641.5369303060563
716.0   1619.9112808575107
717.0   1632.6230179526979
718.0   1575.3236763586103
719.0   1581.3267671209078
720.0   1554.5028371000158
721.0   1533.951501914511
722.0   1554.1693919571258
723.0   1535.4244653135281
724.0   1534.8902322765582
725.0   1495.1705341661834
726.0   1497.6527111123398
727.0   1494.4002612470817
728.0   1465.9512751732666
729.0   1488.2179731210258
730.0   1414.9150261164573
731.0   1432.9422675045835
732.0   1476.555002943744
733.0   1473.7305489453477
734.0   1450.8763752299317
735.0   1444.8152667423155
736.0   1384.5581539295404
737.0   1387.2027239286822
738.0   1419.0602307535303
739.0   1387.9471314382542
740.0   1452.0213074149935
741.0   1406.9336804512136
742.0   1428.5303143750584
743.0   1385.5618918936368
744.0   1378.8005704579139
745.0   1334.3647709836544
746.0   1325.7109673208504
747.0   1352.3467348601096
748.0   1367.7842298256478
749.0   1382.9625653244618
750.0   1439.896305580127
751.0   1470.1160773933211
752.0   1525.8614569940964
753.0   1578.4316912393688
754.0   1641.3312079915845
755.0   1714.280499911181
756.0   1785.946508174502
757.0   1847.8406957783166
758.0   1946.6918204413832
759.0   1970.369387352578
760.0   2051.6693683200524
761.0   2124.0993213101374
762.0   2193.946587039336
763.0   2264.307991029432
764.0   2303.3133520202155
765.0   2349.7664648060427
766.0   2398.7616547430603
767.0   2395.5911049249353
768.0   2496.621523539438
769.0   2456.8833525019736
770.0   2506.383914621169
771.0   2502.65424282417
772.0   2509.013612832693
773.0   2447.663035106729
774.0   2477.094357934407
775.0   2420.2011552141676
776.0   2432.1276672851304
777.0   2440.6220861186584
778.0   2431.4681324120575
779.0   2356.263006445848
780.0   2353.273179062606
781.0   2305.400664403935
782.0   2273.4499956822056
783.0   2227.426342549986
784.0   2192.520209726836
785.0   2136.636256854989
786.0   2092.951744433226
787.0   2055.3888163835945
788.0   2016.5035005550958
789.0   1972.4710453682555
790.0   1942.9106991715878
791.0   1884.0119925147073
792.0   1850.6264801749396
793.0   1798.5976438235166
794.0   1742.9224172492118
795.0   1719.0842847576678
796.0   1682.0985197481275
797.0   1687.4833316472452
798.0   1608.9403293130997
799.0   1531.1795952497596
800.0   1521.3073711566872
