500.0   31.96
501.0   69.96
502.0   31.96
503.0   31.96
504.0   69.96
505.0   31.96
506.0   69.96
507.0   33.96
508.0   69.96
509.0   69.96
510.0   69.96
511.0   33.96
512.0   33.96
513.0   31.96
514.0   31.96
515.0   33.96
516.0   69.96
517.0   33.96
518.0   31.96
519.0   33.96
520.0   31.96
521.0   31.96
522.0   31.96
523.0   31.96
524.0   31.96
525.0   31.96
526.0   31.96
527.0   31.96
528.0   31.96
529.0   31.96
530.0   31.96
531.0   31.96
532.0   31.96
533.0   31.96
534.0   31.96
535.0   31.96
536.0   31.96
537.0   31.96
538.0   31.96
539.0   31.96
540.0   31.96
541.0   31.96
542.0   31.96
543.0   31.96
544.0   31.96
545.0   31.96
546.0   31.96
547.0   31.96
548.0   31.96
549.0   31.96
550.0   31.96
551.0   31.96
552.0   31.96
553.0   31.96
554.0   31.96
555.0   31.96
556.0   31.96
557.0   31.96
558.0   31.96
559.0   31.96
560.0   31.96
561.0   29.96
562.0   31.96
563.0   31.96
564.0   29.96
565.0   31.96
566.0   29.96
567.0   29.96
568.0   29.96
569.0   29.96
570.0   29.96
571.0   29.96
572.0   29.96
573.0   29.96
574.0   29.96
575.0   29.96
576.0   29.96
577.0   29.96
578.0   29.96
579.0   29.96
580.0   29.96
581.0   29.96
582.0   31.96
583.0   29.96
584.0   29.96
585.0   31.96
586.0   31.96
587.0   31.96
588.0   29.96
589.0   31.96
590.0   29.96
591.0   31.96
592.0   31.96
593.0   29.96
594.0   31.96
595.0   31.96
596.0   31.96
597.0   31.96
598.0   31.96
599.0   29.96
600.0   31.96
601.0   31.96
602.0   29.96
603.0   29.96
604.0   31.96
605.0   29.96
606.0   29.96
607.0   31.96
608.0   29.96
609.0   29.96
610.0   29.96
611.0   29.96
612.0   29.96
613.0   29.96
614.0   29.96
615.0   29.96
616.0   29.96
617.0   29.96
618.0   29.96
619.0   29.96
620.0   29.96
621.0   29.96
622.0   33.96
623.0   29.96
624.0   33.96
625.0   33.96
626.0   33.96
627.0   33.96
628.0   33.96
629.0   33.96
630.0   33.96
631.0   33.96
632.0   33.96
633.0   33.96
634.0   33.96
635.0   33.96
636.0   33.96
637.0   33.96
638.0   33.96
639.0   35.96
640.0   33.96
641.0   33.96
642.0   33.96
643.0   35.96
644.0   35.96
645.0   35.96
646.0   35.96
647.0   35.96
648.0   35.96
649.0   35.96
650.0   35.96
651.0   35.96
652.0   35.96
653.0   35.96
654.0   35.96
655.0   35.96
656.0   35.96
657.0   35.96
658.0   35.96
659.0   35.96
660.0   35.96
661.0   35.96
662.0   35.96
663.0   35.96
664.0   35.96
665.0   35.96
666.0   35.96
667.0   35.96
668.0   35.96
669.0   35.96
670.0   35.96
671.0   35.96
672.0   35.96
673.0   35.96
674.0   35.96
675.0   35.96
676.0   35.96
677.0   35.96
678.0   35.96
679.0   35.96
680.0   35.96
681.0   35.96
682.0   35.96
683.0   35.96
684.0   35.96
685.0   35.96
686.0   35.96
687.0   35.96
688.0   35.96
689.0   35.96
690.0   35.96
691.0   35.96
692.0   35.96
693.0   35.96
694.0   35.96
695.0   35.96
696.0   35.96
697.0   35.96
698.0   35.96
699.0   35.96
700.0   35.96
701.0   35.96
702.0   35.96
703.0   35.96
704.0   35.96
705.0   35.96
706.0   35.96
707.0   35.96
708.0   35.96
709.0   35.96
710.0   35.96
711.0   35.96
712.0   35.96
713.0   35.96
714.0   35.96
715.0   35.96
716.0   35.96
717.0   35.96
718.0   35.96
719.0   35.96
720.0   35.96
721.0   35.96
722.0   35.96
723.0   35.96
724.0   35.96
725.0   35.96
726.0   35.96
727.0   35.96
728.0   35.96
729.0   35.96
730.0   35.96
731.0   35.96
732.0   35.96
733.0   35.96
734.0   35.96
735.0   35.96
736.0   35.96
737.0   35.96
738.0   35.96
739.0   35.96
740.0   35.96
741.0   35.96
742.0   35.96
743.0   35.96
744.0   35.96
745.0   35.96
746.0   35.96
747.0   35.96
748.0   35.96
749.0   35.96
750.0   35.96
751.0   35.96
752.0   35.96
753.0   35.96
754.0   35.96
755.0   35.96
756.0   35.96
757.0   35.96
758.0   35.96
759.0   35.96
760.0   35.96
761.0   35.96
762.0   35.96
763.0   35.96
764.0   35.96
765.0   35.96
766.0   35.96
767.0   35.96
768.0   35.96
769.0   35.96
770.0   35.96
771.0   35.96
772.0   35.96
773.0   35.96
774.0   35.96
775.0   35.96
776.0   35.96
777.0   35.96
778.0   35.96
779.0   35.96
780.0   35.96
781.0   35.96
782.0   35.96
783.0   35.96
784.0   35.96
785.0   35.96
786.0   35.96
787.0   35.96
788.0   35.96
789.0   35.96
790.0   35.96
791.0   35.96
792.0   35.96
793.0   35.96
794.0   35.96
795.0   35.96
796.0   35.96
797.0   35.96
798.0   35.96
799.0   35.96
800.0   35.96
