500.0   274.2433919854646
501.0   266.15694056942704
502.0   272.78609144175937
503.0   270.5742543586389
504.0   276.172513304497
505.0   263.82998693354534
506.0   261.0830480541826
507.0   267.03843541687155
508.0   261.04979713793284
509.0   255.41018033479148
510.0   258.2949838250402
511.0   256.0129203978029
512.0   253.23814131327592
513.0   259.7545302990565
514.0   252.22827986927018
515.0   249.83658369067717
516.0   254.50855562305264
517.0   252.84043701595104
518.0   251.91935060901505
519.0   263.9643940389273
520.0   250.77308957952278
521.0   254.18984874353686
522.0   264.7338938156299
523.0   253.83166904535562
524.0   253.83714206547506
525.0   260.53110331937387
526.0   268.83952030478537
527.0   263.01965297911295
528.0   274.7726566075431
529.0   274.1893430894702
530.0   278.56388036014437
531.0   277.80047523454044
532.0   291.16180498110634
533.0   287.3302975738228
534.0   296.7305736881453
535.0   291.3337328776655
536.0   302.71595004301497
537.0   301.2288847015009
538.0   303.2169042626698
539.0   304.50574214273234
540.0   308.0896601150142
541.0   307.0972001838802
542.0   317.98306951192563
543.0   308.28713755904295
544.0   306.33629350968266
545.0   303.6005558943665
546.0   299.9155927266675
547.0   298.12846009118357
548.0   294.4254082592441
549.0   290.37884893574363
550.0   289.0267323885815
551.0   289.48950385237254
552.0   289.2998378853371
553.0   279.7949988384538
554.0   283.7999991228106
555.0   281.01041867311403
556.0   274.7761483618547
557.0   277.3545889603447
558.0   279.7761186305264
559.0   279.5904499538185
560.0   278.35311481739967
561.0   280.2795884902904
562.0   274.89698309052983
563.0   275.85657650114723
564.0   277.08212850500297
565.0   274.01260403564095
566.0   288.79174530780193
567.0   289.09446932155726
568.0   275.9928572695429
569.0   290.3977273153441
570.0   301.32171377007325
571.0   290.68019008062026
572.0   286.95630548494375
573.0   300.10099001454694
574.0   301.4215035866928
575.0   305.7658505881799
576.0   311.11785391214505
577.0   320.6585543489446
578.0   319.7361246301724
579.0   314.69940761467035
580.0   321.0946098694795
581.0   324.3780790584278
582.0   336.68798584246866
583.0   336.83216268713795
584.0   335.48721454432354
585.0   331.9770378831278
586.0   338.6676591480521
587.0   337.073838207705
588.0   342.41934640135923
589.0   335.53036903915876
590.0   344.0086865174808
591.0   344.7959084149813
592.0   348.7910795794855
593.0   332.65721492461165
594.0   341.95243898242006
595.0   342.5046390297719
596.0   335.3765252968466
597.0   329.9804528322814
598.0   327.6005597070408
599.0   321.92507187023045
600.0   317.13063786217805
601.0   318.0262708865835
602.0   320.27853505911634
603.0   323.81219345593786
604.0   318.56275481510943
605.0   320.017131086185
606.0   321.05998995648963
607.0   318.35845686674776
608.0   314.9986419934407
609.0   305.48386781748553
610.0   313.3111239507746
611.0   315.4605298563522
612.0   317.1087743775124
613.0   318.48901807678646
614.0   307.71826883229096
615.0   307.3071546871842
616.0   312.86646152854047
617.0   317.65943748007004
618.0   303.6755452071704
619.0   315.49897820266455
620.0   321.09002862943635
621.0   323.77981717056105
622.0   321.7628309201227
623.0   335.87040919301097
624.0   333.1009131603187
625.0   340.0546358808866
626.0   343.9215145137816
627.0   352.54653213404924
628.0   360.212593580601
629.0   363.1603757076548
630.0   359.5735382240557
631.0   375.4301548827691
632.0   383.0769921331553
633.0   383.50876250955986
634.0   389.5484674250527
635.0   393.20775214937566
636.0   397.96568595650007
637.0   388.96410257429255
638.0   394.9305564278353
639.0   406.90613989094
640.0   412.3494158091745
641.0   400.1808589716197
642.0   409.326782778544
643.0   411.5231641424423
644.0   415.0605146105663
645.0   409.63356761285183
646.0   409.0082307313217
647.0   409.86423237343814
648.0   415.9145227477023
649.0   402.3589598915878
650.0   402.35127514745
651.0   400.50132716713523
652.0   402.2296808589908
653.0   396.2274614384113
654.0   395.768193872006
655.0   394.4493088198912
656.0   395.16708846420727
657.0   393.77460045229134
658.0   399.69710340773764
659.0   391.45325078093157
660.0   396.8370112844068
661.0   394.39073416953545
662.0   402.3194588914431
663.0   395.344171676619
664.0   393.847275591232
665.0   406.0329909445329
666.0   399.83131236660483
667.0   394.9240563536438
668.0   400.6435465071266
669.0   399.16975491643706
670.0   406.91538133737197
671.0   413.58399893825043
672.0   417.99444789998876
673.0   414.57120715789745
674.0   423.4674902112687
675.0   431.28638384956014
676.0   428.17551046725424
677.0   437.98994919691427
678.0   438.0961071539888
679.0   435.8280471715306
680.0   455.5819490850484
681.0   459.8376157421186
682.0   461.4326195571021
683.0   466.907734922982
684.0   481.01077823001134
685.0   487.87541308149827
686.0   489.715530094539
687.0   499.1233542029606
688.0   499.2425236649127
689.0   502.9734338715968
690.0   513.7324964558704
691.0   522.5871235825697
692.0   535.0938546559363
693.0   531.1111753574816
694.0   530.0643060685385
695.0   547.3256601863575
696.0   539.0076495904895
697.0   535.3830022029736
698.0   555.944056809569
699.0   555.7328708015366
700.0   559.5368013388812
701.0   547.8814717026371
702.0   550.399560888155
703.0   561.0382236290906
704.0   561.299438128078
705.0   561.7000141743869
706.0   556.1186658491362
707.0   551.8205205516874
708.0   550.5555427349206
709.0   547.3299848457755
710.0   548.9352545534326
711.0   534.3291588753541
712.0   534.226622536539
713.0   540.5815682111376
714.0   526.7855467717075
715.0   523.3538460756994
716.0   519.8775416576854
717.0   533.0637164816512
718.0   521.4900030178409
719.0   514.1011340957367
720.0   506.85718334011307
721.0   517.008778077243
722.0   515.6007982705289
723.0   513.5831240674889
724.0   520.6617346373539
725.0   502.20288401566415
726.0   510.2689252282161
727.0   498.9793952918458
728.0   496.22128337502886
729.0   497.60613938414275
730.0   492.5395129412774
731.0   499.46181129773873
732.0   507.3908113396568
733.0   496.77626947562504
734.0   519.2069455708958
735.0   499.9186654874396
736.0   486.25390962231035
737.0   494.72339516778203
738.0   488.65037671389325
739.0   490.45530817110404
740.0   497.02567128638464
741.0   490.67990243013435
742.0   496.21599095989734
743.0   494.7332064374543
744.0   498.88201378005726
745.0   480.0394851132867
746.0   482.3609165696631
747.0   490.9607974295147
748.0   483.24241895364463
749.0   491.1376891132027
750.0   503.9298121439119
751.0   508.7431862605905
752.0   524.8078226763349
753.0   521.5432402568892
754.0   540.5661311753315
755.0   553.8407941770145
756.0   560.9574980342683
757.0   578.5975900921842
758.0   597.9671608720201
759.0   603.9511273495518
760.0   623.1423236577577
761.0   652.2284979738623
762.0   653.8641996604242
763.0   675.3826885052941
764.0   675.8268374283329
765.0   689.0479229207765
766.0   712.0442683621483
767.0   713.1464487661058
768.0   749.1591303158339
769.0   722.8258793244955
770.0   746.6977876098701
771.0   748.3210968802799
772.0   759.4743029468366
773.0   727.9863073328329
774.0   733.9023021590413
775.0   722.240454623274
776.0   732.5432069301417
777.0   721.0765442463821
778.0   729.7607997640056
779.0   710.5998262776576
780.0   706.5476970676883
781.0   703.5402981688243
782.0   696.4001241947318
783.0   677.8154721985394
784.0   674.9618915375925
785.0   668.5324623432663
786.0   660.6335410483931
787.0   644.0236145587093
788.0   634.7604904203064
789.0   626.5399626750775
790.0   617.6047002177424
791.0   600.1411853040274
792.0   595.7919991231595
793.0   585.3950370764601
794.0   575.1067082286378
795.0   569.9341193254902
796.0   566.5751971448135
797.0   575.9387090444899
798.0   547.6252883330596
799.0   518.4524772594124
800.0   529.2439232785165
