500.0   256.6314391678593
501.0   251.08859662352032
502.0   254.9706808378622
503.0   251.61804974812267
504.0   250.80382943276825
505.0   252.00808581481715
506.0   255.43321216751897
507.0   249.86034578883303
508.0   233.7216681483057
509.0   242.96786207077955
510.0   243.62712630569587
511.0   242.44428749182808
512.0   240.43402155785344
513.0   238.9433776103457
514.0   243.9375425848378
515.0   241.04623461902554
516.0   234.94822776498148
517.0   236.0142240837266
518.0   241.79648299910608
519.0   233.01786932710294
520.0   234.9101241190449
521.0   236.46928604149167
522.0   243.63096852536856
523.0   242.22586563042518
524.0   239.50809528686753
525.0   245.45844665525883
526.0   250.28178561417892
527.0   252.0231481160142
528.0   248.88290394703492
529.0   255.35831134851242
530.0   260.5829778245602
531.0   254.59862156185443
532.0   261.0963168468765
533.0   264.3022635165191
534.0   266.89898898998837
535.0   272.9163443393257
536.0   276.19923567344125
537.0   278.3782554154896
538.0   277.50326578589215
539.0   278.7509452470192
540.0   281.8127201553208
541.0   283.43271257256293
542.0   278.0862791065226
543.0   279.89738998395467
544.0   280.3337843841081
545.0   280.23162866081975
546.0   284.6607284209078
547.0   277.034375342984
548.0   271.7348781202213
549.0   268.6496119722774
550.0   270.03788299701444
551.0   266.1943887479412
552.0   258.4009229123171
553.0   263.5027838841515
554.0   260.62767360527795
555.0   264.68123876127254
556.0   259.6680780955605
557.0   257.97681431239795
558.0   259.01359453014663
559.0   264.7021870674517
560.0   256.5322198807811
561.0   261.1993522415881
562.0   259.1796652027224
563.0   260.73843473162555
564.0   261.47713006770215
565.0   266.53900261089336
566.0   266.18684747330343
567.0   268.0051223176051
568.0   259.0003580672806
569.0   264.84524323621446
570.0   272.7419437034741
571.0   265.5074855815304
572.0   270.62788170420185
573.0   271.646237838824
574.0   276.04532453943784
575.0   278.87194661945114
576.0   280.990966444437
577.0   274.8152752038295
578.0   287.1994724813356
579.0   286.362051976045
580.0   287.07173235501983
581.0   298.1136997872029
582.0   295.33775047937127
583.0   299.834176864802
584.0   302.80816678136114
585.0   306.67576713517246
586.0   313.54742616547327
587.0   302.91314255126133
588.0   308.20233258131015
589.0   313.88128529567166
590.0   306.9368063717831
591.0   319.2404521156471
592.0   317.22368585408583
593.0   305.998871231309
594.0   304.2569113278689
595.0   297.39307918528584
596.0   298.19015430943375
597.0   296.5613219479767
598.0   298.3552014490555
599.0   298.3382942754634
600.0   292.4879473303522
601.0   291.46215095946144
602.0   291.44753932413516
603.0   294.9744173953213
604.0   288.74825392576196
605.0   291.98215791359934
606.0   287.9378685711428
607.0   287.01552721305796
608.0   295.15606245923465
609.0   285.4072060318124
610.0   289.3763842002489
611.0   294.6203873979657
612.0   292.32233357622505
613.0   284.6165180596863
614.0   281.64249538042236
615.0   288.57833815606875
616.0   288.65719225700366
617.0   291.9287629735463
618.0   284.04992909195687
619.0   292.0338168331093
620.0   296.03582226935396
621.0   287.96497916113856
622.0   291.190403139553
623.0   297.1135539757456
624.0   305.9945978329848
625.0   307.0164287959054
626.0   317.20150173486877
627.0   323.5916289570524
628.0   323.74759545128705
629.0   332.2095263283514
630.0   336.8862634251877
631.0   328.20662472414375
632.0   341.15171087110457
633.0   344.51349477880706
634.0   351.45562241420777
635.0   338.7084677513596
636.0   359.59541496103884
637.0   357.396051424605
638.0   352.4572525690616
639.0   360.7123829226651
640.0   360.34049737824637
641.0   358.5434786081811
642.0   360.28500586537575
643.0   367.3330380558631
644.0   366.7201594116587
645.0   356.25189745976604
646.0   362.34782886951655
647.0   364.5133998364024
648.0   362.517163161405
649.0   361.7422755971149
650.0   349.4805296312767
651.0   353.7052519338799
652.0   351.8968082862044
653.0   355.37380629099584
654.0   358.56789426051483
655.0   357.0909823805246
656.0   355.0099250403775
657.0   357.1562403950861
658.0   358.11961949817214
659.0   352.48249141799835
660.0   349.3554079122757
661.0   346.42113577756777
662.0   350.616149596826
663.0   347.4427181558634
664.0   360.6333063017178
665.0   359.24723422486875
666.0   360.04665309685544
667.0   363.08841951467923
668.0   356.63322123754733
669.0   355.9527082587662
670.0   362.90424985640743
671.0   371.72166216627824
672.0   376.82288164719074
673.0   374.3113119324319
674.0   371.5887700005749
675.0   373.46429359013507
676.0   383.4587300405791
677.0   384.31485352404604
678.0   390.41098636954666
679.0   400.9330710979784
680.0   395.6374061863456
681.0   406.73199659006195
682.0   411.3868197950005
683.0   414.8339233786438
684.0   418.9892791251987
685.0   437.89673929758965
686.0   429.1723974552781
687.0   443.5413960904471
688.0   447.41243187271374
689.0   445.34463517266926
690.0   445.6905757928907
691.0   450.92425616668856
692.0   465.34013174354317
693.0   465.9287144842268
694.0   467.23168930269395
695.0   464.92606569683704
696.0   472.47211724088163
697.0   471.1563461546426
698.0   486.0822017824418
699.0   495.4445740184745
700.0   486.7527195647208
701.0   493.0460796436659
702.0   490.26058118274455
703.0   483.97391202691114
704.0   480.320635966754
705.0   492.16794492638434
706.0   483.0560772759739
707.0   483.843961232348
708.0   479.0665406319116
709.0   474.8205956253274
710.0   465.2947513684446
711.0   478.26649860227167
712.0   468.4065627287178
713.0   461.9427178417045
714.0   474.358432071451
715.0   470.2685282478893
716.0   455.2331645602438
717.0   465.7521751164325
718.0   458.32533902413314
719.0   464.9644118955966
720.0   450.45659214320733
721.0   449.4436986465063
722.0   448.34875025034324
723.0   448.1278837190357
724.0   447.02928629244514
725.0   440.09529288912904
726.0   444.9714599600263
727.0   439.99628151476804
728.0   442.46191406687313
729.0   449.0849151936679
730.0   425.6705561554809
731.0   429.8078096850582
732.0   438.7321854323989
733.0   442.4205662570326
734.0   450.0023042075473
735.0   446.401242020789
736.0   440.828957960872
737.0   439.48201066793183
738.0   442.5987844953
739.0   442.11633238836896
740.0   438.99692758742407
741.0   433.66641042785676
742.0   437.51321125312865
743.0   439.4618585662195
744.0   440.1159687682905
745.0   434.59226634588305
746.0   437.3103487173069
747.0   438.73541676778416
748.0   429.00434608200544
749.0   437.8955239488796
750.0   437.1352700096934
751.0   425.25559611175424
752.0   458.58025557616463
753.0   455.08695568995995
754.0   465.563753395155
755.0   477.95713296312397
756.0   485.77024712339085
757.0   513.7906181153642
758.0   512.9582528278786
759.0   518.5060384564302
760.0   540.4796410606929
761.0   559.9576481314207
762.0   564.1305005872123
763.0   583.2908326106095
764.0   578.510781140915
765.0   601.1611656041443
766.0   613.7945570273539
767.0   619.641952470006
768.0   634.9548177788505
769.0   620.3063056437124
770.0   639.3419617134634
771.0   633.3529540081886
772.0   630.3091674693826
773.0   621.1754803717844
774.0   623.1340077062878
775.0   610.7169083261715
776.0   605.6590442362841
777.0   630.5074405748024
778.0   629.2887253512283
779.0   602.7495777302881
780.0   608.0621194299425
781.0   600.8795169267752
782.0   599.6333243639084
783.0   584.7382148953783
784.0   586.1647783081285
785.0   579.7240326475912
786.0   553.6032470139278
787.0   564.3451481229339
788.0   554.3851337752974
789.0   547.9640517001259
790.0   540.4048266281808
791.0   520.2528047299448
792.0   525.6771418788959
793.0   506.7399006914411
794.0   495.07040103820367
795.0   503.25171633075456
796.0   493.4471383893477
797.0   497.76106316416667
798.0   471.0577002848334
799.0   461.1149851154818
800.0   460.7254046309346
