500.0   235.03259350935738
501.0   239.06369244877948
502.0   235.3270324896455
503.0   232.4849526537143
504.0   237.54118914580658
505.0   234.7034224906899
506.0   234.7868864519758
507.0   236.1006124819554
508.0   231.85129252751682
509.0   228.7418933120704
510.0   230.41759494119498
511.0   228.1826879413204
512.0   227.40541504084624
513.0   227.48691378350784
514.0   229.58087202191183
515.0   226.0523226958029
516.0   227.58090203421844
517.0   227.0502566884332
518.0   227.71977447480523
519.0   226.72479543838773
520.0   227.73879127257638
521.0   225.20416336405185
522.0   229.7392938013809
523.0   230.29630430760278
524.0   227.54395507599054
525.0   233.6396602595316
526.0   230.32892614889278
527.0   233.00150056574597
528.0   232.68203515067356
529.0   236.2079347010455
530.0   243.52428736983887
531.0   247.111274086332
532.0   243.4237490441635
533.0   245.28372256298422
534.0   246.91406024265908
535.0   254.5784953999435
536.0   254.49708841295833
537.0   253.0953586058181
538.0   253.26895020931488
539.0   257.0038030287171
540.0   266.1361626402943
541.0   254.78903322767673
542.0   254.99276848726853
543.0   256.30572838129143
544.0   260.8187948598569
545.0   254.70995559761073
546.0   256.63930407511174
547.0   246.49591738974348
548.0   255.63779420508223
549.0   253.27372088573517
550.0   247.99847514122843
551.0   250.627914014164
552.0   247.123986134106
553.0   245.7052403961639
554.0   236.56308503259422
555.0   236.01360729717348
556.0   245.3118130985715
557.0   244.167342591863
558.0   240.8714675347823
559.0   239.6915499184602
560.0   245.09119230638436
561.0   240.10772741811238
562.0   243.60817194224992
563.0   240.93369737276143
564.0   241.76491725344246
565.0   237.80657817753433
566.0   242.5468513555917
567.0   241.305435653012
568.0   242.00256001792533
569.0   252.31937931713694
570.0   252.69907509714434
571.0   251.3324240183742
572.0   251.41963861270943
573.0   256.9355845477129
574.0   258.39265155282044
575.0   258.5803430278347
576.0   261.0780512859494
577.0   260.73720303701697
578.0   271.930970050338
579.0   268.98399263045934
580.0   271.56380448458356
581.0   279.4116447237872
582.0   277.5303483819583
583.0   276.58775439714276
584.0   275.96575602546187
585.0   270.59369737979165
586.0   282.8371548169599
587.0   283.39506757744283
588.0   282.01521083141427
589.0   272.74236422477713
590.0   282.9890999888478
591.0   280.8076450150918
592.0   274.45136014876744
593.0   280.9655816884575
594.0   279.0969034299662
595.0   273.76962798307443
596.0   279.7800976297188
597.0   275.1827466041815
598.0   277.69969298790875
599.0   277.8653977558814
600.0   268.0011178805004
601.0   272.48461606722424
602.0   267.50913776792044
603.0   268.4967144126531
604.0   275.2494959025631
605.0   263.0884306921218
606.0   272.0703818104298
607.0   259.3003619977739
608.0   265.1007070710734
609.0   266.78352386602745
610.0   265.6443476770288
611.0   266.93541188495135
612.0   266.43511426870407
613.0   263.06274317463755
614.0   258.2283775840963
615.0   253.87789354255395
616.0   265.7257643645214
617.0   275.59491777799167
618.0   267.3639022377354
619.0   271.66936064561287
620.0   262.4779253032147
621.0   273.54573392474606
622.0   276.37012507303285
623.0   280.76745586268333
624.0   268.9684206731385
625.0   276.0327446961768
626.0   285.93621450029474
627.0   288.55351662024214
628.0   298.0195924104869
629.0   301.7780444300934
630.0   296.3959418374976
631.0   295.84627071614176
632.0   309.4099109125207
633.0   303.97957583123446
634.0   309.6069610094041
635.0   319.69951653608535
636.0   312.66326328088604
637.0   317.6877069695304
638.0   317.086627743724
639.0   321.5963582655181
640.0   328.1713412565739
641.0   313.9335784956826
642.0   326.2197514880847
643.0   322.831203439772
644.0   324.6469443787836
645.0   323.2863162470654
646.0   329.63122306783754
647.0   322.60310689966
648.0   323.1525169273609
649.0   326.48565940425823
650.0   320.56067207333507
651.0   324.98950549636174
652.0   324.47507036083044
653.0   317.4752373506696
654.0   319.2193809064674
655.0   317.2098140661493
656.0   315.64973226633055
657.0   312.6729469704035
658.0   307.7071672479346
659.0   308.5210698050665
660.0   313.79616597993817
661.0   318.5291074028914
662.0   314.8861502260557
663.0   312.8253822159591
664.0   309.46707514900123
665.0   313.35931990985586
666.0   322.2002018363874
667.0   317.4715330357825
668.0   320.7158172359428
669.0   322.05668316772955
670.0   328.62379030692756
671.0   326.16927714709226
672.0   331.5402058536321
673.0   326.7644767235014
674.0   330.8438540430786
675.0   332.56939599704714
676.0   332.96215640740144
677.0   339.05940709136246
678.0   343.2381979745777
679.0   351.0263482983978
680.0   355.7768626592836
681.0   349.20404791209296
682.0   358.3353986003216
683.0   371.0752580194274
684.0   367.0229007181823
685.0   367.1886856924859
686.0   374.8494189737647
687.0   388.12850845772
688.0   381.6466182991198
689.0   388.6786382747545
690.0   397.53198844297555
691.0   388.73642933077434
692.0   406.67218089481366
693.0   403.9388818633438
694.0   400.14041048962196
695.0   409.884737608703
696.0   411.4986208862077
697.0   402.5468657546721
698.0   418.8473455164886
699.0   419.2018186709404
700.0   420.6350808699486
701.0   415.3933320155862
702.0   422.3392164603677
703.0   421.0363700709625
704.0   422.8663784059011
705.0   411.2721835389878
706.0   410.0187812901839
707.0   418.14826941848634
708.0   409.08352033456424
709.0   412.10206516922443
710.0   413.6755810467326
711.0   404.4729131438095
712.0   396.9642436265641
713.0   403.22760021389604
714.0   389.5366637052849
715.0   404.29862067963506
716.0   397.29781835299315
717.0   413.6887312451224
718.0   391.15871793254564
719.0   394.80377592806
720.0   388.79188202302447
721.0   388.1528152789984
722.0   393.14852832641674
723.0   383.491641528293
724.0   385.8706649979149
725.0   381.54528654814175
726.0   383.25028604488944
727.0   388.97384588283944
728.0   386.1374257059436
729.0   378.11004557926356
730.0   376.8398243208634
731.0   377.6237892141018
732.0   387.20007741029286
733.0   391.21461667553626
734.0   383.35442228748934
735.0   367.700402021009
736.0   377.9953754020325
737.0   375.16011384955317
738.0   383.17856537419846
739.0   371.20292433263154
740.0   387.4722089951448
741.0   383.6506294677816
742.0   389.6254439335126
743.0   389.56003276937514
744.0   382.19974093263545
745.0   377.7851900753258
746.0   378.0707014005104
747.0   380.706073340341
748.0   373.7710566819649
749.0   377.73230753264346
750.0   380.22515643884384
751.0   388.02266818511873
752.0   381.3451894675821
753.0   383.71516785877617
754.0   396.43951962709997
755.0   410.98653409854086
756.0   419.3599435647471
757.0   425.8578735477073
758.0   444.7908941046489
759.0   442.7141939023879
760.0   450.2244315630385
761.0   456.24936726335665
762.0   472.0364303066924
763.0   487.09443435363835
764.0   484.0699426263298
765.0   494.98288157299845
766.0   523.6359259137072
767.0   506.3512931765155
768.0   526.7123645058883
769.0   522.9136784885609
770.0   519.5509927569569
771.0   526.6314202185429
772.0   533.0047339591259
773.0   519.88675856497
774.0   525.0640827054995
775.0   527.0520420225919
776.0   518.4303634121273
777.0   524.7828640893397
778.0   515.3964820092286
779.0   507.1702268816991
780.0   503.2026124879574
781.0   503.00942160232734
782.0   499.23114909489584
783.0   491.645597002218
784.0   478.4611242935126
785.0   470.7155107566027
786.0   477.0622538528476
787.0   472.11356525924674
788.0   467.6407264919809
789.0   461.35221862999
790.0   459.6957475267175
791.0   442.57288925340447
792.0   447.2480867934128
793.0   433.23150864432694
794.0   413.25041589330186
795.0   426.7502369011053
796.0   418.1072783353224
797.0   415.8525583915922
798.0   404.1753877677214
799.0   389.9711030805718
800.0   396.25793331696207
