500.0   220.8612227996896
501.0   215.9850628862523
502.0   217.00875803200924
503.0   221.64890643059974
504.0   223.17085517363705
505.0   218.74192465671342
506.0   216.4879047334021
507.0   214.3316061036802
508.0   219.57166324360063
509.0   215.45215523211155
510.0   212.77860235404125
511.0   213.29865363435653
512.0   215.21123655951732
513.0   213.45805542986162
514.0   214.88512059130855
515.0   212.57125141758308
516.0   218.04243087913113
517.0   216.06817393321649
518.0   214.46293492556663
519.0   209.95357446267153
520.0   213.93729496816368
521.0   212.72219458480032
522.0   219.86955227624208
523.0   214.38060134522826
524.0   214.6170929810852
525.0   216.1666057580906
526.0   220.3217046899197
527.0   214.0181869496256
528.0   215.58970489154356
529.0   222.91987115886087
530.0   222.20274181699565
531.0   224.5725887324479
532.0   227.2295056339333
533.0   220.39023516538654
534.0   225.20267173342398
535.0   230.85291468799542
536.0   228.35597886070275
537.0   230.69420742827532
538.0   238.34034819098557
539.0   236.01180783078027
540.0   231.76702658681512
541.0   234.05547713304938
542.0   234.97993305112075
543.0   235.27157197601147
544.0   232.28249901920657
545.0   233.62146191489262
546.0   232.1274259384807
547.0   229.13575382728342
548.0   231.48699202602745
549.0   223.32973593110552
550.0   232.04150591739835
551.0   228.84790346440346
552.0   234.20000978009773
553.0   220.74885961370632
554.0   226.468548085934
555.0   221.40679259409595
556.0   226.2028847778196
557.0   220.10817490424776
558.0   232.00146630276174
559.0   227.8142958775171
560.0   220.81094250135598
561.0   220.85982186633962
562.0   226.25158724456043
563.0   221.21014802287925
564.0   224.1651577548881
565.0   227.6030527491711
566.0   222.0868655780677
567.0   230.44518362237486
568.0   224.00087347103164
569.0   232.04773024461798
570.0   231.65036560319297
571.0   230.86724564273987
572.0   231.50357472321681
573.0   230.8115624721801
574.0   234.78797189533807
575.0   238.20416257854367
576.0   236.1458432139552
577.0   240.89356317392634
578.0   244.95616410563764
579.0   244.0487190098735
580.0   239.38434472624672
581.0   239.98206491354983
582.0   255.35325509033436
583.0   249.99697298978066
584.0   246.72567878789627
585.0   246.27564583496718
586.0   251.03935735692733
587.0   256.0421869702022
588.0   256.29513945467727
589.0   246.60529966033488
590.0   251.0346305954266
591.0   245.14882196859344
592.0   254.34400909648727
593.0   247.44997855771211
594.0   241.83520140920726
595.0   242.61668712815575
596.0   247.27103033129433
597.0   239.540198369668
598.0   247.90253743318982
599.0   244.93807421788338
600.0   239.6308493499432
601.0   244.6896346525885
602.0   237.0700376619594
603.0   247.72791049434684
604.0   241.0269392804604
605.0   245.097078431485
606.0   231.1576128335483
607.0   241.2746238765282
608.0   244.3021068051491
609.0   238.77588718747361
610.0   241.93573479513557
611.0   242.03373015114207
612.0   236.5749118780672
613.0   238.86363103736494
614.0   240.79344052001906
615.0   241.1984218378007
616.0   238.08586405498556
617.0   245.76557071232236
618.0   239.32849692156123
619.0   244.65553389749215
620.0   247.8920224484782
621.0   241.86735094118953
622.0   245.8798771480148
623.0   245.58914448413586
624.0   252.88223381051222
625.0   249.99438196969223
626.0   253.0164273958685
627.0   261.39144988430274
628.0   263.72365919437675
629.0   259.31363865534917
630.0   261.4646253849898
631.0   266.2172714463515
632.0   266.7878932129708
633.0   272.24639975170993
634.0   273.3196017262716
635.0   271.53921742615256
636.0   278.39620723344814
637.0   275.130865144519
638.0   279.768471880007
639.0   272.5313602090561
640.0   276.30741001765836
641.0   280.0168249985124
642.0   282.16044774221893
643.0   280.79876353159096
644.0   283.2711609025282
645.0   285.57931052774177
646.0   278.44729279688727
647.0   275.11188569949235
648.0   285.5475074414827
649.0   284.181802528082
650.0   278.94875739429057
651.0   272.784073362456
652.0   272.39947017179446
653.0   274.6535490593535
654.0   276.07715606513125
655.0   280.43264995598554
656.0   276.92680507475905
657.0   270.1492628649485
658.0   272.45342372183046
659.0   275.6301660274708
660.0   273.34175663071034
661.0   277.85815505409715
662.0   279.3047255852555
663.0   268.2612769553924
664.0   273.6625692153249
665.0   274.33692765501786
666.0   275.4857086566848
667.0   277.36031911906053
668.0   284.54002068736605
669.0   280.53593391776593
670.0   283.0404180543965
671.0   279.7986388839201
672.0   283.5220440426522
673.0   282.03038020813034
674.0   288.13753261899774
675.0   293.2259337890523
676.0   296.5145973483687
677.0   292.19195723732133
678.0   298.96775795040026
679.0   296.0994115518583
680.0   294.2692433370717
681.0   300.6670703100526
682.0   296.23010654562967
683.0   309.967494649347
684.0   317.0014937007923
685.0   305.1679374353664
686.0   318.1720957837871
687.0   315.7646024905266
688.0   322.5806042552206
689.0   320.7854530335291
690.0   330.43409823823896
691.0   324.32039395129203
692.0   332.4333338017489
693.0   340.57205893222965
694.0   334.6337138483785
695.0   340.6391145301824
696.0   335.4020308002163
697.0   338.4007437421064
698.0   347.11218552967824
699.0   349.82255826437955
700.0   345.2262607510444
701.0   340.76089369105875
702.0   339.13579597226504
703.0   333.9876168183245
704.0   338.66027672793956
705.0   340.87063405249114
706.0   341.9858167966765
707.0   341.5601421567613
708.0   338.5858284134331
709.0   338.4318749371385
710.0   335.88159358714523
711.0   337.1153527125207
712.0   333.3070123009619
713.0   343.41617216253337
714.0   344.57567284465995
715.0   333.4793293829089
716.0   326.9336989806977
717.0   337.9396093583621
718.0   325.443292161568
719.0   325.4632073332998
720.0   325.55511293901276
721.0   321.04854006253254
722.0   327.73716410737796
723.0   323.74591042117055
724.0   325.814360355008
725.0   322.80393261746644
726.0   313.57370159550317
727.0   325.00117426329814
728.0   316.19893725965903
729.0   322.2101677026883
730.0   314.2669478779243
731.0   312.5015188743194
732.0   319.2343395442365
733.0   320.5852962256137
734.0   325.2883224232054
735.0   318.3470928014539
736.0   320.0788871887121
737.0   317.5622882743434
738.0   324.42586642590373
739.0   316.4298287001418
740.0   319.5613759609646
741.0   321.8287744318967
742.0   324.9954620940931
743.0   314.49110955138207
744.0   319.40970508252093
745.0   321.3358870558536
746.0   318.0971529520713
747.0   321.03304462957925
748.0   319.4135665083303
749.0   320.2759798820647
750.0   317.74576359304865
751.0   320.81756068245727
752.0   319.97815703478875
753.0   331.67671014013405
754.0   342.6858935995925
755.0   334.70222509609346
756.0   346.6777242606378
757.0   350.13487782375245
758.0   358.8100135228944
759.0   362.56855125211797
760.0   369.6244994445518
761.0   376.84124329493494
762.0   383.916218578209
763.0   395.30347601019275
764.0   396.59700020063866
765.0   407.0098421860709
766.0   405.21516657972455
767.0   407.26948613926754
768.0   417.6774357444935
769.0   417.53055666574227
770.0   419.8419407304023
771.0   415.2699072039057
772.0   419.55146841702276
773.0   417.2532182636287
774.0   420.7047109251806
775.0   417.3018253985686
776.0   410.1393896179511
777.0   413.9018865794337
778.0   421.23331011236326
779.0   406.2704575467819
780.0   408.75121168469025
781.0   403.6510090396462
782.0   399.93165018033295
783.0   394.07123426439847
784.0   390.74310312570077
785.0   385.9811509200879
786.0   389.99413778915425
787.0   384.15522346079416
788.0   371.8211893874665
789.0   370.1419365737282
790.0   370.3719150022773
791.0   362.5511240351107
792.0   347.7552948818365
793.0   349.2297230718211
794.0   334.56300049545314
795.0   341.3047465029721
796.0   335.85634695209666
797.0   332.21111389689696
798.0   341.0350453389195
799.0   316.36924689751186
800.0   313.76083721100196
