500.0   213.0799836168292
501.0   209.8814216417714
502.0   205.30253510522317
503.0   210.4965092663098
504.0   209.461910836613
505.0   209.90645272674882
506.0   199.3176987658643
507.0   203.9632001052839
508.0   206.3441192851109
509.0   207.13956325012248
510.0   203.94224935256364
511.0   212.34362470873296
512.0   203.8268241964845
513.0   203.10565981204556
514.0   205.91507367561127
515.0   203.69334867368715
516.0   208.3854467113096
517.0   204.2344009622925
518.0   201.59376806978145
519.0   203.56028984210926
520.0   201.26913913445935
521.0   207.06685723781334
522.0   202.24752599441237
523.0   207.46435384379873
524.0   203.72490521255858
525.0   208.0690593283745
526.0   207.98644400097737
527.0   208.01385632350073
528.0   209.05417847574316
529.0   207.92885996280378
530.0   209.64260243508727
531.0   212.41169400366493
532.0   213.1600990614139
533.0   216.34780025980297
534.0   211.23278098704222
535.0   218.91483461824674
536.0   215.35197022566615
537.0   219.11497078940923
538.0   216.98579409358737
539.0   214.12577256479992
540.0   223.14883313461272
541.0   219.67255267505564
542.0   216.996519841839
543.0   214.38854038626144
544.0   215.99601010534462
545.0   217.23548817749435
546.0   221.0730759429956
547.0   216.35460598318508
548.0   211.8609677951351
549.0   215.5344233665231
550.0   210.98784652986106
551.0   209.10582476176722
552.0   216.06215852209172
553.0   212.35269690427708
554.0   213.91345463900618
555.0   209.82445842404323
556.0   216.94641947596702
557.0   211.54474888047727
558.0   212.38920017536907
559.0   215.6549678584488
560.0   211.71839839836449
561.0   210.72023658152114
562.0   213.2277607266894
563.0   213.77904161590635
564.0   212.41643705676944
565.0   215.976566894805
566.0   211.6525042983674
567.0   217.47468312430846
568.0   212.00341410266228
569.0   217.16928981357165
570.0   214.42264235619893
571.0   216.86364667835886
572.0   219.88661117140896
573.0   210.53648792956025
574.0   220.26807657881463
575.0   220.55574042227164
576.0   221.0359734197403
577.0   222.8503325785847
578.0   229.3792207495474
579.0   224.9146364934538
580.0   224.70833893036152
581.0   229.3705081086496
582.0   224.74289247295644
583.0   229.14860445682532
584.0   228.34555299901768
585.0   227.34868079810917
586.0   228.50110064834558
587.0   225.75737175594566
588.0   227.48078879956023
589.0   236.30334154306297
590.0   225.84475094005583
591.0   225.2470790405074
592.0   230.43703416959016
593.0   223.6128141567894
594.0   222.71438836235177
595.0   226.49983312141043
596.0   219.0553897939188
597.0   224.1885799426865
598.0   221.75316405498162
599.0   224.0523887556045
600.0   224.6820247423614
601.0   221.78086321509443
602.0   223.57213202582685
603.0   223.88404856709946
604.0   221.8868288631569
605.0   227.01425773107405
606.0   227.94938220184372
607.0   223.3040938025862
608.0   224.69007835693617
609.0   225.2840108111241
610.0   218.229128487856
611.0   218.952589861732
612.0   228.07599575897444
613.0   225.04163926005236
614.0   221.02973893977065
615.0   221.2286327316164
616.0   223.2991462127671
617.0   228.2100556420481
618.0   220.8245673908418
619.0   220.49221424051012
620.0   224.9672053981649
621.0   227.39701721672995
622.0   225.47462291772533
623.0   230.2219518838124
624.0   227.989715492331
625.0   229.98276653358377
626.0   231.0377319148423
627.0   231.98383484374227
628.0   233.4838814911197
629.0   235.32028695603296
630.0   236.35895706703926
631.0   232.430243742895
632.0   236.50471921020198
633.0   242.37974249893693
634.0   247.02337086634088
635.0   242.5788374762507
636.0   250.081656702785
637.0   246.85580107877243
638.0   246.99941834251493
639.0   246.69548582218283
640.0   244.03047048294752
641.0   248.59057164687127
642.0   249.2023425466391
643.0   255.20513987183872
644.0   250.28349077073574
645.0   249.159037965153
646.0   251.24101942531541
647.0   245.19583894569647
648.0   253.06526088501224
649.0   244.48647252980126
650.0   246.19573428050398
651.0   246.6363240323599
652.0   245.23544121574872
653.0   245.7803480204164
654.0   240.47889124538673
655.0   242.1515353555077
656.0   245.09397682619928
657.0   246.35161001086928
658.0   250.40866180202266
659.0   242.69386761693326
660.0   239.9158837965344
661.0   242.26982919432737
662.0   241.9710082205378
663.0   248.83338495093614
664.0   248.58544770277985
665.0   242.68600158732525
666.0   247.02846119201692
667.0   244.91456717099962
668.0   243.74355030460367
669.0   248.00756924696887
670.0   249.02204077009276
671.0   249.14243346601265
672.0   254.01653386193811
673.0   249.7349513070803
674.0   249.28923800094836
675.0   251.15240053594889
676.0   258.52714758975543
677.0   258.40867883481724
678.0   259.29200740713264
679.0   260.0181661543667
680.0   253.48647733991834
681.0   268.7193409059446
682.0   264.9937050416909
683.0   269.9983339578601
684.0   268.0039061925243
685.0   269.10957322736755
686.0   267.299594278288
687.0   269.7850148122237
688.0   275.2981493967065
689.0   280.05360955913096
690.0   277.5283845813797
691.0   285.9872348999834
692.0   287.0771401563295
693.0   281.2051383742792
694.0   284.8004550793675
695.0   284.29381866042775
696.0   287.97357234599036
697.0   279.95036831509435
698.0   292.01114992971185
699.0   296.1501615673954
700.0   286.0996791436937
701.0   286.13520234890115
702.0   297.0013151054453
703.0   290.994022137224
704.0   285.6735303459919
705.0   290.19841882570563
706.0   287.44160674619684
707.0   290.5862302148418
708.0   289.1187212826327
709.0   287.62896678327525
710.0   289.73155852988305
711.0   279.196326898245
712.0   285.1066080487196
713.0   284.91631536565944
714.0   283.78414729055703
715.0   283.4730027736007
716.0   284.5898117765353
717.0   285.9052238898899
718.0   280.7947481093023
719.0   283.2335568420702
720.0   275.30572945255244
721.0   272.57887554715154
722.0   271.9159504961645
723.0   278.24315600486074
724.0   276.4842457461428
725.0   274.740174613228
726.0   273.5698615174917
727.0   279.0040531048447
728.0   279.2382723158409
729.0   282.4630145792684
730.0   268.8395419962996
731.0   270.56411869307647
732.0   275.5073496681215
733.0   278.3717445396406
734.0   275.73082106757533
735.0   277.0179936636429
736.0   277.26391619012946
737.0   266.1364727152453
738.0   271.35920695321056
739.0   276.9312286413055
740.0   270.7949779300611
741.0   266.88232352522886
742.0   284.58966151635553
743.0   276.3808274427544
744.0   275.02136395186295
745.0   276.7424076273139
746.0   277.27290386945185
747.0   277.9647577595842
748.0   270.3902878365052
749.0   265.909001807904
750.0   273.39656413176743
751.0   281.8398925429337
752.0   275.8520872356105
753.0   279.5982552403947
754.0   283.3337438509596
755.0   284.46335463212887
756.0   291.1767902272219
757.0   292.6778194229788
758.0   300.2156174241459
759.0   293.8168232253429
760.0   307.53933959800025
761.0   308.6914769229313
762.0   322.1357103801901
763.0   317.2668164123266
764.0   325.7782038758343
765.0   313.0512816801239
766.0   329.997278332753
767.0   330.8606357281569
768.0   332.5639406526123
769.0   327.5813796691577
770.0   327.8635954272784
771.0   341.887526542153
772.0   341.21604459549013
773.0   326.826677700018
774.0   331.40987201881313
775.0   329.4967651773978
776.0   324.98338858144484
777.0   342.1732881789219
778.0   331.59316568304905
779.0   331.79648431201747
780.0   325.1198570677365
781.0   329.9033215300605
782.0   330.72425323682114
783.0   323.25749966596555
784.0   319.59447043708707
785.0   306.9241707182724
786.0   309.57559976765106
787.0   305.22492003979704
788.0   298.4379824736293
789.0   301.37471980458827
790.0   301.86861341309384
791.0   288.6036844263421
792.0   286.3068099770054
793.0   286.59578770082464
794.0   286.8401528892766
795.0   278.1233002498521
796.0   280.3747043959074
797.0   280.47395656599934
798.0   274.62958853836875
799.0   273.60084214077796
800.0   276.40542925181825
