500.0   200.44304035073992
501.0   201.0265836090513
502.0   203.60347993614783
503.0   195.95091450074176
504.0   197.79506976327957
505.0   200.4588345926238
506.0   201.9276073088126
507.0   201.0739955023597
508.0   198.4890002447106
509.0   199.9686506694322
510.0   196.12436508833906
511.0   199.35726108486
512.0   201.79381742311742
513.0   199.30330118512416
514.0   203.87032230048598
515.0   198.54084861554463
516.0   203.7830527213024
517.0   200.1234137238664
518.0   196.15443035597076
519.0   202.43545997446114
520.0   203.14770514052088
521.0   196.31294167454845
522.0   194.80765992218065
523.0   200.30707679150117
524.0   194.49387740685864
525.0   198.8997359894604
526.0   196.09731770766123
527.0   198.98472009446448
528.0   198.15847200396126
529.0   201.0144655971928
530.0   195.3173211082389
531.0   204.33167756934404
532.0   200.6170103679652
533.0   202.35159660127655
534.0   202.9617325032163
535.0   201.86299676412415
536.0   201.63090899884148
537.0   202.04067924367098
538.0   203.30349726168456
539.0   205.22188336610031
540.0   209.15093145287025
541.0   206.18079087882697
542.0   205.0168561015693
543.0   205.00769062032467
544.0   202.55177018796178
545.0   204.49333589434258
546.0   210.13222457614557
547.0   203.89663315921086
548.0   199.07337479812855
549.0   203.58176560033482
550.0   206.99834767068492
551.0   203.68619320936403
552.0   202.1461193704044
553.0   208.21581562362817
554.0   203.57375233989112
555.0   202.0196759294036
556.0   205.45783443435397
557.0   203.91307913309095
558.0   203.88093173113185
559.0   200.21891477386134
560.0   198.77142439702286
561.0   203.12169000819156
562.0   197.86143907924253
563.0   206.21377399378127
564.0   204.10919240339797
565.0   202.03893025522822
566.0   203.55890574956953
567.0   202.61139662357647
568.0   204.99859338660264
569.0   198.92465777202952
570.0   204.5521659949897
571.0   203.82469381318555
572.0   201.6913741115436
573.0   208.4392392810106
574.0   201.99937907892408
575.0   202.84550479439906
576.0   207.57027360094375
577.0   213.9011122208482
578.0   206.83612275495412
579.0   214.13472679701323
580.0   209.88259839143257
581.0   208.15148250831263
582.0   205.4653336906009
583.0   212.79107963792515
584.0   213.23968425954743
585.0   211.54200013444924
586.0   210.28066538344012
587.0   212.5372620546684
588.0   212.9274379354699
589.0   219.53120938405908
590.0   211.01857564740354
591.0   212.09707339463165
592.0   203.99998092453282
593.0   213.93451159351474
594.0   213.2308778466701
595.0   213.67086919843766
596.0   211.50796527506984
597.0   211.681209305802
598.0   214.32895507429927
599.0   210.21600782929428
600.0   209.7628535966101
601.0   211.5447133851925
602.0   213.29758443074903
603.0   208.5874490489513
604.0   206.05131387438684
605.0   217.00518161287098
606.0   205.10892646304364
607.0   208.00881166148667
608.0   208.07379851671575
609.0   204.6017339844371
610.0   207.70132800465652
611.0   208.85972377551244
612.0   209.60495437514606
613.0   209.0484288974989
614.0   207.04802439488992
615.0   209.7852161281718
616.0   207.6856999878004
617.0   205.8320228834778
618.0   211.89215488801776
619.0   206.5487690439495
620.0   212.60481846809233
621.0   205.6253011639162
622.0   208.47662408926521
623.0   212.56341982529435
624.0   212.11264961353484
625.0   210.9908023220869
626.0   212.82608367063014
627.0   220.36594195250044
628.0   209.69941193438004
629.0   212.7705553047932
630.0   216.6348551197252
631.0   226.47595525109887
632.0   218.75449028579902
633.0   215.74433803107354
634.0   220.6203533923229
635.0   222.40304957556674
636.0   225.92058961357523
637.0   216.7402287065234
638.0   222.2885290924158
639.0   215.7746987607523
640.0   227.4033437491775
641.0   224.00357501505667
642.0   227.27472350461613
643.0   223.26794633425877
644.0   220.27278655422742
645.0   227.82842055296814
646.0   228.78770022204745
647.0   220.58518556441527
648.0   222.35575250751322
649.0   223.68338263473447
650.0   221.00519405385901
651.0   217.78922650641536
652.0   218.26420567147045
653.0   219.23097423518576
654.0   220.7444364884832
655.0   220.5169794762043
656.0   222.22116789074468
657.0   217.609182584191
658.0   221.8246392344503
659.0   223.54991974175977
660.0   221.23308444893433
661.0   220.6521886767475
662.0   221.00782017609367
663.0   221.033343055284
664.0   225.59505182569202
665.0   217.85129850318873
666.0   226.8484611161568
667.0   226.11751955018343
668.0   225.97226048412304
669.0   217.64385982072142
670.0   214.26582861972716
671.0   226.7136658919617
672.0   226.76458727058582
673.0   227.53250853550503
674.0   223.4388601528001
675.0   224.25522666695102
676.0   228.5629438040583
677.0   225.75191118599133
678.0   224.39567010966954
679.0   231.9849772103758
680.0   230.59688638233484
681.0   230.33289177363963
682.0   229.64524889247917
683.0   240.75690021234183
684.0   226.98999320531095
685.0   239.94453166872967
686.0   235.6305530988601
687.0   237.72674364123608
688.0   236.88852776191464
689.0   234.76357205510894
690.0   240.62411784791513
691.0   236.98277428902807
692.0   244.7678551069273
693.0   248.85339329029495
694.0   249.06224156117955
695.0   239.22908948034376
696.0   245.73287847244376
697.0   245.86461037518018
698.0   245.52465010286886
699.0   252.60238530017503
700.0   253.4975892264166
701.0   242.77388292453648
702.0   254.00213530550926
703.0   254.02760763029846
704.0   242.04649586162972
705.0   251.1022924237541
706.0   249.03782968459325
707.0   246.48437788658305
708.0   247.9736399113893
709.0   246.8678767834943
710.0   246.13587689745196
711.0   242.9244374326261
712.0   238.34004368846539
713.0   241.24008724434157
714.0   241.47948751181886
715.0   239.94066979177393
716.0   248.06802148054464
717.0   238.07483434689726
718.0   243.4046930106218
719.0   249.8969243200692
720.0   241.9213210899392
721.0   237.20576335974212
722.0   239.46716898461335
723.0   240.24019544012148
724.0   243.01539240001267
725.0   236.06985970114556
726.0   242.1876336468958
727.0   236.99994830857307
728.0   238.76624948088877
729.0   237.92694344948444
730.0   236.97085704651818
731.0   239.54072420952238
732.0   243.30053309299828
733.0   238.58834892544903
734.0   242.78277297299184
735.0   242.2958590022556
736.0   236.02490086944061
737.0   241.92892075452397
738.0   241.70792696857356
739.0   238.12517300644444
740.0   239.16747525405663
741.0   241.9551577915273
742.0   240.2629810658721
743.0   244.3268411646416
744.0   239.14711518848716
745.0   233.1309199638618
746.0   243.8322726833731
747.0   241.49406440148255
748.0   237.5700145347894
749.0   240.74441431720675
750.0   243.56905112963037
751.0   239.93433843138556
752.0   236.97753314855146
753.0   238.27008466339404
754.0   242.1902583876425
755.0   252.73094481002025
756.0   257.2409687792555
757.0   246.1241966439063
758.0   253.0822983797982
759.0   245.7059775879884
760.0   257.43138899108123
761.0   261.82507025409785
762.0   254.517115335854
763.0   266.80227652620914
764.0   267.21474955800454
765.0   261.2020008456603
766.0   268.45416384603476
767.0   270.37746465753463
768.0   269.01241379449147
769.0   276.8444408780219
770.0   277.02598710756405
771.0   271.8929721555161
772.0   270.3261763000951
773.0   273.28719378240874
774.0   273.12753288458015
775.0   275.33930236131715
776.0   271.93477424426817
777.0   279.3902381031281
778.0   268.83388066845754
779.0   267.37866689371816
780.0   264.28543521215505
781.0   262.87226361009743
782.0   265.29404943156277
783.0   259.98091776972257
784.0   265.87763939455675
785.0   251.9604695410805
786.0   251.6796165371679
787.0   255.95049003141756
788.0   261.03763343731237
789.0   247.15336534227308
790.0   249.46174778174233
791.0   244.47029973525557
792.0   241.46690833779758
793.0   250.60727728396833
794.0   246.6030177359273
795.0   251.0495397363648
796.0   238.32163909826195
797.0   240.91653825052657
798.0   243.78589604194107
799.0   237.78269507508483
800.0   236.06658162768184
