500.0   198.22250299986084
501.0   195.9711698902268
502.0   199.4594918775954
503.0   190.7262393820091
504.0   193.75027234734372
505.0   193.1666105291616
506.0   193.30002433581186
507.0   193.92081011727512
508.0   196.72278189806357
509.0   198.36056052046317
510.0   196.70520987555452
511.0   199.0810071008339
512.0   194.37961963597982
513.0   195.19854930298035
514.0   195.15853586774682
515.0   200.17319721075754
516.0   194.11033667322258
517.0   197.44894326995484
518.0   196.0505081845852
519.0   193.3903532980268
520.0   194.0735619514158
521.0   191.47658491732676
522.0   196.18353498503345
523.0   189.6614083498253
524.0   192.80550955434148
525.0   198.2503650029528
526.0   191.9878018518382
527.0   197.09325557296805
528.0   196.66247103578112
529.0   197.03294321869197
530.0   198.61491694197306
531.0   198.73133999202486
532.0   198.60232197939482
533.0   197.11447648939554
534.0   200.27150126480092
535.0   198.18209432656198
536.0   201.0070248315886
537.0   203.55801900110546
538.0   201.02175070083652
539.0   198.30795197168356
540.0   198.1199763874224
541.0   204.49847406088062
542.0   196.90626855660383
543.0   205.80592273393236
544.0   194.30203248070708
545.0   196.10217569444538
546.0   196.4283969496205
547.0   195.6147010133473
548.0   200.76200754805268
549.0   195.94413717267514
550.0   195.96986474824286
551.0   194.99809943669015
552.0   200.2932984678109
553.0   197.94366858607916
554.0   197.29772145824288
555.0   198.84174163928316
556.0   194.89090475479
557.0   198.00533179986206
558.0   196.52213583915153
559.0   197.55321030663572
560.0   191.26137002577875
561.0   196.72777077733818
562.0   191.4639785938892
563.0   198.00592968216836
564.0   196.14656021063027
565.0   193.56803726914364
566.0   197.48425872968306
567.0   196.16744082793184
568.0   193.00287977532258
569.0   199.62680034814383
570.0   198.16387801760484
571.0   195.00889293510147
572.0   192.0650296304231
573.0   204.5276404251382
574.0   203.74903564738784
575.0   195.07808857961533
576.0   190.78239556945772
577.0   188.87638482710548
578.0   200.0343199553217
579.0   198.89524748805715
580.0   203.09708709191523
581.0   198.953614868416
582.0   195.7091177719449
583.0   204.48363621858212
584.0   204.26310126561566
585.0   199.58352006952092
586.0   199.06788387694593
587.0   202.05033827832307
588.0   204.22805346005916
589.0   199.1927603832606
590.0   209.0500159180716
591.0   197.13206775675252
592.0   204.78156376008096
593.0   199.14242343487234
594.0   196.1303204532654
595.0   197.17559216107153
596.0   199.85040183162846
597.0   198.64653134303057
598.0   196.80688811963486
599.0   199.45704245022927
600.0   199.03831388661084
601.0   197.43726150549614
602.0   198.44057737213774
603.0   199.0042185527892
604.0   203.88603712349743
605.0   198.99483512086488
606.0   200.72053166535332
607.0   193.63560948387877
608.0   195.93635495317815
609.0   200.9615323289342
610.0   202.6163479184859
611.0   198.02705590070846
612.0   200.6551584637675
613.0   196.12226983657806
614.0   198.63527586509838
615.0   200.37861348298836
616.0   202.03104242878672
617.0   202.30053553136557
618.0   195.77575723872076
619.0   202.36933227603762
620.0   200.2583477807888
621.0   194.79488468847242
622.0   199.71529207778693
623.0   196.78084688445645
624.0   202.0350341629436
625.0   195.98183634538958
626.0   200.92396258530476
627.0   195.76815931751585
628.0   198.7172489620633
629.0   196.93589517705027
630.0   202.13518632797658
631.0   206.73334373799125
632.0   204.01519280811792
633.0   208.40974636690495
634.0   202.89089743432274
635.0   199.8459141558145
636.0   200.12388057552587
637.0   204.66898748119436
638.0   205.17519668072273
639.0   201.716458618214
640.0   204.68779338204627
641.0   208.70035434521338
642.0   204.76223897548516
643.0   208.06215296380398
644.0   203.65610464134818
645.0   205.71305537869512
646.0   210.77849701583133
647.0   202.2141057673859
648.0   211.74755498173525
649.0   203.08219354934482
650.0   203.7220503206676
651.0   203.00590707360104
652.0   203.68592240348548
653.0   203.30203053742787
654.0   206.02945551301124
655.0   201.82616990844136
656.0   202.23956892573432
657.0   206.94219371175882
658.0   207.61062259067103
659.0   203.13752244927346
660.0   210.2354345695005
661.0   204.9189680136217
662.0   204.61615388237195
663.0   203.7840534057043
664.0   204.46590135998792
665.0   205.89809335040042
666.0   203.99986927165395
667.0   203.65948339500207
668.0   205.46105973394262
669.0   200.4094101485307
670.0   205.486986484299
671.0   207.94931069426426
672.0   202.9248329870828
673.0   207.76217801914996
674.0   207.28702648601265
675.0   209.24532136668347
676.0   205.02248907566369
677.0   206.75626384747648
678.0   202.6933722957428
679.0   209.49385460018632
680.0   207.7886153607086
681.0   212.41967660706246
682.0   210.65027642905437
683.0   214.00932970904793
684.0   208.0022574972805
685.0   213.14164154583474
686.0   210.23463600570344
687.0   208.85712746226343
688.0   214.28806065442893
689.0   213.91516558286423
690.0   214.6829390343829
691.0   212.20598756729345
692.0   214.35463189636968
693.0   219.82097026299218
694.0   216.65072702931036
695.0   215.6098341561854
696.0   216.97207147042786
697.0   221.05494940195314
698.0   220.222187378301
699.0   215.1026857727587
700.0   221.20893326844282
701.0   218.4898914787568
702.0   216.24169563368727
703.0   221.99474637981965
704.0   219.66753323861894
705.0   217.40576955287057
706.0   217.8106351600754
707.0   215.67088947607508
708.0   217.25750533678232
709.0   221.9459005338225
710.0   219.08847556747594
711.0   213.89242678373347
712.0   214.0578602319425
713.0   220.1507333158639
714.0   210.10175005856897
715.0   212.1579532105646
716.0   213.96824344003335
717.0   210.86739134262504
718.0   217.24726342646449
719.0   216.22206582767652
720.0   212.0974083820628
721.0   216.9642867751847
722.0   213.30758901315156
723.0   213.6224876872569
724.0   211.818297212335
725.0   212.41899844839554
726.0   212.79438096934362
727.0   215.986866965981
728.0   218.4886166651449
729.0   213.88515749459302
730.0   208.0974645219073
731.0   208.30834667859034
732.0   215.16924687059498
733.0   218.73140013015228
734.0   213.48959001869443
735.0   217.86955618935875
736.0   215.9463314081555
737.0   212.27744180170916
738.0   209.00703997518747
739.0   215.1890224807245
740.0   208.22990250655846
741.0   212.93324596908192
742.0   213.55553553767456
743.0   216.08452795210013
744.0   214.28304661804395
745.0   217.8639995066582
746.0   213.61631134181508
747.0   216.63967539394207
748.0   212.51368520419686
749.0   216.4992829827214
750.0   214.02293239928616
751.0   211.29944034979502
752.0   212.6990389567937
753.0   219.36234028645117
754.0   214.01996140215576
755.0   215.71112414198313
756.0   215.86584974052784
757.0   218.06557964377507
758.0   213.75035290586814
759.0   221.7083867832517
760.0   221.27971131567833
761.0   218.21777048878351
762.0   221.7607915027893
763.0   219.95791321312677
764.0   225.6171769581946
765.0   225.92935287453264
766.0   227.52017495015994
767.0   227.02349809869355
768.0   226.51424437044477
769.0   229.45722261544975
770.0   220.80138082830828
771.0   228.946385345172
772.0   229.17110510177784
773.0   223.21642521251496
774.0   227.28125450584508
775.0   224.08571428647767
776.0   220.90408263220007
777.0   218.3294154682111
778.0   219.6485784181628
779.0   226.79448524979537
780.0   221.28743898878182
781.0   224.16806847075117
782.0   216.53761329265186
783.0   222.04612656307282
784.0   213.7920727285714
785.0   215.19692822906765
786.0   211.19161820957422
787.0   212.15455893526087
788.0   218.23332888141755
789.0   215.33745803197823
790.0   210.59804073719167
791.0   213.28811978848677
792.0   213.43238247710943
793.0   211.2784246569984
794.0   214.3602071821203
795.0   212.2927747735952
796.0   217.65859911891982
797.0   208.21629704981805
798.0   206.1769622705601
799.0   206.86972825778645
800.0   204.32336097652006
