500.0   189.53377841982535
501.0   195.9488704947688
502.0   189.97628411979505
503.0   189.18520469935604
504.0   193.01414864861803
505.0   193.15383381267105
506.0   192.41456538968546
507.0   191.03617843019865
508.0   185.9434962188659
509.0   190.56691286595301
510.0   196.91425913029403
511.0   194.4214814182274
512.0   189.56075034311183
513.0   192.00713296408875
514.0   193.07381315244083
515.0   194.0886816100266
516.0   192.84520260071233
517.0   192.35648899191233
518.0   196.73504978571265
519.0   191.89340081877538
520.0   196.99910988576374
521.0   188.47126116107023
522.0   189.74520396479568
523.0   190.84936484607687
524.0   188.84159163004156
525.0   192.82195892851536
526.0   194.48946295867373
527.0   189.991279474204
528.0   189.95174232921565
529.0   191.57157784966853
530.0   194.3503661173355
531.0   194.46377071099042
532.0   193.234858211652
533.0   193.04134608806456
534.0   191.95030460734796
535.0   192.27547642897463
536.0   191.2706678484295
537.0   194.7879241334395
538.0   196.36623861054028
539.0   191.34364201325536
540.0   192.96761285874564
541.0   195.62536881250855
542.0   196.07901460084966
543.0   190.87605912277002
544.0   194.9364914728404
545.0   192.08257648480478
546.0   196.38521590831846
547.0   189.96011098897992
548.0   190.59982347965413
549.0   188.61402207335354
550.0   192.95403159260835
551.0   192.52426568521307
552.0   194.28779464045735
553.0   194.20525932450784
554.0   185.90410538417765
555.0   193.32926423690117
556.0   193.32360660210645
557.0   193.35447322836396
558.0   191.344307194414
559.0   193.78067192455669
560.0   190.33343941247395
561.0   200.15292656516195
562.0   197.20491299964647
563.0   196.35223121707492
564.0   195.71212929069483
565.0   198.52080616396287
566.0   189.34319906118816
567.0   190.20850090212886
568.0   188.00092187281024
569.0   189.9019337343207
570.0   193.31864419573392
571.0   194.7922861096686
572.0   192.66403750564652
573.0   194.4149183063257
574.0   195.45531897893247
575.0   194.22136773395286
576.0   195.39314979890628
577.0   193.60218279658088
578.0   196.7458022997065
579.0   195.02079673934642
580.0   192.25473711006399
581.0   196.3288547620949
582.0   191.10838087733583
583.0   195.76720384015744
584.0   195.9618328239507
585.0   195.15828111521725
586.0   194.67688708062033
587.0   195.8694595527105
588.0   198.652034410194
589.0   198.4279265740392
590.0   195.2322274209454
591.0   196.96164972198451
592.0   197.13007389777508
593.0   194.0077345400085
594.0   194.98336455357574
595.0   189.5112139011431
596.0   192.44313805473715
597.0   191.81654078723594
598.0   192.4490073469464
599.0   192.0582688193266
600.0   191.00195863186667
601.0   192.88325510726662
602.0   194.0396635216767
603.0   193.97763075646088
604.0   191.985573335041
605.0   188.0060744376995
606.0   196.10898573055934
607.0   192.65954006908225
608.0   191.90881121914987
609.0   193.9030104302084
610.0   197.34570488965363
611.0   192.03195413834618
612.0   189.9594333556282
613.0   196.0033690883176
614.0   192.7418947716543
615.0   190.99355992604643
616.0   193.02629547722492
617.0   193.7901553319218
618.0   198.07229002187026
619.0   195.38983516335233
620.0   193.0498274614851
621.0   192.189936650481
622.0   198.6233052579319
623.0   188.28544459484883
624.0   193.9716982042236
625.0   187.96763312217647
626.0   192.9841739433085
627.0   187.47901609121521
628.0   193.15226604321325
629.0   200.06408220027086
630.0   196.9654985225685
631.0   198.1605877538156
632.0   196.6372774501303
633.0   195.22778121052963
634.0   196.6979762056851
635.0   195.44242526425242
636.0   190.43828212501052
637.0   193.77638150922502
638.0   196.3977358681762
639.0   196.08313169420538
640.0   195.95170698735953
641.0   199.4474609126156
642.0   196.95339371357971
643.0   196.7335265857322
644.0   197.9163874549487
645.0   195.01298628055721
646.0   196.14741213582244
647.0   201.78644924441522
648.0   198.49244108760718
649.0   193.74471867073095
650.0   193.96508410245175
651.0   193.69512628229967
652.0   193.99100756584906
653.0   194.03307471784555
654.0   197.78568189037128
655.0   190.45414963825834
656.0   198.1953729033388
657.0   196.56795297710866
658.0   196.7937890619699
659.0   199.3284142421862
660.0   196.3630776309531
661.0   197.13172569749426
662.0   199.61394898726004
663.0   199.12716935629913
664.0   193.32502181184927
665.0   198.9842141642662
666.0   193.14596723406584
667.0   196.44049224401417
668.0   197.0041170757718
669.0   195.60387448283203
670.0   195.48805645198362
671.0   194.6932929507343
672.0   195.37735357704133
673.0   191.5760902541349
674.0   196.40331606916735
675.0   196.75845840479275
676.0   192.54219186379106
677.0   197.6859807531487
678.0   196.66367462779567
679.0   196.78838385151204
680.0   201.43363261687077
681.0   199.7102374519453
682.0   196.16545278155036
683.0   199.11379198986728
684.0   197.99932626415688
685.0   195.11450345996786
686.0   196.7604923978506
687.0   198.54271834801847
688.0   198.27165399555264
689.0   200.76630631877933
690.0   196.52473056736093
691.0   200.8335446637098
692.0   199.65538118416225
693.0   196.10791835990292
694.0   199.36390616921716
695.0   200.55056636386564
696.0   195.93545949019594
697.0   199.5593108805954
698.0   196.2038979328942
699.0   197.42281220824123
700.0   200.39907433357533
701.0   199.88566939759522
702.0   205.301842563902
703.0   199.022543529209
704.0   198.21268404666327
705.0   203.4857991831889
706.0   198.33599171225652
707.0   199.22370343526293
708.0   196.13588377964584
709.0   202.55473571399392
710.0   197.88142196808403
711.0   202.2373768952189
712.0   198.34530555715074
713.0   201.99565474844096
714.0   196.5630189243519
715.0   197.9414351069931
716.0   198.9201890276742
717.0   202.71505969073064
718.0   201.52250751409775
719.0   203.02120513912308
720.0   197.8870628205329
721.0   197.16231958171784
722.0   199.17750029899594
723.0   199.01069639377656
724.0   196.82040126996122
725.0   197.18222065039438
726.0   196.13684035148128
727.0   198.9835511165572
728.0   200.26334291564524
729.0   201.3264686108277
730.0   199.27772207050722
731.0   202.1610966597807
732.0   195.9637142405127
733.0   201.8024609513778
734.0   192.51403206352936
735.0   202.12355660782555
736.0   201.9741887319792
737.0   200.52134444019902
738.0   196.35474223303297
739.0   196.8383376389385
740.0   198.24584917853892
741.0   201.82187655675835
742.0   201.15635421249786
743.0   196.11744351132768
744.0   200.01601465423113
745.0   197.71486162457086
746.0   200.9288533235753
747.0   199.66749429613103
748.0   200.83508094893133
749.0   198.32349547648013
750.0   198.84459198403567
751.0   202.20286900408408
752.0   204.13842657247216
753.0   198.91420302817323
754.0   196.15489625913412
755.0   204.1774741092288
756.0   197.12253785128473
757.0   197.7071994189405
758.0   194.33414116504744
759.0   196.15112834670742
760.0   199.43399313512626
761.0   200.8094015749244
762.0   204.54266876670766
763.0   202.3716589475742
764.0   199.36161816176391
765.0   203.1352918842636
766.0   206.94186001267465
767.0   201.17142678410687
768.0   201.4429460899973
769.0   199.2283874679081
770.0   197.58529349191866
771.0   199.68836587934376
772.0   202.061537415874
773.0   200.8330547593317
774.0   202.43527818562293
775.0   203.12499412013847
776.0   205.3692367026237
777.0   202.49354448836183
778.0   201.98688796307545
779.0   200.18778481575615
780.0   200.51760351944873
781.0   199.4174036175985
782.0   202.58965403177965
783.0   200.48726135575754
784.0   198.86010861794534
785.0   196.94609078610932
786.0   200.3758316833047
787.0   197.97201661828674
788.0   194.3362014745068
789.0   199.9074663630699
790.0   200.03413595372282
791.0   195.01225395406325
792.0   193.94543758269697
793.0   198.82689174406866
794.0   197.92288877610886
795.0   193.66710827419953
796.0   193.99272230564017
797.0   195.99756842140872
798.0   194.23706825768036
799.0   196.69174862118444
800.0   204.32675751127894
