500.0   195.74639710313176
501.0   190.00219048208746
502.0   192.06326599248797
503.0   197.69649271366893
504.0   194.37787231104906
505.0   195.16162043401442
506.0   194.7565048253608
507.0   187.74710926005446
508.0   190.42659532706335
509.0   188.6577608265401
510.0   190.56933420329776
511.0   192.70957445981307
512.0   193.53323583517576
513.0   189.38586327091218
514.0   188.87835573890882
515.0   192.3605355879452
516.0   194.13264790477552
517.0   194.8608946333557
518.0   193.0571907671044
519.0   193.61788385562008
520.0   197.10684697453374
521.0   192.9009765580895
522.0   188.73147092040549
523.0   192.30811994916502
524.0   193.59326731910886
525.0   189.73522697711803
526.0   190.5950087262743
527.0   188.99499224624594
528.0   195.5403950638927
529.0   191.48755386422707
530.0   194.70679047171197
531.0   194.06529480366646
532.0   192.95013411226867
533.0   191.29450659695948
534.0   195.91806474279716
535.0   192.57260016230762
536.0   197.83736784527068
537.0   193.6369316222121
538.0   192.55651991380446
539.0   196.68235531840565
540.0   191.24552204035913
541.0   192.99235516118281
542.0   189.99334042675778
543.0   187.64919613770678
544.0   190.06939317669222
545.0   188.8032289154306
546.0   195.125412158372
547.0   188.9889018086216
548.0   189.44678035115516
549.0   187.38863883503214
550.0   193.92834546455688
551.0   187.38374896808617
552.0   190.4666628026175
553.0   189.5858708134048
554.0   187.70468135707873
555.0   189.11518005668026
556.0   193.0622189307065
557.0   193.5983396643106
558.0   187.84474361118367
559.0   188.2027784476579
560.0   191.22706364995764
561.0   187.54061152326642
562.0   192.34274325438847
563.0   197.56109439849413
564.0   195.92934163026086
565.0   190.96217578264094
566.0   193.47382153294797
567.0   193.9437659798439
568.0   188.99713801571662
569.0   191.7271759603591
570.0   189.18608945955827
571.0   187.49695443222942
572.0   191.49026710261467
573.0   190.25545039169327
574.0   189.3844897448604
575.0   186.36284967922802
576.0   190.64294941399442
577.0   192.894957862913
578.0   189.87244245677826
579.0   189.37313556139995
580.0   194.40147385851498
581.0   196.51920946096408
582.0   193.54689950635918
583.0   191.09237787139125
584.0   188.71440340145267
585.0   195.30575144405103
586.0   191.3913557869607
587.0   196.36490122846138
588.0   192.37356915099517
589.0   187.65336646057605
590.0   189.87400696201618
591.0   189.86213187155482
592.0   194.10647731997534
593.0   192.92493206952614
594.0   191.6557184903322
595.0   192.33971709238216
596.0   191.54875483236714
597.0   189.05305668589673
598.0   192.06492454429082
599.0   190.2214309826456
600.0   192.83819397973895
601.0   188.82224164510268
602.0   191.84624890923084
603.0   190.3992398562978
604.0   192.15702349902017
605.0   192.01019390368864
606.0   190.01424810574463
607.0   193.20449756303938
608.0   193.20415911742606
609.0   192.52214603125802
610.0   194.93863279548702
611.0   190.13626938498442
612.0   195.9380719705257
613.0   191.92376639292468
614.0   191.79036721239703
615.0   191.84582870259908
616.0   190.5814787911237
617.0   191.63256733376315
618.0   186.63951194846683
619.0   191.33273916938936
620.0   190.5963530068218
621.0   193.36148482436747
622.0   192.21096664578116
623.0   199.92299630657166
624.0   190.97687226772982
625.0   192.99668558783017
626.0   190.96880984857168
627.0   194.0575452233635
628.0   193.19285249121668
629.0   186.59847500959143
630.0   188.70761012868786
631.0   191.44709717604823
632.0   194.08483185185338
633.0   190.59919581105984
634.0   190.0204188501721
635.0   191.74728386245695
636.0   192.48160750489853
637.0   193.49956264219153
638.0   188.5775369159478
639.0   195.15416956896894
640.0   190.65525913588704
641.0   191.28117203598347
642.0   189.23284634758326
643.0   190.49185007447264
644.0   193.4293367232507
645.0   191.70416879596152
646.0   198.06047535136153
647.0   193.61535609562088
648.0   192.462343017808
649.0   191.51817959377541
650.0   192.8036802540807
651.0   193.8784752695707
652.0   193.3998955370833
653.0   191.9804761636675
654.0   189.09452241542618
655.0   194.38339152565828
656.0   194.88344843579637
657.0   193.61917885011914
658.0   195.87463176459104
659.0   194.18154897227586
660.0   189.53746354539058
661.0   192.7493090582845
662.0   195.63277061347355
663.0   185.5020659874627
664.0   186.66879425445688
665.0   188.28551938487468
666.0   193.06775925613283
667.0   191.44358747894316
668.0   192.5742610411337
669.0   193.73016568987117
670.0   195.50633979725202
671.0   188.94113792079713
672.0   196.79373237893424
673.0   192.46234748020805
674.0   189.51108697183514
675.0   190.3839877333535
676.0   192.12158981807406
677.0   194.36694324825737
678.0   187.26131570979263
679.0   190.87316245560643
680.0   192.71536728040059
681.0   187.13338223562764
682.0   195.1114618691845
683.0   192.02123983080853
684.0   194.00722290044126
685.0   186.9048558831438
686.0   195.24672193346464
687.0   195.83621714509374
688.0   192.96279267591052
689.0   196.50632222954889
690.0   193.40387436075204
691.0   195.8978865944619
692.0   189.59031237677743
693.0   193.65812513133542
694.0   189.54521771502476
695.0   192.93091449557963
696.0   189.89638259031196
697.0   199.21047793110344
698.0   190.90899999164657
699.0   192.04962827001117
700.0   196.0781520516447
701.0   193.49869680815408
702.0   187.30577995198965
703.0   194.0291289117634
704.0   195.9644942046888
705.0   189.44214365038476
706.0   192.67438877449115
707.0   191.84109041480085
708.0   195.24271439554124
709.0   190.94120676546987
710.0   193.5914427291685
711.0   190.66215251778686
712.0   193.4032462379477
713.0   196.7138518464707
714.0   196.77316648759248
715.0   193.12557537148376
716.0   188.06341678062742
717.0   195.0567198510073
718.0   197.64333955683725
719.0   191.50581205572453
720.0   190.7163234053298
721.0   194.00701627837984
722.0   192.3856027910851
723.0   191.19793419687971
724.0   190.0457644668548
725.0   189.23301515675766
726.0   193.8634971192805
727.0   194.00089753457462
728.0   190.629071134185
729.0   192.79277400151287
730.0   191.38775216914993
731.0   199.1635212260287
732.0   192.26427671688953
733.0   193.20484531749875
734.0   191.6207950891856
735.0   188.3116059497376
736.0   192.98515553175957
737.0   193.66920303289103
738.0   192.61039155068426
739.0   192.9999519730735
740.0   189.4829369830968
741.0   194.99234769746968
742.0   195.37687156002332
743.0   199.19264346161637
744.0   193.943406690483
745.0   194.4189867678421
746.0   190.76198315156094
747.0   195.58616497756887
748.0   196.3562612897495
749.0   193.8962619690057
750.0   190.99839949810982
751.0   195.6987084792174
752.0   193.9839062041772
753.0   190.389184656857
754.0   190.90965175385134
755.0   190.37942593103023
756.0   191.19585613244928
757.0   197.42059097835616
758.0   189.8030443320927
759.0   189.80768490345326
760.0   192.59138770567571
761.0   195.46915628403335
762.0   198.29470381595291
763.0   190.65302609153184
764.0   188.73686899120256
765.0   197.04916551373094
766.0   190.56431507343876
767.0   192.12084360335075
768.0   188.0063914219765
769.0   189.32934544515462
770.0   193.3807587640076
771.0   188.9812258712224
772.0   193.79990900440598
773.0   195.5337613218997
774.0   194.53729908427403
775.0   189.93297494240102
776.0   190.99167711198598
777.0   192.45058514167786
778.0   194.0015325719166
779.0   192.840453757251
780.0   190.67014119114305
781.0   189.6666582138709
782.0   191.91884890706243
783.0   190.44906525852002
784.0   194.43455036351781
785.0   186.15303009259392
786.0   189.54320313031036
787.0   192.01100025087868
788.0   194.67196908818673
789.0   190.7623023000074
790.0   192.7980112244598
791.0   184.05845068530607
792.0   189.03650754224236
793.0   189.95180239315908
794.0   189.00479559038877
795.0   192.54073411264986
796.0   189.91514369570896
797.0   190.55368478982933
798.0   191.5364773530425
799.0   192.6209985185519
800.0   188.34535790881893
