500.0   191.26551471673133
501.0   203.05572225737936
502.0   192.05420288965067
503.0   193.3021327866668
504.0   190.75994901915251
505.0   189.4449959326459
506.0   188.6500421276921
507.0   192.126176843527
508.0   191.8961980421648
509.0   190.58247638892104
510.0   191.0029228238896
511.0   189.15258888674882
512.0   188.96594843758066
513.0   188.47935255829958
514.0   188.75935057991174
515.0   196.38522494786326
516.0   188.86092282866525
517.0   193.73370620727366
518.0   194.50004590616996
519.0   192.30265375876388
520.0   193.91280221589417
521.0   194.17351337573353
522.0   193.8432037222708
523.0   189.38554230298425
524.0   187.29643833430418
525.0   191.368097082428
526.0   189.82937751044747
527.0   191.9801575595382
528.0   194.511270217274
529.0   188.70000079601795
530.0   190.50143937501835
531.0   188.61301219170173
532.0   191.34346568660402
533.0   192.82534230629508
534.0   193.96775568171506
535.0   194.01284913791164
536.0   189.4822338081873
537.0   195.04110606897572
538.0   194.0966564393328
539.0   188.56264170976468
540.0   190.32595901245116
541.0   187.78508502576207
542.0   188.9408943200975
543.0   194.28914559516278
544.0   193.57102189603927
545.0   195.79715225370532
546.0   191.98288703422267
547.0   187.52413131811616
548.0   191.91873842457193
549.0   189.73125269435323
550.0   193.0124472115938
551.0   187.5709556853975
552.0   196.9191846184876
553.0   190.9379386516481
554.0   189.2447103132611
555.0   194.22437721075585
556.0   189.60872769521595
557.0   192.04650381891534
558.0   187.987558641506
559.0   192.30611644934797
560.0   192.98078965924586
561.0   188.5852880372287
562.0   191.4794258100919
563.0   190.294429951299
564.0   193.73548352181083
565.0   192.5510828425417
566.0   189.56248347104017
567.0   195.6279085395942
568.0   192.00034741030964
569.0   188.2390395933349
570.0   189.7867055696523
571.0   185.3680353199321
572.0   189.3736521078806
573.0   190.84291952858914
574.0   184.27485839830172
575.0   193.48018330944666
576.0   190.40147357804224
577.0   192.7819257792711
578.0   191.13416161920097
579.0   191.8625994415124
580.0   193.62358193971704
581.0   189.89224776209676
582.0   192.26800063166039
583.0   188.26300638796897
584.0   188.83726997423992
585.0   186.91619298191526
586.0   191.57060143272633
587.0   197.18065692293823
588.0   194.23753947352975
589.0   191.55743511897614
590.0   195.02043424670939
591.0   191.00201004018183
592.0   186.1952988374089
593.0   195.50140076374845
594.0   187.6876868772657
595.0   190.8282009731923
596.0   192.62780293606278
597.0   191.88367868873377
598.0   196.79009450804824
599.0   191.39327265513
600.0   192.37885640224044
601.0   189.26755514830066
602.0   193.11018996708836
603.0   192.64237073463943
604.0   193.98567578874508
605.0   189.96923724425113
606.0   188.86236947222744
607.0   188.48935292600882
608.0   194.83251946909982
609.0   189.94909664594852
610.0   191.43626908532357
611.0   193.14788835135937
612.0   187.37605745625007
613.0   192.3869256779578
614.0   191.10914790927464
615.0   185.66818159115405
616.0   190.88691600270062
617.0   185.95300213258193
618.0   195.75055427806046
619.0   191.83873280548332
620.0   188.5395267082759
621.0   186.04141969782495
622.0   189.72804550694127
623.0   197.49137710999722
624.0   189.90278025845055
625.0   189.96164184764285
626.0   192.03017596482522
627.0   188.99288117729483
628.0   191.1100030599175
629.0   189.3108704499611
630.0   184.58122564354568
631.0   193.565408101605
632.0   186.81419443278693
633.0   187.16226087278665
634.0   190.14151954879932
635.0   193.05909267400875
636.0   190.46408186053645
637.0   187.58219272930373
638.0   191.3560904384943
639.0   190.75973695341006
640.0   188.29951473793523
641.0   193.3629175705957
642.0   195.02595206279128
643.0   193.3472813475524
644.0   193.72263054216697
645.0   187.95887935612856
646.0   190.3528638444542
647.0   190.7320657802991
648.0   190.81619454747104
649.0   193.18375908766933
650.0   190.85195351743107
651.0   191.7270692363307
652.0   189.41934883390564
653.0   188.1872457851491
654.0   189.63912209070432
655.0   191.6718548066194
656.0   192.254741151326
657.0   197.0662117054497
658.0   191.95145496617093
659.0   191.74687061116185
660.0   194.3951060095443
661.0   189.14805017024332
662.0   187.80875891323393
663.0   192.3648713071254
664.0   194.31319185740674
665.0   193.4199398560132
666.0   188.93207937692353
667.0   190.91488422362664
668.0   190.46428137401648
669.0   189.66265442604964
670.0   190.7018029952629
671.0   195.76724768823283
672.0   190.1931647994791
673.0   193.35901915629344
674.0   192.5222830384824
675.0   185.99914706568546
676.0   188.55765465791737
677.0   188.21292380300827
678.0   186.7496400373859
679.0   192.92897935989203
680.0   191.07683217859463
681.0   187.13058618232424
682.0   197.028145632797
683.0   188.0176735978252
684.0   193.00501346312657
685.0   191.96728418515863
686.0   190.31448636665937
687.0   187.9794003074568
688.0   194.72590759572032
689.0   192.60983436859752
690.0   189.50693441465287
691.0   196.29407025946819
692.0   193.37018181574666
693.0   193.6735570008226
694.0   190.90981373938823
695.0   193.55633358312855
696.0   196.31873532841553
697.0   189.9032942319445
698.0   190.5428494943043
699.0   194.6227312712873
700.0   192.5743989137208
701.0   187.3323691561367
702.0   195.90843365846996
703.0   191.00806987764003
704.0   189.1127537131934
705.0   192.03991563383556
706.0   191.66196334293426
707.0   193.51549324292193
708.0   193.19010180334186
709.0   192.0714358989274
710.0   189.46297324421542
711.0   194.35241419344553
712.0   186.5689057723082
713.0   190.766476159337
714.0   193.0393192969131
715.0   186.83293424284457
716.0   191.03892309207205
717.0   192.0382903006124
718.0   191.3617600985441
719.0   189.16294501055273
720.0   193.34874298738956
721.0   192.16970197572408
722.0   192.82451405283174
723.0   192.6768195327806
724.0   192.76478666605652
725.0   195.9117937088835
726.0   186.98184450907803
727.0   193.00710353341466
728.0   188.42466966063847
729.0   190.41678271176693
730.0   193.81493063548146
731.0   193.08085186713777
732.0   187.06405224859185
733.0   192.6723909627882
734.0   187.121200363182
735.0   192.74883089463583
736.0   193.86600003503014
737.0   186.14543448956775
738.0   187.5907404383491
739.0   190.16374310209278
740.0   188.55329053278652
741.0   192.4851992891451
742.0   189.2143310950508
743.0   193.2358350400398
744.0   187.69443913742
745.0   192.4212561175853
746.0   194.97607714949154
747.0   185.76061282236182
748.0   187.79745333376886
749.0   186.48649499164134
750.0   192.30626780928338
751.0   186.9372968999145
752.0   189.83073402873524
753.0   189.5090127784733
754.0   190.3403930471536
755.0   193.0618022885297
756.0   194.23709559974466
757.0   185.4014269806563
758.0   193.39022368705125
759.0   190.1128824424876
760.0   192.3043981623795
761.0   192.25204439957042
762.0   188.21761616595907
763.0   193.7510761627781
764.0   188.42128776190654
765.0   189.01896294863755
766.0   185.91179706357798
767.0   190.9546005442068
768.0   189.6659358432763
769.0   189.3097849856293
770.0   191.8729012656479
771.0   186.9773429309933
772.0   188.53473428908907
773.0   188.3774424577072
774.0   186.2871931590778
775.0   190.98064304732043
776.0   187.99191761129245
777.0   188.71509507807394
778.0   186.5181265692448
779.0   191.08906841825518
780.0   189.5135726304485
781.0   190.5940423464626
782.0   188.2202500002593
783.0   192.26332246427478
784.0   190.20359232046678
785.0   191.48704339343035
786.0   186.49883973095922
787.0   189.00305494233297
788.0   187.3454275856405
789.0   193.20715398523416
790.0   190.50012490450766
791.0   192.11474015039028
792.0   190.18414084557304
793.0   189.84158253705027
794.0   190.78909913578073
795.0   194.83870491318126
796.0   189.95406010801364
797.0   186.4548383515569
798.0   192.22793456220896
799.0   189.8087208275148
800.0   185.74200253245476
