500.0   190.10085002295006
501.0   188.9978240359455
502.0   188.05522692617626
503.0   188.48717386984933
504.0   191.56081690233034
505.0   192.07479782834167
506.0   190.11658542694198
507.0   187.86966954683973
508.0   193.52173894077396
509.0   190.88561368784585
510.0   193.80001248641037
511.0   188.04297012593582
512.0   188.854357296759
513.0   192.0485991458582
514.0   190.0385498077362
515.0   192.6214396376
516.0   194.58512824732352
517.0   190.5916008041738
518.0   185.51065346045146
519.0   195.60998622339847
520.0   187.99842220477717
521.0   198.51533264846807
522.0   194.01678268027223
523.0   191.28360795529238
524.0   195.9339200807437
525.0   192.7523207011146
526.0   192.89974130691317
527.0   193.00205944155522
528.0   195.65945029143066
529.0   190.2640648687973
530.0   193.2477080606146
531.0   188.59084852549708
532.0   189.2874956348785
533.0   192.91891304059104
534.0   184.96724039676727
535.0   189.40416903093535
536.0   188.46934132599355
537.0   190.95731383316402
538.0   188.1061837693182
539.0   188.4347813463111
540.0   188.91416631164878
541.0   194.86672047962819
542.0   189.07257344448067
543.0   192.26332910081078
544.0   191.70428013421352
545.0   190.44569250257373
546.0   187.77557554182647
547.0   190.0858072317854
548.0   196.4573632883961
549.0   191.411720423727
550.0   184.04565112616896
551.0   185.9907308784492
552.0   190.20186105046292
553.0   188.1683002126044
554.0   186.2910630742907
555.0   192.38574246376712
556.0   191.48017974035037
557.0   188.17917714692337
558.0   193.3757394121171
559.0   183.96638810562996
560.0   191.11284580179887
561.0   193.39624445422012
562.0   193.28919289308146
563.0   186.5082240284455
564.0   190.98134786185145
565.0   187.43713605467684
566.0   189.561437232115
567.0   192.99347925810105
568.0   186.0036286356795
569.0   193.53757570245858
570.0   190.90323240969101
571.0   189.28558202427737
572.0   188.85248845798435
573.0   187.4773211118678
574.0   187.59951468380075
575.0   187.35121976301346
576.0   188.3142456600811
577.0   188.23417813100153
578.0   192.8306688834335
579.0   194.03782795346774
580.0   191.8798441494061
581.0   188.7132807686728
582.0   186.43018063921562
583.0   186.0093042984864
584.0   192.3991730626732
585.0   188.66594914298696
586.0   186.3848059366983
587.0   190.21512000724488
588.0   187.73804424146036
589.0   185.97965744519772
590.0   190.95089382657713
591.0   194.0893872617594
592.0   190.0936997696012
593.0   192.35599774090628
594.0   192.18295641688695
595.0   186.14231690406942
596.0   188.76777274193367
597.0   190.75604659663338
598.0   189.4548613293671
599.0   188.63823322195867
600.0   186.94036955306007
601.0   188.96624862553534
602.0   190.19868443067682
603.0   188.82384239934194
604.0   192.11509630087514
605.0   186.01850279859315
606.0   184.9941861168124
607.0   189.01451491040282
608.0   184.25830914389576
609.0   189.69137077488736
610.0   186.49931076273998
611.0   192.26115032737297
612.0   187.28081198974985
613.0   187.29912699064988
614.0   191.90655198595513
615.0   197.97465600642988
616.0   189.11903047042688
617.0   193.27771205744517
618.0   193.00927572052888
619.0   190.96380205133445
620.0   190.01523931304155
621.0   190.26324413282052
622.0   191.10011197959605
623.0   193.71741076624832
624.0   188.03208685866662
625.0   192.00511753413096
626.0   189.11100242783886
627.0   189.2410974936125
628.0   190.4900533099986
629.0   188.981145206095
630.0   198.53993658588695
631.0   190.71236863573608
632.0   188.5389370864877
633.0   186.66707437363826
634.0   189.24728344577235
635.0   187.07570499905972
636.0   187.4904437819865
637.0   188.19550092949726
638.0   188.3879029240375
639.0   191.41976195564928
640.0   188.40379897120835
641.0   188.79717746186643
642.0   189.35593950401858
643.0   188.71517860160895
644.0   189.87052906626977
645.0   194.39478323669272
646.0   190.61040860912007
647.0   190.07197806128514
648.0   186.84962078799435
649.0   187.7953916436159
650.0   189.43282507729893
651.0   191.29719702264455
652.0   191.38803776465915
653.0   192.775737446351
654.0   191.80329749926713
655.0   193.32744148662698
656.0   193.23317622600212
657.0   193.8860478976681
658.0   191.5696791448135
659.0   194.1187864628964
660.0   190.38806758260077
661.0   186.66801652711578
662.0   192.88392534191536
663.0   190.5477868950655
664.0   185.73804454701343
665.0   189.464548579296
666.0   193.73413383706927
667.0   189.75976714024492
668.0   190.4473095107073
669.0   188.86552109024475
670.0   191.38960666976047
671.0   190.69176546107548
672.0   188.99746435635893
673.0   187.16737444149882
674.0   191.84036396170066
675.0   189.6650607587563
676.0   190.80214575720316
677.0   186.78961183537177
678.0   190.308096531341
679.0   189.02887740305331
680.0   195.88770014125848
681.0   193.81158429522026
682.0   187.00551581852133
683.0   187.98958129986997
684.0   189.00191463018587
685.0   190.76815490250476
686.0   191.9772218785495
687.0   184.7566144990638
688.0   188.8884075996114
689.0   188.99356603770292
690.0   192.44899109347037
691.0   189.292261272424
692.0   191.454211549706
693.0   194.15030726102387
694.0   193.22040684418724
695.0   189.68881810201287
696.0   188.31518324473996
697.0   191.41680370888974
698.0   193.38542955192017
699.0   185.4149875603409
700.0   190.6481340009439
701.0   190.32612044192686
702.0   186.0538469576003
703.0   188.9923700534883
704.0   189.998642533165
705.0   192.64905296010338
706.0   194.3164219888225
707.0   196.0268697085935
708.0   185.19481523955878
709.0   188.05183175733833
710.0   191.26610653023718
711.0   190.1341600872275
712.0   190.55533221661167
713.0   193.58201729001513
714.0   186.97768117614973
715.0   186.2230406721834
716.0   191.96802593023148
717.0   192.052862884535
718.0   194.33327326331718
719.0   188.63878705988364
720.0   193.2158676893996
721.0   190.4277476181297
722.0   193.43962098565132
723.0   192.95988536023208
724.0   190.9773353545854
725.0   190.46405187739867
726.0   186.8877926594632
727.0   189.00389643691395
728.0   190.8183113266096
729.0   186.92448076521578
730.0   190.42932598110627
731.0   193.36164122415352
732.0   190.1384341343213
733.0   187.5821803350261
734.0   189.31769695052122
735.0   184.05131446112566
736.0   191.03416232340473
737.0   187.91438484095698
738.0   190.81630453986216
739.0   190.8086425683463
740.0   188.57429834834957
741.0   187.9246693850569
742.0   191.06146512479938
743.0   188.20100069244273
744.0   192.00859803166279
745.0   188.83474401911002
746.0   189.01297794787789
747.0   190.86629481282048
748.0   193.09842613229077
749.0   194.71223049590634
750.0   188.65400604416328
751.0   185.78346382331947
752.0   192.1860888407283
753.0   187.07525564860185
754.0   187.3835212670619
755.0   191.6937536500544
756.0   184.886885647711
757.0   188.21691338669498
758.0   191.20513515818303
759.0   187.0096704658426
760.0   191.5164013265506
761.0   188.95978742073427
762.0   188.56205533340662
763.0   190.16626849415627
764.0   187.13551823057088
765.0   189.11522397185524
766.0   191.3794329735143
767.0   195.18520985962576
768.0   193.8588070446131
769.0   192.06605057604145
770.0   192.43246074534827
771.0   188.8610503465527
772.0   192.42568562963308
773.0   190.0942799824399
774.0   188.49154207246082
775.0   187.72382337702584
776.0   184.23948620941437
777.0   191.8662968836015
778.0   191.50541195199418
779.0   188.87526683874975
780.0   190.9588532192249
781.0   188.08613006985982
782.0   192.56030299043846
783.0   193.1963870102149
784.0   192.97326355666058
785.0   189.81847251574652
786.0   194.58783031228631
787.0   188.9135947417776
788.0   188.90916956898707
789.0   187.80870782354222
790.0   192.06022247173925
791.0   189.49678345143235
792.0   192.9976546058058
793.0   189.2655607657964
794.0   192.41286644234552
795.0   186.39316719602652
796.0   184.21333876587792
797.0   188.62397002058668
798.0   189.34634736991615
799.0   185.68517080054457
800.0   191.19646327939742
