500.0   193.40873850818335
501.0   187.00531391452117
502.0   193.37637939148937
503.0   192.45757535088592
504.0   191.33882118378057
505.0   190.1905447460629
506.0   190.77926976650966
507.0   189.14855019679771
508.0   194.75871966972733
509.0   190.35335755442597
510.0   188.1427909207517
511.0   188.8383875652801
512.0   188.728921599512
513.0   192.22110072515642
514.0   188.7474069629878
515.0   192.9200815332979
516.0   195.39784111040774
517.0   188.50549206256758
518.0   191.60749959791173
519.0   189.0885868049929
520.0   189.96743646730255
521.0   188.73473554154552
522.0   192.9594672718328
523.0   189.3348831571481
524.0   189.62881194442082
525.0   188.558453275369
526.0   191.430713096365
527.0   190.01059522640003
528.0   189.13286793764763
529.0   192.85125216787247
530.0   192.3289795501283
531.0   189.46904158448098
532.0   191.84195287404245
533.0   192.4825552539723
534.0   187.16677173201683
535.0   186.01139272611982
536.0   189.0206740620883
537.0   190.7233962486015
538.0   186.0471738782988
539.0   189.46135217099234
540.0   187.80563848981222
541.0   185.48302651087445
542.0   193.97370366731784
543.0   189.040832375477
544.0   192.2279601415016
545.0   193.60028028401925
546.0   192.25033039709865
547.0   190.23910928100176
548.0   187.18805241385755
549.0   189.82938929665363
550.0   184.99483348668676
551.0   189.79859259895153
552.0   191.06479206898533
553.0   190.36322319847602
554.0   195.06806797665874
555.0   188.5568736718929
556.0   189.26842522596903
557.0   192.59315350084432
558.0   189.00772287955772
559.0   190.89825856187846
560.0   192.69291931944792
561.0   196.392006139318
562.0   192.84476157915074
563.0   186.81825545671347
564.0   189.2625030919011
565.0   190.6207476013551
566.0   190.90043787220247
567.0   188.01954144113387
568.0   189.99993442348202
569.0   190.64454163986434
570.0   191.12074638957338
571.0   187.05889722443084
572.0   195.44566242777944
573.0   191.03329917145345
574.0   195.16922318572432
575.0   192.71816175676253
576.0   189.51149660715046
577.0   186.42733577116243
578.0   189.00842929544757
579.0   192.17385736989476
580.0   190.6164151910869
581.0   194.10130945661302
582.0   191.10030210950856
583.0   187.87227830795007
584.0   189.15948538555486
585.0   189.924434485617
586.0   192.80904887097194
587.0   196.32517528818767
588.0   185.14590547968976
589.0   189.97173764550354
590.0   187.0592991428866
591.0   191.97539322723455
592.0   188.40030847416006
593.0   190.830595919331
594.0   190.36091018754723
595.0   190.0212880375042
596.0   192.4395380823323
597.0   188.40418324089754
598.0   187.7568462336103
599.0   185.78225537686313
600.0   186.90507903183786
601.0   194.52207855800498
602.0   190.25087919349284
603.0   192.71564083463636
604.0   185.99741555326545
605.0   190.9694194951966
606.0   192.99520629973603
607.0   188.4350769539472
608.0   188.7477844169641
609.0   191.15062457839898
610.0   189.99718575004272
611.0   189.13886139770412
612.0   193.63662935530314
613.0   186.66574502036403
614.0   188.67647920622792
615.0   187.4338230955774
616.0   194.3473691198928
617.0   190.44718290049698
618.0   192.7346997880282
619.0   190.2170283847159
620.0   188.4536066575765
621.0   187.7905319848822
622.0   194.8349666775537
623.0   189.13700269456461
624.0   190.90657334976794
625.0   192.98322908187706
626.0   186.9273771758486
627.0   189.59597208080382
628.0   188.96698035313483
629.0   193.65227527808878
630.0   193.22633330377585
631.0   189.98354306629972
632.0   188.98990840092057
633.0   193.22470462860647
634.0   190.98763222809788
635.0   187.44802332085152
636.0   191.1854324171143
637.0   188.09954370270353
638.0   191.3022280370861
639.0   192.03909061996794
640.0   190.68458008536953
641.0   193.14610181511415
642.0   189.97016919326998
643.0   188.87551025059838
644.0   190.4045405039307
645.0   189.37435003829643
646.0   194.08430485884594
647.0   190.9450405883017
648.0   193.1097986984512
649.0   195.55578765638288
650.0   191.1281072357387
651.0   188.28856212627252
652.0   187.90016968956112
653.0   190.67883894897886
654.0   192.1012757262364
655.0   191.12702194206187
656.0   192.5634436506118
657.0   185.50196660778005
658.0   188.3286978786348
659.0   189.559803507113
660.0   189.49340125197597
661.0   189.3971472292332
662.0   186.68583356837416
663.0   190.87576981191148
664.0   189.29826055381523
665.0   189.7878206762172
666.0   190.0247958022407
667.0   187.860822020136
668.0   188.8480173544502
669.0   191.08211609974884
670.0   188.42621118182845
671.0   188.74692072454653
672.0   187.15188085850156
673.0   187.42300392082197
674.0   189.04544649400555
675.0   192.46265892645866
676.0   192.57966596432297
677.0   193.2513278994463
678.0   188.794477835467
679.0   192.09218759557598
680.0   188.95405999356774
681.0   190.94708177673084
682.0   189.12742441811943
683.0   189.08324109557967
684.0   187.0024553580351
685.0   190.050563512889
686.0   185.07920436640063
687.0   193.10364839230348
688.0   188.8010305730634
689.0   188.77347489252637
690.0   188.88820716104416
691.0   186.16859908652359
692.0   191.56766617745225
693.0   190.7653874883488
694.0   191.65276307340497
695.0   189.09218551694678
696.0   185.01160552489998
697.0   187.88658719787543
698.0   188.96686839706143
699.0   186.26207967725657
700.0   192.3537289756142
701.0   198.06016187045887
702.0   192.23048365283816
703.0   187.0282446230394
704.0   188.56226876666366
705.0   192.40627201662352
706.0   192.55625321538014
707.0   190.63932452071532
708.0   193.6341264439475
709.0   190.3994013630031
710.0   188.56943494079476
711.0   192.12015545163501
712.0   188.96285084459686
713.0   186.70414905363987
714.0   186.35715373527222
715.0   189.81576287587777
716.0   187.93411910961115
717.0   189.07256458529767
718.0   184.4687388800933
719.0   192.13630658647529
720.0   185.87322126637488
721.0   192.35134793629004
722.0   198.37284848793365
723.0   189.37688898982523
724.0   193.78614124487865
725.0   193.40801797679129
726.0   194.01815554968692
727.0   191.00093133889322
728.0   191.61279052058447
729.0   191.52206318162115
730.0   190.405452861419
731.0   187.1195932527598
732.0   195.328050145927
733.0   190.1272121917782
734.0   187.78178441460113
735.0   182.85940698517553
736.0   183.97009883101387
737.0   184.94932361612027
738.0   187.64674108881695
739.0   187.41641240170077
740.0   190.1051809299278
741.0   186.3256487125831
742.0   190.59528176645512
743.0   192.8484113552478
744.0   191.995746687984
745.0   191.9348774750061
746.0   190.76202957515753
747.0   188.99314582350272
748.0   190.2958297261854
749.0   193.90234709661664
750.0   189.76774024911117
751.0   185.91313942036027
752.0   190.95534882862302
753.0   190.64551583804348
754.0   189.0327646182824
755.0   191.65265353676955
756.0   191.08629685475407
757.0   188.60106250411263
758.0   190.92072182622402
759.0   190.92201919872156
760.0   186.21123588873022
761.0   185.66844511833767
762.0   188.32928730332216
763.0   188.9797143659769
764.0   185.7349609998545
765.0   188.2128633053561
766.0   190.59897149457714
767.0   189.10558403119794
768.0   193.17587664690797
769.0   189.00183957305921
770.0   193.0997430789834
771.0   186.9530296443124
772.0   190.85680831477782
773.0   191.1516916119464
774.0   188.77092761291303
775.0   193.84604347953407
776.0   191.2282092464785
777.0   192.45446920614518
778.0   189.15504164550833
779.0   193.77556884435558
780.0   193.10358703303027
781.0   193.89941259207717
782.0   186.83724190046954
783.0   190.008020512468
784.0   188.20904208204672
785.0   191.93435882623064
786.0   195.36288619444107
787.0   185.83367136083092
788.0   189.14714883910767
789.0   184.26051243469627
790.0   186.74792382467825
791.0   182.631908587386
792.0   190.87235410099362
793.0   185.36633283109904
794.0   188.64078370604065
795.0   188.28231623239233
796.0   184.7749987386362
797.0   192.49684456448196
798.0   188.84237274461327
799.0   184.2336986425971
800.0   192.21345007029421
