500.0   190.04612377029102
501.0   191.16421796947878
502.0   192.10791342626135
503.0   190.19099990459313
504.0   192.03432965165868
505.0   188.1179276814225
506.0   189.1311132266502
507.0   190.02625143226115
508.0   190.761992459417
509.0   192.95136603213555
510.0   186.56464899684565
511.0   191.70657733600495
512.0   191.03422002976424
513.0   190.77716397828428
514.0   192.06280061369927
515.0   193.16968330749205
516.0   191.63697548419572
517.0   188.52416288589401
518.0   190.00994670505247
519.0   190.78016661496628
520.0   185.13692056457538
521.0   190.99610272981388
522.0   189.24797984659116
523.0   182.0750122436233
524.0   189.6616858726284
525.0   190.85310038503363
526.0   191.216782835898
527.0   198.9925154966631
528.0   186.83399901445355
529.0   185.91958992635182
530.0   190.21064437827064
531.0   188.85409472828619
532.0   189.4432659916768
533.0   199.3173843613763
534.0   189.05683364893898
535.0   194.16230234937552
536.0   192.91136534471997
537.0   191.4922037906524
538.0   192.669901524191
539.0   191.58628283297438
540.0   191.9645318131888
541.0   195.23770246445554
542.0   191.91929026846407
543.0   193.45544661402735
544.0   188.2921385650439
545.0   186.34683598213178
546.0   186.53689764457155
547.0   191.41437824463904
548.0   190.79677699280919
549.0   188.3685031521533
550.0   190.01419437198643
551.0   188.91558243365773
552.0   184.4385983927248
553.0   185.16593652084094
554.0   191.25184250122425
555.0   188.95039684797757
556.0   190.4861069943632
557.0   193.64032824596785
558.0   193.07831342645
559.0   191.97045293566725
560.0   189.5574734524835
561.0   190.58038665093787
562.0   187.26264411829624
563.0   192.6648877899069
564.0   188.23983735954815
565.0   188.71390412079722
566.0   196.07034874719517
567.0   191.85087198147266
568.0   192.99953673700722
569.0   187.6700525996352
570.0   189.76678166021608
571.0   191.53494508091703
572.0   186.28422365838082
573.0   190.66708626066568
574.0   192.51096032418914
575.0   189.53409063870106
576.0   189.0559389689717
577.0   182.0445591684725
578.0   189.04878647594958
579.0   185.95093849508464
580.0   186.6242557685807
581.0   193.99816578806627
582.0   188.77142343081147
583.0   191.771283880827
584.0   192.7873657971109
585.0   191.0422289680331
586.0   189.31419953859202
587.0   191.10372055164197
588.0   190.18684470457256
589.0   193.954974611307
590.0   186.06107102307527
591.0   190.89775760964696
592.0   189.64962432129613
593.0   187.67467751685436
594.0   190.13537911683565
595.0   190.65260743659772
596.0   186.00321882187598
597.0   191.43468967395722
598.0   194.33621117192533
599.0   191.53051510436788
600.0   191.29929261019805
601.0   191.62603173720512
602.0   192.72992428221062
603.0   186.37519659441062
604.0   183.8393713699706
605.0   188.0000165700012
606.0   187.94384881916804
607.0   188.69994063294803
608.0   191.95320639801355
609.0   189.2984202959241
610.0   186.63918283980823
611.0   187.71951708434236
612.0   193.32286027316354
613.0   190.48339230240677
614.0   191.21699607514955
615.0   189.84996003207647
616.0   190.57182873602306
617.0   187.66698535255426
618.0   186.98901124433988
619.0   192.47354444031475
620.0   184.8084803696521
621.0   185.45299446022662
622.0   195.78274685859756
623.0   188.99454394678992
624.0   194.05950803202208
625.0   187.99999546241483
626.0   186.77155774448366
627.0   190.7002409842487
628.0   185.94293041027746
629.0   191.21883098629147
630.0   190.80169435805186
631.0   187.23850455331603
632.0   191.58717629974504
633.0   183.62773102620426
634.0   192.05400020328898
635.0   187.7452823188538
636.0   189.37617442370137
637.0   190.51444842098948
638.0   192.42857197889975
639.0   186.21768514033474
640.0   187.83909175590486
641.0   191.38828243584493
642.0   188.7119119402502
643.0   190.47697598028358
644.0   193.4235246255313
645.0   189.91714672805944
646.0   185.31471035887495
647.0   185.7005450838569
648.0   191.31226892521522
649.0   185.30844323499505
650.0   191.7402736269059
651.0   189.7330941519835
652.0   186.98204812532396
653.0   188.1763448074677
654.0   188.98836237358125
655.0   188.59392893498247
656.0   191.032219184169
657.0   187.51147794232006
658.0   187.5055376827466
659.0   189.40782060956266
660.0   190.1899243874269
661.0   189.73070681802233
662.0   190.58853837794197
663.0   189.59330660027666
664.0   186.72542845209344
665.0   191.26491207550234
666.0   185.23136672710498
667.0   188.66388205854798
668.0   187.0569047095789
669.0   191.6015225515553
670.0   188.75239006311216
671.0   192.27231628871908
672.0   192.68298581024666
673.0   186.8489270782662
674.0   187.61722324660164
675.0   194.87876483013153
676.0   191.58971205004084
677.0   190.40241101340786
678.0   191.9818972242638
679.0   190.3981487707073
680.0   189.75753135826508
681.0   192.54104855308972
682.0   188.3518730134559
683.0   188.15090175232368
684.0   190.99819876388614
685.0   187.8762592496595
686.0   187.0310183852124
687.0   192.5802617204622
688.0   184.64696193699152
689.0   187.47097746967583
690.0   189.5212646530119
691.0   193.86447278709454
692.0   190.84227088761142
693.0   193.8113554309703
694.0   195.74768145101396
695.0   189.61681874932137
696.0   190.367567124441
697.0   187.76873780875474
698.0   189.1941563515844
699.0   189.06452638971487
700.0   192.50050336749158
701.0   185.37284032201396
702.0   194.0852889652487
703.0   188.00628219350494
704.0   187.75827002322092
705.0   184.67044593638695
706.0   190.33370954695152
707.0   188.26964401556984
708.0   190.92637775939437
709.0   189.03631611430427
710.0   192.1450265364086
711.0   187.64392821767095
712.0   185.65712990681743
713.0   185.3905753168369
714.0   189.58715672224815
715.0   191.93990222571807
716.0   186.94094590928896
717.0   189.991743959514
718.0   184.80792114548973
719.0   193.44999654842897
720.0   187.90385954362478
721.0   191.1868758914286
722.0   188.53582424846502
723.0   185.71214641643257
724.0   191.45594262882233
725.0   189.2960778228203
726.0   185.07183186329812
727.0   191.0047414825887
728.0   187.95933509985167
729.0   187.68106244148237
730.0   186.55826232438105
731.0   185.2071600317691
732.0   190.7955713812861
733.0   185.2000953641706
734.0   186.5226734354244
735.0   192.0439428955159
736.0   191.98945138472098
737.0   193.09707920886666
738.0   189.18560997182593
739.0   187.90924016028833
740.0   188.1790041893841
741.0   188.6731227090903
742.0   187.22189035655725
743.0   185.07058770710444
744.0   192.93175019444936
745.0   188.27369227490857
746.0   188.7537695692782
747.0   190.7295768351779
748.0   190.71643487814032
749.0   193.3975169728127
750.0   193.02350896575538
751.0   192.57792744519418
752.0   190.12167479806973
753.0   188.28571986983124
754.0   189.48494147945843
755.0   184.8830270393153
756.0   186.59891442104774
757.0   189.1547451441426
758.0   193.59652401250926
759.0   185.85960674466003
760.0   189.5468690279389
761.0   189.95030236165593
762.0   192.22584390981416
763.0   191.4627701791594
764.0   186.92488669974853
765.0   190.02330557126254
766.0   187.2429500750772
767.0   189.47349663361382
768.0   189.0969177808843
769.0   189.61123557189075
770.0   184.91764373610619
771.0   188.83639603353026
772.0   190.69543089685655
773.0   190.09039662511782
774.0   189.7399907460952
775.0   187.82639026575902
776.0   187.1624918746069
777.0   193.07980896750243
778.0   187.17642239515968
779.0   189.25231286714077
780.0   191.431401205465
781.0   189.88713956700565
782.0   199.1595377854949
783.0   187.82179035967224
784.0   185.51826051426087
785.0   185.89606326411868
786.0   188.36589074678676
787.0   187.26528388821518
788.0   186.87575180674537
789.0   193.75875864523218
790.0   190.54410614062542
791.0   187.90473395255907
792.0   183.6298229921389
793.0   186.8736655991591
794.0   191.03481447506906
795.0   189.6296703598092
796.0   189.87581415571566
797.0   189.5397106848432
798.0   190.16858839985193
799.0   186.01869220323053
800.0   194.1582391989998
