500.0   188.68492758076914
501.0   184.83054419439077
502.0   193.79350596857986
503.0   187.8173100597482
504.0   190.2795752474083
505.0   194.78513342261763
506.0   194.73227554777134
507.0   191.1343486334372
508.0   188.8560042329308
509.0   184.97086842822003
510.0   189.87722441707143
511.0   189.0426364243669
512.0   188.73301000572923
513.0   187.93098740197993
514.0   187.92411826958863
515.0   186.40703030833484
516.0   189.41571061107126
517.0   189.16416160173867
518.0   191.092879285192
519.0   194.0678319134071
520.0   188.12035586565446
521.0   186.3981958235917
522.0   186.75287908441018
523.0   192.37577783569375
524.0   192.1494537611209
525.0   188.10831085130025
526.0   189.82954782709487
527.0   191.0212848831814
528.0   188.59796928424515
529.0   193.23620147916557
530.0   195.26809330433485
531.0   188.80679486613147
532.0   188.53814867772843
533.0   188.49122351825673
534.0   188.83032862231195
535.0   187.1267148785967
536.0   187.3377202188251
537.0   190.7744834910806
538.0   188.9040468681826
539.0   191.38991864787158
540.0   187.68548683885606
541.0   190.9792065257077
542.0   193.03114203107285
543.0   185.9864091545719
544.0   187.4870155234608
545.0   187.20704128866115
546.0   190.64050839663977
547.0   188.9242639286524
548.0   188.54094861999656
549.0   187.7645943155794
550.0   189.97117160450426
551.0   192.37055228834362
552.0   184.153921265241
553.0   188.68712680089484
554.0   194.97158733474194
555.0   191.65439057380124
556.0   191.04139026919816
557.0   187.60150589663377
558.0   193.00481974438452
559.0   187.9612400095837
560.0   186.97616541727214
561.0   187.01963081563957
562.0   187.42956627417814
563.0   188.75958928583083
564.0   188.97575840665434
565.0   187.452570670363
566.0   188.01162314749368
567.0   188.62119176541066
568.0   184.99786081811462
569.0   194.16515597628373
570.0   190.39013773695393
571.0   191.53218063889855
572.0   189.04678562749476
573.0   189.61645618111416
574.0   187.6680358212117
575.0   187.24570492889612
576.0   182.57557808817728
577.0   190.11622664404373
578.0   187.07561586015353
579.0   190.25362624314883
580.0   192.3283218084448
581.0   188.80596582035005
582.0   187.28730398453328
583.0   185.98487975446446
584.0   186.82306632446375
585.0   190.40159859615292
586.0   189.71319277274486
587.0   190.01718067427956
588.0   186.3662645757824
589.0   187.00925629294147
590.0   186.99689357257867
591.0   192.16987247639815
592.0   188.65303671856643
593.0   186.58020963187636
594.0   188.75097596758093
595.0   183.48287738732745
596.0   185.1451272563999
597.0   190.97020629397983
598.0   186.50349323270223
599.0   188.379592785093
600.0   188.69947453349263
601.0   188.9456168003882
602.0   188.13346322679354
603.0   190.795041836581
604.0   184.06098812340838
605.0   188.9487906605527
606.0   187.8729286918711
607.0   186.44107540549567
608.0   188.78403661688102
609.0   188.40019677923635
610.0   187.5839212534475
611.0   189.45023806963627
612.0   190.64003698810092
613.0   185.01754116573667
614.0   186.77844418966984
615.0   185.48381624402964
616.0   184.9294329366607
617.0   188.848892787374
618.0   190.5068598382336
619.0   188.2855474836948
620.0   188.91099283234644
621.0   192.2931566711156
622.0   189.20535726276373
623.0   190.17501813591826
624.0   182.02118204121678
625.0   193.99577598662898
626.0   190.9594210537596
627.0   189.7545437047574
628.0   189.55952530511456
629.0   189.30330040145103
630.0   190.4970793314979
631.0   187.86917456995326
632.0   192.42378460815675
633.0   187.05013941609002
634.0   188.3487646711822
635.0   192.388605254608
636.0   185.05600057347084
637.0   187.60400412341724
638.0   191.27114346998067
639.0   191.51276122275831
640.0   187.42231247315382
641.0   187.08394094295
642.0   189.95489093745815
643.0   187.5499107534498
644.0   191.8967840761088
645.0   190.96982048108018
646.0   190.6982128889426
647.0   187.39972797513425
648.0   187.74509997555722
649.0   190.969668954766
650.0   184.6659249001263
651.0   192.525840462113
652.0   188.61638468974144
653.0   185.72314370633865
654.0   187.93068766604762
655.0   188.77964260429368
656.0   187.28263226974695
657.0   187.21715433360578
658.0   186.17885932145862
659.0   187.15643279798036
660.0   185.30058544052466
661.0   187.66526401848068
662.0   189.08652331054247
663.0   188.72986901810904
664.0   190.19453387240623
665.0   187.49931796135564
666.0   190.075569375982
667.0   189.56614971501693
668.0   184.76058114617308
669.0   188.69591317513851
670.0   188.6927633268672
671.0   191.8046044448271
672.0   188.6307402335793
673.0   196.2125048761048
674.0   191.60858984023426
675.0   186.05404387997967
676.0   189.90188466923902
677.0   191.1479760282111
678.0   185.83169110507558
679.0   191.9079901230006
680.0   189.06674891188067
681.0   190.30465579457388
682.0   187.92287979901195
683.0   186.90181099392765
684.0   188.00863101361568
685.0   188.867857915586
686.0   182.7601650024177
687.0   188.8193747199008
688.0   188.63016635306204
689.0   194.28546536097164
690.0   186.2982627219813
691.0   192.08029160328223
692.0   185.67597702209903
693.0   188.42469898689222
694.0   189.8088544859536
695.0   188.89067107975524
696.0   189.11287001192272
697.0   188.53325178581582
698.0   189.6317095322154
699.0   186.88524115798438
700.0   186.97599327859277
701.0   189.39154110159478
702.0   188.9133376335308
703.0   190.03077516611324
704.0   185.02447803170747
705.0   184.00846964488392
706.0   180.36452026007495
707.0   187.94281518066873
708.0   188.07120125426198
709.0   188.54444103670443
710.0   190.76358563100172
711.0   185.64350221687693
712.0   191.74030153079335
713.0   187.61669181049734
714.0   191.0123852710238
715.0   191.48158872050493
716.0   186.07078394444474
717.0   185.78112582664738
718.0   189.39939997520457
719.0   188.48805189743553
720.0   188.71765411864575
721.0   185.53286675786228
722.0   186.6400337679794
723.0   189.29874835339
724.0   190.43537456261166
725.0   190.380058707884
726.0   188.29977800548951
727.0   189.0011386492869
728.0   191.88224455627005
729.0   184.87074240642937
730.0   189.25491398877398
731.0   189.50774480000482
732.0   188.7472549400222
733.0   196.16749390959453
734.0   194.62823036293196
735.0   192.6618941975116
736.0   188.0270222264292
737.0   191.64558801711274
738.0   188.6582117972542
739.0   186.95139909878898
740.0   192.85099023975735
741.0   192.19725798640025
742.0   192.22307847744807
743.0   191.01616448965981
744.0   187.8887658902325
745.0   191.95024249181648
746.0   196.4570353325346
747.0   186.17784927523275
748.0   195.30369897756933
749.0   187.61187233178674
750.0   190.68462646124954
751.0   186.36270094523837
752.0   191.26111416239405
753.0   190.2395165986624
754.0   186.12031998173646
755.0   185.95139665009702
756.0   187.4067969188594
757.0   189.50893293949025
758.0   189.9730413693744
759.0   187.24998137633617
760.0   189.9626463992389
761.0   189.5970446808941
762.0   189.88531021954566
763.0   189.76855301532913
764.0   189.45093477077486
765.0   188.96205330220116
766.0   186.81389985231814
767.0   190.65265381177193
768.0   193.02156347951237
769.0   194.01147759433582
770.0   189.55660348017278
771.0   186.83374470543123
772.0   190.6328002696277
773.0   188.34714238605477
774.0   191.6467287610525
775.0   188.28918609825487
776.0   192.33246019697148
777.0   189.50261481122413
778.0   184.647139837151
779.0   189.66360428407754
780.0   194.12006834917915
781.0   187.81956847750698
782.0   187.10233267357174
783.0   190.31786115471442
784.0   190.65341757667466
785.0   187.5915581388443
786.0   189.49174249315087
787.0   188.19408538378374
788.0   192.40659475180857
789.0   189.05436814795348
790.0   188.76170935253393
791.0   185.34555572703206
792.0   187.98485069215897
793.0   183.8182451677748
794.0   189.7701893369489
795.0   189.10656500961687
796.0   189.72895451952
797.0   193.09396928771469
798.0   189.7636690363057
799.0   189.98769925029336
800.0   190.44694134269494
