500.0   234.2777280823691
501.0   224.66121887430037
502.0   231.18643496306447
503.0   226.20672484412339
504.0   219.4287562533147
505.0   226.0052391491428
506.0   226.856076311854
507.0   223.07761544967417
508.0   219.52582798062787
509.0   220.125565291674
510.0   222.63467840561657
511.0   219.76498099653338
512.0   218.25955360534178
513.0   216.12119840572052
514.0   215.59514079520082
515.0   214.31892932925467
516.0   218.2659707203403
517.0   218.74843287175682
518.0   218.2185956883501
519.0   216.14919370032166
520.0   213.08929882536384
521.0   215.6772218123363
522.0   219.0925580460292
523.0   218.1761004059353
524.0   218.2034923067569
525.0   220.58346650962008
526.0   216.36410394237242
527.0   226.0341487991777
528.0   218.2478110960546
529.0   224.37932874635283
530.0   222.22673301486424
531.0   227.61598670822968
532.0   222.73571961009446
533.0   229.3303087303081
534.0   229.98991546881967
535.0   229.950961560963
536.0   228.43733802852475
537.0   230.60949904359546
538.0   229.347869617694
539.0   236.07325959275374
540.0   235.12617343565321
541.0   234.70752920251178
542.0   232.03381339781237
543.0   226.5666508429206
544.0   229.99807840605368
545.0   225.5516121185441
546.0   225.8856410078396
547.0   227.37083656878627
548.0   226.45028949474562
549.0   220.98202942153793
550.0   226.0555715875236
551.0   220.83635114226115
552.0   224.66574302759884
553.0   227.44351402325705
554.0   219.58319620471832
555.0   220.1316938294047
556.0   224.98193586425134
557.0   216.1636561851788
558.0   215.89809145333132
559.0   218.0146637163258
560.0   220.80420074431245
561.0   216.11258269852397
562.0   214.94422718388668
563.0   220.0297224752788
564.0   214.57997654481665
565.0   215.06233214943376
566.0   219.27034618946195
567.0   219.31221824482836
568.0   219.99917552294775
569.0   218.85397292436772
570.0   223.62996919105092
571.0   220.01551540006523
572.0   220.80935951539212
573.0   221.48496547855672
574.0   222.10538698867157
575.0   217.49690514828166
576.0   226.47337360505136
577.0   222.39086597979158
578.0   221.83819755313863
579.0   225.58745794963264
580.0   232.6996868315949
581.0   224.56356419840097
582.0   230.63037011536835
583.0   229.4187491407922
584.0   234.0304825490751
585.0   232.42619630202265
586.0   229.53165562788357
587.0   227.64598943498459
588.0   233.1674563228888
589.0   233.0875815699724
590.0   231.93508803005477
591.0   232.31807709154015
592.0   227.9705449948074
593.0   233.6276001787638
594.0   228.156112098131
595.0   224.35374380593748
596.0   229.70430521980018
597.0   225.51229425595898
598.0   230.97326698009724
599.0   227.43228631943015
600.0   224.65962540947103
601.0   222.4525255623764
602.0   220.84468882789184
603.0   224.0613057241808
604.0   220.03502671673462
605.0   221.97385998684578
606.0   225.93410991557917
607.0   222.82932683789105
608.0   222.14728002661278
609.0   217.384417476341
610.0   221.80576388745837
611.0   221.653294550959
612.0   217.76492419210857
613.0   219.75616561697686
614.0   218.23803473115993
615.0   221.18985652525245
616.0   221.0529965491926
617.0   221.24795153054907
618.0   222.5996028177217
619.0   222.5655771570284
620.0   222.438142851065
621.0   220.62690521067753
622.0   221.44120754412708
623.0   219.844217382512
624.0   223.1677622444188
625.0   225.01211257386242
626.0   224.92949661528084
627.0   231.92275821429496
628.0   230.82368067548566
629.0   227.59668265370257
630.0   238.5461905141973
631.0   232.03917473743257
632.0   231.70607068777554
633.0   235.1640608523472
634.0   234.04548415591728
635.0   238.4310873908503
636.0   243.99970780778162
637.0   236.6954582861293
638.0   239.48106814761397
639.0   238.8333867623305
640.0   240.06761977981012
641.0   233.46930570639188
642.0   244.93034907169894
643.0   236.63915985678182
644.0   233.5358311955772
645.0   239.9447925333374
646.0   238.22662977407583
647.0   239.36214063755253
648.0   236.54067452956932
649.0   228.7489804741964
650.0   237.51128755997806
651.0   238.2023375801924
652.0   235.8090187575101
653.0   230.84127677430467
654.0   232.55140240343178
655.0   229.138843901708
656.0   231.58391242001414
657.0   229.6730834200965
658.0   222.89319288496992
659.0   235.2382570855537
660.0   227.46709352082564
661.0   232.99406467168987
662.0   226.02858249495938
663.0   233.03750625594677
664.0   234.04692626557508
665.0   234.53376405448728
666.0   232.4668170573292
667.0   228.08451821871896
668.0   224.45785277760612
669.0   233.39547959381136
670.0   233.0752173453334
671.0   232.9137871635876
672.0   236.17279290028202
673.0   233.1116384798175
674.0   230.05054832596105
675.0   238.13409616140805
676.0   239.96481903989812
677.0   238.67905105629671
678.0   237.74388377818957
679.0   232.53498301524112
680.0   243.40538874789567
681.0   234.12385084297435
682.0   239.1864419391972
683.0   241.15211674938038
684.0   244.98038309509155
685.0   249.77648022871068
686.0   250.68539794883839
687.0   246.49588035302392
688.0   246.01547697247238
689.0   246.88713565085607
690.0   243.6235640845895
691.0   252.02656426585636
692.0   250.48631085996558
693.0   252.22335579750725
694.0   250.98189748446865
695.0   246.36701655245125
696.0   255.59296542085156
697.0   254.49029750871685
698.0   254.61605898918356
699.0   257.37335235226305
700.0   252.87050597796193
701.0   256.75352811008577
702.0   253.05347931617635
703.0   254.9628900580398
704.0   254.71278238293576
705.0   252.9536597487187
706.0   256.00013309334093
707.0   255.11865572127584
708.0   253.1917212502055
709.0   250.55270005687333
710.0   246.18561763343465
711.0   246.94117502042968
712.0   243.00413931389454
713.0   244.39652074075104
714.0   241.4133340028755
715.0   253.39010011066875
716.0   250.07108167600367
717.0   244.60957344569564
718.0   248.59100638798444
719.0   244.0899834977082
720.0   240.7406222739715
721.0   247.22145678061565
722.0   246.12722201430594
723.0   242.11563334374753
724.0   242.57990458920742
725.0   241.06024559558583
726.0   241.44073234848273
727.0   237.01803493725333
728.0   243.01052224793443
729.0   238.57205045075912
730.0   241.591553966767
731.0   238.84160966491095
732.0   243.73962650295272
733.0   244.45521260754924
734.0   243.79531565935437
735.0   241.59014970336295
736.0   235.89417527473296
737.0   243.21989641347628
738.0   240.1335772736916
739.0   232.55879214415057
740.0   239.00617174695154
741.0   235.8111293786396
742.0   240.79421687787334
743.0   238.3242618362006
744.0   237.0715794072804
745.0   237.1937884244968
746.0   234.87975471054608
747.0   234.62624727159587
748.0   238.50643897656934
749.0   243.61200822466245
750.0   241.70548754057006
751.0   241.33030612803645
752.0   242.72692000402398
753.0   236.78830458074978
754.0   243.58964825228145
755.0   248.71881117146805
756.0   244.52532415954633
757.0   250.0852354557914
758.0   249.34209203053018
759.0   243.86108729253095
760.0   250.42079400944826
761.0   265.00587448141323
762.0   254.8263308258499
763.0   255.56871320791643
764.0   264.89900014291806
765.0   264.2987104912767
766.0   270.26625284062374
767.0   264.6882350679298
768.0   266.87448066344035
769.0   265.5215137638642
770.0   271.5854121647663
771.0   265.0349090304807
772.0   271.94750034112764
773.0   269.24827978075757
774.0   271.5763497430269
775.0   259.28882475329004
776.0   266.0234011242443
777.0   265.6819851187271
778.0   260.6104896297751
779.0   261.2816594858455
780.0   260.97844448993976
781.0   251.31657604843627
782.0   255.7006400253351
783.0   258.16347927084325
784.0   256.1045457662279
785.0   257.94929934324927
786.0   252.92877205286615
787.0   244.74332989373949
788.0   247.66767547618346
789.0   241.54854232492633
790.0   241.3971314030155
791.0   241.15654580613582
792.0   247.6139050001907
793.0   238.86466393041275
794.0   236.7263989773454
795.0   239.33391820828268
796.0   231.2507616911314
797.0   242.099086625426
798.0   230.7438010041834
799.0   228.27973478346527
800.0   229.24353743476715
