500.0   289.60207476722167
501.0   277.1703104979956
502.0   281.0242628456128
503.0   287.1041464519179
504.0   281.1096858847962
505.0   278.8857147610739
506.0   284.19257375929516
507.0   286.7275597698819
508.0   274.2914179016918
509.0   274.62431667514926
510.0   272.5593903499645
511.0   265.32974505758955
512.0   273.56143475080427
513.0   276.90218087226515
514.0   271.2376105839122
515.0   270.7917187266884
516.0   270.5179569805271
517.0   275.56526217799023
518.0   269.41725089688197
519.0   269.71731266901986
520.0   267.18817557151544
521.0   270.34616455907667
522.0   270.7717833053953
523.0   272.8483828558873
524.0   271.67732570505035
525.0   277.0236793396092
526.0   276.4254734362896
527.0   284.02206756506166
528.0   288.1405691430341
529.0   289.5707790583005
530.0   295.7494461299475
531.0   302.49895157918206
532.0   301.67993199038125
533.0   302.98922732245916
534.0   315.103651811836
535.0   322.97174267976015
536.0   326.9991071059821
537.0   321.3933096710968
538.0   332.9988599128602
539.0   331.40023365328136
540.0   332.55658573345
541.0   330.488881387874
542.0   333.04406190158255
543.0   335.235076990574
544.0   329.0197527844116
545.0   328.9082075864578
546.0   329.1617188546665
547.0   328.6241348474225
548.0   321.59995962321614
549.0   315.45255182929566
550.0   315.02757034883865
551.0   306.1500388935067
552.0   312.00559582391315
553.0   308.2848666773006
554.0   307.1311410429145
555.0   301.97282482652554
556.0   303.3220402047444
557.0   294.6819398364044
558.0   300.57474230421633
559.0   289.1177587958605
560.0   301.78521408396006
561.0   288.9285143354005
562.0   294.09960890057675
563.0   289.1039436941077
564.0   300.71026358846495
565.0   291.57977569685124
566.0   298.11971247680134
567.0   307.91007236220173
568.0   293.00071640980747
569.0   300.51020574450905
570.0   314.8840080560913
571.0   316.9217859330629
572.0   309.55081586376133
573.0   318.7895697736205
574.0   319.4668490619231
575.0   326.77140950004207
576.0   324.7137302669303
577.0   334.773830187162
578.0   339.2879845631824
579.0   349.2296647683046
580.0   344.8878512298828
581.0   353.79401352529146
582.0   360.70621490531204
583.0   361.2865614122987
584.0   357.7617607100354
585.0   368.79475847113576
586.0   370.9873931243676
587.0   365.25135400441536
588.0   365.7205987123487
589.0   369.36867773282256
590.0   374.406567584566
591.0   377.9256117205246
592.0   368.4632111511359
593.0   366.56747775251034
594.0   364.4071520438574
595.0   363.3826312139985
596.0   360.1283504717202
597.0   362.30974976113254
598.0   355.3388820865144
599.0   352.47634946926104
600.0   353.641072876212
601.0   340.1179890619341
602.0   349.0269834718778
603.0   350.24715653381014
604.0   338.6390869481388
605.0   348.99006116050435
606.0   339.40708358873303
607.0   329.6771398675586
608.0   348.7117836243906
609.0   334.7256051970531
610.0   333.1878167929047
611.0   332.92694861843205
612.0   341.639816427514
613.0   341.77504066724833
614.0   337.26418370374137
615.0   334.63765634170784
616.0   336.43766872818446
617.0   337.29780435639066
618.0   325.95260041086703
619.0   343.0802256937058
620.0   343.1185492905676
621.0   345.8792234674242
622.0   349.67192002471893
623.0   354.8084204456262
624.0   354.1724351096239
625.0   371.0216273436622
626.0   378.8984617986158
627.0   379.1001908083025
628.0   387.8675176450702
629.0   393.0894012736268
630.0   400.2260487849529
631.0   408.76328654950805
632.0   413.04900295703635
633.0   420.9357096980363
634.0   418.2284265462065
635.0   420.54089986001134
636.0   436.2809457065081
637.0   434.96479812430044
638.0   428.0742973448221
639.0   445.9295856888399
640.0   447.0031218080766
641.0   445.9605845941654
642.0   448.184996067065
643.0   451.3692520751739
644.0   438.97321303485455
645.0   450.10765734647595
646.0   444.11864746554653
647.0   443.4355024229281
648.0   452.7554622885403
649.0   440.7019511518216
650.0   436.67023307857204
651.0   438.0303445278606
652.0   442.44556723424824
653.0   431.7699970276196
654.0   426.6032768711819
655.0   430.48559059523194
656.0   440.6252032934221
657.0   424.1589993204213
658.0   431.42798006191003
659.0   430.31817416183515
660.0   423.87291440348105
661.0   435.15539531880006
662.0   430.9540249316572
663.0   420.9884676378469
664.0   430.2990393006247
665.0   446.2724115674742
666.0   432.49162232349266
667.0   431.0801725070101
668.0   442.65998423567316
669.0   445.21074944844986
670.0   452.1416131251904
671.0   458.4682511260946
672.0   456.77256130148004
673.0   454.0571235589435
674.0   461.3946579588695
675.0   470.3469446248422
676.0   465.948507638765
677.0   479.120954411017
678.0   487.6574287476863
679.0   476.51752161583727
680.0   493.97091195921274
681.0   502.14435185308804
682.0   508.4410617023933
683.0   513.0189796200773
684.0   522.9865448065052
685.0   522.4954976610452
686.0   536.6288500345174
687.0   547.6373466216497
688.0   548.3353065230041
689.0   556.7782011168869
690.0   558.4214424326962
691.0   569.7598819094947
692.0   582.7670634627136
693.0   595.5528299556124
694.0   592.8529230771669
695.0   592.8723160999325
696.0   592.1701826390258
697.0   590.9566254240519
698.0   605.2546907673525
699.0   612.4778978073151
700.0   608.48686753875
701.0   601.144030078341
702.0   595.7417447774394
703.0   600.9514666698838
704.0   608.1350759884089
705.0   612.2603029756077
706.0   606.6410173262863
707.0   617.5739201828578
708.0   605.6725408278279
709.0   600.4633695928358
710.0   601.2884781882761
711.0   587.4933609937048
712.0   580.130125157243
713.0   588.0268132389443
714.0   580.8110303680506
715.0   572.0612245548361
716.0   583.0415854360264
717.0   577.1630063878313
718.0   564.8958797471872
719.0   569.8730082053551
720.0   555.8628064901034
721.0   551.8042457543833
722.0   568.9323330278834
723.0   547.5247510646843
724.0   553.7963669755616
725.0   543.9126617841498
726.0   549.2093686580276
727.0   545.019593642127
728.0   546.939497819322
729.0   539.6995477517261
730.0   537.258350400008
731.0   531.734372601278
732.0   553.3069437354972
733.0   548.9917451665312
734.0   549.663012437917
735.0   539.6971686460364
736.0   527.0153028539328
737.0   525.9975532253196
738.0   534.3898223758721
739.0   529.2259925373512
740.0   547.6331131115027
741.0   547.1452051754356
742.0   536.5263396198535
743.0   530.4724512480113
744.0   532.7545222553682
745.0   525.6707358598364
746.0   523.0737384511008
747.0   529.4569384232591
748.0   527.0097669139503
749.0   535.7600861649646
750.0   541.3599795006884
751.0   542.6726919716325
752.0   560.5075649002155
753.0   570.0925841388995
754.0   591.0062932000327
755.0   606.6467964688809
756.0   613.2274031510674
757.0   636.5915067620751
758.0   660.5689153504571
759.0   666.2620026417035
760.0   687.0208093085229
761.0   703.6224391523544
762.0   724.6256529740341
763.0   744.8419792037506
764.0   746.0148838463969
765.0   765.0888459705161
766.0   783.2207056710831
767.0   786.2216079336431
768.0   812.7524385113999
769.0   812.4241131843119
770.0   820.3178879881815
771.0   816.7006188987021
772.0   817.5849118366174
773.0   800.7067824089695
774.0   809.6279459638918
775.0   801.7351508839703
776.0   782.2357261564069
777.0   801.1704335380584
778.0   813.422393483958
779.0   776.0426766979384
780.0   784.6671352190267
781.0   772.8168394423362
782.0   763.3325498144859
783.0   730.8584672979891
784.0   736.5508158642405
785.0   722.38785376127
786.0   725.4919986982567
787.0   698.9879298892465
788.0   682.438201071895
789.0   678.8304833352837
790.0   685.7217420987827
791.0   663.3873919958536
792.0   649.9626852333729
793.0   642.1594915943576
794.0   633.0920333837922
795.0   607.8708302514802
796.0   609.159876223528
797.0   618.6768691372749
798.0   593.5527608693096
799.0   568.784067418012
800.0   564.1607835123485
