500.0   186.05337715254018
501.0   187.0934864934552
502.0   186.6070269909726
503.0   186.75944644125877
504.0   -12.66114951922043
505.0   186.5124484561552
506.0   186.36085974823595
507.0   185.38972886897523
508.0   188.0968995023568
509.0   186.49569255160134
510.0   186.47312731040643
511.0   186.1522477289583
512.0   186.05736466565918
513.0   187.44072578050225
514.0   186.26122530046052
515.0   190.34600901008127
516.0   189.1987229653232
517.0   187.27752549470097
518.0   187.62084728175148
519.0   189.35602375271003
520.0   187.2524756513003
521.0   189.05876374942227
522.0   187.36274482519372
523.0   185.07983802027468
524.0   187.2778977565148
525.0   186.70567121791453
526.0   52.78187991541114
527.0   187.69867049009952
528.0   188.30799386870444
529.0   185.76899039697105
530.0   188.04905148061619
531.0   184.79872750566028
532.0   186.48254392926424
533.0   188.17897687052584
534.0   184.56716085274934
535.0   185.17407397340276
536.0   185.75537102999465
537.0   187.13775335744413
538.0   185.2743246301659
539.0   184.50403126905985
540.0   183.54427685494466
541.0   185.69788447540395
542.0   185.7547219661875
543.0   186.3372714238842
544.0   185.60741370498454
545.0   185.97410302680305
546.0   185.69264959970064
547.0   184.61318686360278
548.0   186.1886304511928
549.0   184.83495310868
550.0   183.77372704630466
551.0   183.68031505405963
552.0   185.50210892605332
553.0   184.13725062374988
554.0   185.87976164770805
555.0   187.18508639170057
556.0   185.88534788245056
557.0   188.11473591322329
558.0   186.68261466625188
559.0   153.52451305059452
560.0   186.71352529091007
561.0   104.44625008891938
562.0   -37.64705192857201
563.0   186.22306495248847
564.0   187.90454180519396
565.0   186.37846231842354
566.0   101.20626572282924
567.0   187.73445285186733
568.0   184.92867993240782
569.0   224.00452853703092
570.0   185.62681575476483
571.0   184.25240468071604
572.0   1.552618630833706
573.0   186.03192932056015
574.0   -24.598257407348456
575.0   195.94537399190273
576.0   183.63980810893656
577.0   183.18601982153768
578.0   56.358523316646256
579.0   185.75178652690443
580.0   185.47611575324663
581.0   113.39452059337714
582.0   183.50158332947967
583.0   182.91930731189325
584.0   184.28585337239667
585.0   184.27494366808946
586.0   53.572816272863975
587.0   38.16755073587592
588.0   183.30412625975737
589.0   183.68164630658475
590.0   183.80587993901395
591.0   185.36871077800072
592.0   43.70760139443473
593.0   185.2038437518313
594.0   184.55193693916192
595.0   183.88270315556906
596.0   184.08260271350014
597.0   185.21508536968986
598.0   185.33872121209106
599.0   183.47175713614854
600.0   184.38190555615608
601.0   184.96567307223734
602.0   186.85658030721856
603.0   185.22691894370564
604.0   184.2305709550809
605.0   183.85048398674246
606.0   183.96759649316618
607.0   104.60622771454268
608.0   184.96946805745335
609.0   19.80093133928949
610.0   184.993763576388
611.0   184.9717612664781
612.0   207.79644840436833
613.0   184.70480058101873
614.0   186.2574918055442
615.0   185.54025073478635
616.0   27.017852373070355
617.0   184.73456139508738
618.0   188.7934420519835
619.0   84.79936628823532
620.0   183.41865899272477
621.0   52.57396148969019
622.0   213.81529939463383
623.0   187.57119254664934
624.0   201.86833954061944
625.0   173.921771493782
626.0   183.53846834753267
627.0   182.37473057022385
628.0   182.60936734254295
629.0   183.107637473613
630.0   164.86580750832104
631.0   184.4172411085383
632.0   183.1140863548561
633.0   181.25762045630495
634.0   182.82722186298275
635.0   168.6479544116968
636.0   44.229300010550105
637.0   206.4849784543694
638.0   182.476646684961
639.0   197.42263230313915
640.0   163.94707052721628
641.0   184.71422509899264
642.0   182.0632949404777
643.0   185.64467895901328
644.0   183.456915586074
645.0   182.81057427130713
646.0   170.80092960495313
647.0   177.58115013059864
648.0   100.76127751876538
649.0   182.880678358306
650.0   212.61873013009347
651.0   182.5808874361735
652.0   77.1644425668585
653.0   182.64411032332953
654.0   182.80112961773477
655.0   183.27657370478568
656.0   201.66874500644212
657.0   184.6242453539693
658.0   184.82619071637362
659.0   184.59086319969254
660.0   184.46938284249404
661.0   -11.078263316086804
662.0   184.43476922945467
663.0   183.1906807844154
664.0   225.30485910447453
665.0   -6.402593290019354
666.0   182.62987990227828
667.0   182.78000828784917
668.0   183.20218180774646
669.0   182.86984554050855
670.0   182.9405424092647
671.0   183.9608853338475
672.0   182.27710359043772
673.0   181.9187302828443
674.0   182.93813946503997
675.0   182.26479011524555
676.0   181.45397680837493
677.0   182.12476687132528
678.0   179.73010084435998
679.0   182.13912127200842
680.0   182.7010027561131
681.0   182.3340777216364
682.0   182.0627860434031
683.0   179.76982154734253
684.0   179.8261234140723
685.0   178.57443378783614
686.0   178.77410050236347
687.0   178.88602482840292
688.0   179.50391519208642
689.0   180.53074538059866
690.0   179.2755855119342
691.0   180.87798114588713
692.0   179.23265336102872
693.0   181.46557310471235
694.0   180.87692518690505
695.0   179.2190822217508
696.0   177.37517510287444
697.0   179.80469177948953
698.0   177.39149843950497
699.0   176.0805158543019
700.0   180.26564427273115
701.0   177.56517108555659
702.0   178.52902563459418
703.0   177.86371254367657
704.0   177.2876612842581
705.0   178.8380452270186
706.0   179.3824367769713
707.0   179.6532283872491
708.0   179.06997771046997
709.0   179.38048312924116
710.0   179.8616718559681
711.0   179.09174529674442
712.0   177.7808059784653
713.0   180.38001179157084
714.0   178.52704620092914
715.0   176.13265490914205
716.0   178.64729853992992
717.0   178.98468970130523
718.0   180.19401228449442
719.0   180.71779435542408
720.0   179.6116371341485
721.0   180.08225345395317
722.0   181.82195375366018
723.0   179.88747224700387
724.0   180.3077291116565
725.0   180.70570392610114
726.0   178.9348524032696
727.0   181.29335315058904
728.0   180.46539901086499
729.0   179.8249523441907
730.0   180.6831844517261
731.0   182.04012891908758
732.0   180.4857180672342
733.0   180.57105998212444
734.0   177.07180017432051
735.0   179.4004614768196
736.0   181.05679658605447
737.0   178.52410470683526
738.0   178.26788337358016
739.0   180.31662655264938
740.0   178.55589707310025
741.0   181.49710147725546
742.0   180.59225702689332
743.0   181.3431318885249
744.0   181.05567761267582
745.0   181.24604892062746
746.0   181.72186826153825
747.0   180.7002431686767
748.0   182.05951801337687
749.0   181.697864926899
750.0   180.7877557791129
751.0   179.45553701505116
752.0   180.89958364068502
753.0   179.85138378200543
754.0   177.90955726972265
755.0   180.0145117136003
756.0   178.03136545704558
757.0   176.18543972857776
758.0   177.09320169677562
759.0   175.69205319540686
760.0   176.96010965515563
761.0   174.67507128048885
762.0   176.35522090451002
763.0   175.05713587280945
764.0   172.09362240485416
765.0   173.58073733503772
766.0   171.66137510573662
767.0   173.99876044085113
768.0   171.7402976740418
769.0   172.9429961054418
770.0   171.6488224829195
771.0   170.10192286023448
772.0   172.09792014927575
773.0   172.2111778265546
774.0   171.43137606516666
775.0   173.20730607860173
776.0   170.64806419184958
777.0   172.76995834467857
778.0   171.70362056985937
779.0   173.99482915976046
780.0   173.50889469692856
781.0   173.68481527709469
782.0   173.7874562107353
783.0   173.514701434093
784.0   173.58828753135208
785.0   171.2732845363355
786.0   174.39012120214284
787.0   172.0917900371985
788.0   173.32352454720012
789.0   174.2796284130461
790.0   175.60469544905914
791.0   173.23214001049178
792.0   173.73648931915295
793.0   175.673911843273
794.0   179.1885928305951
795.0   175.99619998590913
796.0   175.3800691094142
797.0   175.74056756715675
798.0   178.13751351456142
799.0   177.44980960964472
800.0   179.12519065250558
