650.0 651.0 652.0 653.0 654.0 655.0 656.0 657.0 658.0 659.0 660.0 661.0 662.0 663.0 664.0 665.0 
19.96 192.52919568359826 191.60578489558978 197.23219909444413 194.54733155584142 187.63585352172936 194.06365349138883 199.5241463119066 519.6332198436075 342.66654099001846 200.6547894149271 191.72843343100752 191.150914771605 190.09726581259244 192.8847940721046 195.72947680716763 191.29098859494363 
21.96 188.62974735916487 192.42690366753376 198.33991897811944 190.46457763921777 196.5556642176872 192.6791355287147 199.48358842150927 394.2620168565037 305.0360052268998 205.87724680255943 194.89501887501189 199.12025644492167 192.62072287042628 188.0605307350057 190.53284850939926 188.5565244419689 
23.96 192.15220954543858 191.97535171122576 192.76715189638682 193.9570155281576 193.76763670466903 194.70534033252153 193.451919975484 323.1964872127081 341.33783194281 198.8788942926653 193.61881255897103 193.97755531605662 192.0186093499896 191.32176628052878 188.41762125726507 191.19339782215124 
25.96 189.63342567436115 187.6954170896226 185.69423924517116 192.2735809010498 191.14304884949544 191.4705855757852 193.12367175665858 247.03590437106587 289.34628401768714 195.49983456859985 193.85672735633463 188.51695407812667 190.1826436897048 188.44316813216415 187.0163610359678 187.0948080445941 
27.96 187.33256489162744 192.48223566684757 193.1590891865124 186.9181779918725 191.48127628508783 188.97009844508003 192.451093133277 210.75787052031075 265.5263734969944 192.18112014392494 190.23720113492735 193.30343325468797 192.6165722949768 189.4649142259941 192.12627465377864 190.1830123540402 
29.96 191.0870272420583 192.54138301164616 186.55702515605628 189.90964671128222 192.6828528332089 197.49736500916183 192.87201521641836 199.24503340048327 218.50651011552176 193.86608824180323 193.7910667984607 189.80367058950782 188.53124959327553 191.3475593154561 191.92197694869483 192.33445409034493 
31.96 189.3019436267946 194.4983600425543 190.55718405842003 188.3105409561238 191.20694935881525 189.72063451376738 190.34114499143823 199.52782570225062 226.89321831676563 200.55245381175286 193.10981662777147 191.22201766194343 185.46280253867624 194.85644610989718 186.20306431390563 186.9818963901058 
33.96 192.10953001174724 185.11639389244294 189.64746342627794 185.09991553955726 189.41059678054933 192.41636594856723 191.1464620235448 206.19637743693167 220.95877844784377 196.54594111209428 193.09848372192837 191.86736171586296 191.52221721238385 193.48722622449526 189.56673153152155 189.49252548431673 
35.96 190.075607912319 191.3371533563771 190.72855230618583 189.38634681084326 190.20109022899692 190.55225391652482 193.70832868210647 201.7162490574515 252.03412202255063 201.9185329297665 193.51341649821399 188.32422744352252 190.76763791398673 192.69150505221495 190.74544218523462 189.49389642850295 
37.96 188.8101984663157 195.75886225198354 189.53661355293767 188.26439057658348 192.5173931632834 193.81561282928394 187.79569551790684 203.5585515943697 247.94884272593484 204.18033943210912 185.77765933181544 186.8288935770956 184.67694350819787 186.751307084086 185.73595515215126 192.6427080469863 
39.96 194.56623064853906 189.2897388699286 192.18780549734922 189.4812281608037 190.27201881085784 191.20559628835403 191.39247517217402 206.63913876102987 254.96361310946722 216.24361618055127 192.93564853966916 195.08137110078326 190.11490275572555 186.54724944732382 187.81295362101932 193.44567511379813 
41.96 186.26139481225334 188.45005974198028 191.27928655442088 191.72275055656664 193.14416010833156 190.88817092364036 190.69128879514574 216.45722259565423 268.68930239449185 236.75966251569062 192.79680467890017 188.24761397243398 186.51851076338156 190.15022179235325 191.2864200442226 188.55415917070968 
43.96 188.72641074087477 189.62728671237826 188.05972389964552 191.31757450701738 194.61048529783062 189.4873830703989 192.68697801708169 205.1072941188652 251.34692340039138 232.12374417644725 192.37402585335434 191.22971123426677 186.62509942554024 184.18958103076542 187.8227833316032 188.07073829414722 
45.96 188.75667585841157 189.880528145329 195.06577365399838 194.4718366070296 193.44424945448867 191.87926093893037 193.7707550078686 211.8279001187925 247.98776230466632 248.92928822190686 195.87093394691084 188.87903762940797 186.1764195481482 186.99726379108643 194.03489644795408 191.35234599715866 
47.96 191.00545298170843 194.7349832119966 191.4101397483823 190.94038902330473 194.09117634345014 190.5856495112575 191.84892101422236 212.5695520873845 242.67675907646742 251.41363660203393 202.56201346414696 191.18238718171955 191.79534499883582 193.57847657433467 189.49055843101993 191.68702913642744 
49.96 185.38212590352484 190.35540813306247 190.83036216686725 193.10552516474442 192.02418280237114 194.1599485106285 191.89878859621092 221.15105921748662 246.61291564508673 244.63130107564427 203.26981261146895 196.7959961590306 188.4655347556416 192.51142766644742 187.4855824195669 189.2540121125741 
