655.0 656.0 657.0 658.0 659.0 660.0 661.0 662.0 663.0 664.0 665.0 
9.96 10.634644630848356 52.459773505400534 1361.3018907434362 1365.236312859187 77.52495554734713 17.445285299061283 3.615607227197586 3.4313254934687905 0.5817128669754084 0.026417591944635888 0.6396258491045046 
10.96 10.221714251539964 41.129517659216106 1099.4685416935592 866.1918600702812 66.65364933794251 13.046583416001141 1.974549964959948 2.22312056329406 0.34806954438471394 0.42782755328732947 0.5311874071363434 
11.96 8.98301286970721 36.52353837454709 1068.3265128803826 965.3596846622657 80.83263810252669 14.220082203272824 4.051659599955769 2.604557240426516 0.813887342500152 0.6842356175129964 0.008908675974481639 
12.96 7.452177122281427 29.043381004400402 785.3312850446343 643.4918539144808 68.02653066778282 13.087074717805876 1.8414152684567284 0.8559232993790147 0.20697952687891075 -1.4024605113764324 -0.0233732907263402 
13.96 6.9184686179774815 30.937895630673296 870.793499039268 475.105133064092 39.91415063968853 10.374061233889137 0.8909568927463738 2.766725038851604 1.094086573080972 0.08223320745108254 -1.546825213950541 
14.96 6.670403766995463 29.354971049626954 831.2736179374756 395.07500537499595 37.54474636274372 8.502426382861017 1.7088984486975392 0.7870809099806308 0.8522375545178988 -0.6007864182105038 -0.8693522119855857 
15.96 4.876237483150987 31.693457486055365 852.0094314423982 273.08709020475504 37.00301233839696 6.767283328544892 1.5547155853134598 1.7858556257706937 -0.7771089863556995 0.13361695127133544 -0.2939876941744899 
16.96 5.38249712011546 23.661655735139334 724.9155784048353 195.78628003938957 20.728056638671518 5.161369328040905 0.17345334433832704 1.1509929193224764 -0.09158992755851614 -0.262067334007952 -1.4547280057288958 
17.96 4.985597335598385 17.79509156418962 612.4022379627579 164.74162326254543 17.90035285322378 2.768053858444688 0.7449067779115239 0.22135209526675226 0.830248642891064 -0.8966848938807459 -1.071835848166785 
18.96 1.4370581723137832 13.147222252308609 392.9127858123944 122.0938800489098 8.56208148204206 2.048513845010376 -0.5656631461135646 0.07945865445412892 -0.25126252764471246 -0.9399094067497913 -1.5487252635118125 
19.96 2.14409217791075 12.294103931059198 362.8488868454566 90.68166415291364 8.782565709880913 1.1441563828565222 -0.42241771848279086 0.0434791436066746 -0.657004989155979 -1.052443291729901 -1.5638590140704025 
20.96 0.9178484831554385 7.632785064856876 312.6275369063801 79.61685818719297 5.632599852888319 2.156611626268301 0.45012394341947015 0.060646179656572485 -0.5524724240667922 -2.6661179947592757 -1.4619377351565959 
21.96 1.5034927931484106 8.044058610434092 196.97230999826965 51.26704534174448 5.9269568947017035 0.890799995237785 -0.24357024506960556 -0.6656554247574604 -0.22296165773212806 -1.3798184125821535 -1.4969646366551217 
22.96 0.2972900764069095 5.651059125353385 174.04301562765815 55.3784119180815 2.6485956771569477 0.4651254088509802 -0.7407333107236127 0.3837528121273124 -0.017167345590706873 -0.342413615829372 -0.7356254645680451 
23.96 0.7260721712885072 5.791625501461596 126.06126695458155 34.452597791823536 2.317942755908149 0.882576666835007 -0.24435654440179633 -0.28622498343722214 -1.7517854207730466 -1.4078023397913455 -1.0113747638543202 
24.96 0.012111918745603134 3.315910061957908 75.76843954710878 31.742724163285686 1.9468238790668693 -0.03496966040177085 -1.9468039681820812 -0.4757567927092623 -1.079462632669987 -1.536345795685179 -0.8369707917684082 
25.96 -0.8529843356825211 1.9076422834217794 75.21855826237899 24.35151964298936 1.2173040991042967 -0.7106583807754134 -1.5521190258393176 -0.3825150351835873 -1.6001611298169962 -1.9586175247615927 -1.3441067094254322 
26.96 -0.8141041293121418 1.3612823095294573 30.06667623305873 16.735314142298137 -0.5655666427818176 -0.14777352767316643 -0.6653082376204509 0.39876830430216614 -0.5218334190229257 -0.8759768698185155 -0.5070438180711676 
27.96 -0.6189909667592417 -0.3741694292804709 24.582138021249307 11.519987379877477 -0.2540999124621237 -0.661058418194699 -0.7349286124584467 0.2502057770378485 -1.432737925089242 -1.0988550630929979 -1.2832973071336085 
28.96 -0.7067510859224058 -0.5327350320219466 17.160976247661353 11.751831801753923 0.6899813174949827 -0.0874162003225365 -1.863846976401561 -0.35843759174349543 -1.436443741095644 -2.0053057734064907 -0.9812307432939065 
29.96 -0.11520312672610089 0.10902705723893291 12.605504466327972 8.111534439554703 -0.6956867248354399 -0.7166879130426196 -1.884209895666885 0.4394313437335029 0.11641497111952503 -2.4893754356935176 -2.5159312501077977 
30.96 -1.8238649204696173 0.8483610765992466 7.2788582803054 7.972444135937138 -0.7304600016087477 -1.095961025237358 -1.7489656415218917 -0.017796407340256337 -0.915582280599267 -1.5280705782423922 -1.220319385889809 
31.96 -0.8430479084116769 -0.3586363212448589 8.173520616441493 5.943921761602269 0.6046952732447721 -1.7942835444794696 -1.4563258763935778 -0.45240632847685447 -1.2393110553284146 -1.0572852979210268 -0.974654890918373 
32.96 -1.2877764966619054 0.2927259843467027 6.2000572655571204 9.291267952417115 -0.38087994657519175 0.4365926743281534 -1.212917143074435 -0.5608197919483473 0.16151876198060222 -2.466172355006705 -1.598595475920007 
33.96 -1.6625332365254337 -0.47118184260696694 4.161665413091811 10.052494688410235 -0.1513444852884902 -1.2130050634103213 -1.9127858444780657 -0.21786238550498638 -1.1991198160721979 -0.5150582428874202 -1.3893720383862274 
34.96 -1.0115667586116217 -0.31425429187802933 2.974651757820425 10.909685068342753 -0.9032567480635976 -0.8307273573161922 -1.3176815541519602 0.08211661512208934 -0.8620499761871088 -1.3760859189218024 -1.0863807115439101 
35.96 -0.9069747125572576 -0.5852954650096365 5.721283253186812 13.736739227522065 0.610063690455064 -0.6488194944600423 -0.5654096065868828 -1.2985702945529738 -2.349147396448899 -0.9065671792697287 -1.6362714965163718 
36.96 -1.3732583580785445 0.34611351020521397 6.495645454596939 13.745231863978518 0.3384957523655885 -1.3767867004729908 0.09829536118027704 0.10512513032438164 -0.5468850748130194 -1.745907514240315 -1.5082200105969719 
37.96 -1.816306750068037 0.4631959735812359 5.465846951037236 25.116972403029934 1.047663904227477 -0.8923459125815043 -2.1633706922543183 -0.17593760914360246 1.1737354137035823 -1.7815550706637566 -1.9628577383263917 
38.96 -0.41459239201134324 -0.25492464066576304 5.37759018518517 25.058661770798096 1.5445840435132254 -0.6112857456203926 -1.3378985174779814 -0.5557335339447036 -1.0064938143984818 -1.5010034701326447 -0.4298380327411735 
39.96 -1.563691168948509 -0.7848327499727077 6.509353352574863 37.678321203796685 1.2644599508197416 -1.1655430278386234 -0.8963995624461063 -0.42521610291578327 -0.6647811363741596 -2.1700858863996473 -1.3467313638679173 
40.96 -1.9127827930502121 0.07868738912631557 8.580032634489527 39.83073186235467 3.1039319653405073 -0.06308582044204059 -1.0334607192475573 0.39062824702443777 -1.7540507846238143 -1.740903922781257 -1.5089553022413327 
41.96 -1.3411596572714757 -0.5645507910816718 3.091767050812706 17.39192206013766 3.2963025323635406 -0.24069351975163045 -1.7590853928286947 -0.32026819990329614 -0.4987963422820201 -0.881800039029855 -0.5604506449460303 
42.96 -0.778489197682461 -1.0292072616764756 4.586337638634177 23.508150121994703 3.569743558962074 -0.7872574233070679 -1.6527582506333545 -0.016788783542267538 -0.683376758526407 -1.1650173336726937 -2.4393298984902856 
43.96 -0.5822081584164778 0.7289144214049372 3.306969529474685 21.07687419577718 4.883254992501861 -1.163451619156973 -0.6983881083359336 -1.3165002424151453 -1.2679697055879444 -1.759618020683405 -2.522626734826048 
44.96 -1.715067695846102 -1.1416004588453745 3.706102969382215 23.8188772362534 4.8566937231822465 -1.0703188913148836 -1.6040871754815953 -1.1723649000149692 -1.811750505672478 -1.3288706172345996 -1.363587490634444 
45.96 -1.3768165315675844 0.5434440641674314 4.501135998934018 22.1167676737046 4.484943300034388 -1.4322640214296882 -2.823949068951322 -1.0744408773569774 -1.170870223403682 -1.0296176513541297 -1.9013975782133343 
46.96 -1.3285324308558586 0.09937707644164107 6.8106439529425415 32.59451786847424 6.7778372766300095 -0.8382892659190588 -1.3012557212909428 -0.6811687389645442 -0.8221142247002149 -1.106009820333071 -1.5391260716551756 
47.96 -1.6898606254365518 -0.641730876390767 5.49649800236088 31.801626722459815 11.327265304186852 -1.165681315919187 -2.296937731747846 -1.1371602048382101 -0.6768571612539631 -2.308791668775797 -1.2281324772994537 
48.96 -1.9598637253251354 0.30065224810522295 4.8640522720042725 28.178080141440148 5.679438712374974 0.23998266704876414 -1.6531323596082075 -0.8001875004022168 -0.2857960117273137 -1.4106600338126896 -2.4215980322046278 
49.96 -1.5411468671441924 -0.35544820606176586 3.85935405685575 23.865148919702307 11.577139915325233 -1.1857859056856057 -2.2724899080286605 -0.3624952517271822 -1.0181123016029119 -1.1784146053028905 -2.3730863386102783 
50.96 -1.5776441806601724 0.13160822978395004 4.501760906608666 24.85287175071028 14.884193472940353 0.1194321229654065 -1.0533870666400276 -0.8203154171041263 -0.9343385195575706 -1.9426084471120646 -2.129783387396003 
51.96 -0.656919086096849 -0.1528453963350671 4.798405483032383 27.82376632000802 11.11962655878611 0.0740977393325295 -1.5463449612344107 -1.6985112910889768 -0.4472494043971551 -1.3659552212421602 -1.8894800874193436 
52.96 -1.647636223280898 -0.3849274547976904 6.280888766715464 31.81995766563216 11.65212734506764 -0.30288979747433586 -0.7845858806642525 -0.21255420771339573 -1.2111413942866136 -1.5494562140965797 -2.366076417249417 
53.96 -0.5924214720024281 -0.3049190543654561 6.599657479428629 28.698033943032613 13.589620850107849 0.5039863342172453 -1.6382812690032438 -0.837286887691647 -1.1593156664382036 -1.5618633530402235 -1.935998205869197 
54.96 -1.970410527945603 -0.514621607518535 4.714236053073648 19.274779401287617 8.529505329003854 -0.1881720493425405 -2.7603725447534373 0.03596456906788603 -1.6018991998549552 -1.4182872578768126 -1.2384215285986215 
55.96 -1.077101280148156 -0.07304190493644569 3.0049176678180913 13.860078048811175 8.853963231672111 -0.5872119617277178 -2.1274020248656313 -0.6609360777316624 -1.9916017871285874 -1.7116756724047661 -1.4467152600348356 
56.96 -2.350504890060023 -0.6666699977411668 4.780255398361675 16.192767569025193 11.99522392102466 0.030995600025903514 -1.9372739013162459 -1.4460216385487854 -1.0537224523618818 -1.9740525373671005 -2.9117754819595234 
57.96 -2.5176800944900037 -0.6679899924620258 4.444370005516589 17.03221493911184 15.641529913892953 0.24813863755943544 -0.9800585616296189 -1.2413655652337638 -1.7232039048288925 -1.379471670766236 -2.1092063828961614 
58.96 -3.0427256892967307 -0.18843467435513617 7.575706176298695 35.083628428011195 21.816804442133474 1.8431894655850272 -1.3822246841775723 -1.2328708686987397 -2.0216979679975395 -2.69205416485957 -2.1550947785082712 
59.96 -1.1392889245015851 0.031541679065838935 6.994334682387631 29.108382869472848 14.155519728900856 -0.6128033860224775 -2.6721340529307724 -0.9039603049353389 -2.429001048164622 -1.9992139169168581 -2.317039192518365 
60.96 -0.5466087949252483 2.3831521805588523 49.01638236558679 234.52653483967123 15.812840240593744 1.9035614233038132 -1.4918630417114116 -1.5196102992138094 -1.4785398339449785 -3.1056568938255964 -1.7632686396453892 
61.96 -0.643366416940296 4.39304732242212 84.83063144787596 215.64222692727833 17.136245771384267 2.1728141194232364 0.29951561197424326 1.0847153603676531 -1.4023872538126056 -2.1887579886815445 -1.6796161047413136 
62.96 0.7377484910802821 7.475510146499886 145.00140957879333 321.70927978335317 18.121693307130784 0.9714311388793533 -1.4196336015614577 -1.094103299627875 -2.1582452321332255 -1.7935937007233065 -1.648426413689947 
63.96 1.0310485768545732 7.836474710103829 150.04547406040965 340.0637951196869 21.001500405076428 1.6297046425472388 0.13573643503602284 0.19031126019902445 -1.0968783141885865 -1.9708420126042654 -3.081415702748103 
64.96 0.44641304029275375 8.751529444586566 141.72620967359498 331.3634582226042 19.605472579609796 1.0675533290011856 -1.2267463538611025 -0.7034562695977797 -1.110237482960514 -2.5333801966611134 -2.3134799754433857 
65.96 0.526743510802703 7.658822029688366 142.5919547495557 344.3191171527999 21.117263491139 1.4558631659067203 -1.4670438225053317 -0.7376600323782725 -1.6898350066240084 -2.1399736042291977 -2.534007031146615 
66.96 -0.21967499615317365 6.635504344518921 129.89527633131442 316.05507106128385 18.18105636935175 0.9828059624375101 -0.8098905850416429 -0.6562492027095459 -0.5890603715339751 -3.138342717187953 -1.2921998783508002 
67.96 0.6955345555432757 6.937966886543563 132.00389114657204 333.1561465993103 18.169563324507124 0.7482962038103267 -0.5303540490356795 -0.09667957050677956 -1.0302340013507774 -1.4554861773403047 -2.1420259526190932 
68.96 1.326435922661659 7.39965928912784 129.39619094340387 361.45826770272834 20.696641804630417 0.7169767977570416 -0.6014947667142678 -0.27732662966860744 -0.638583706774341 -1.2513773349272412 -2.1757074557023657 
69.96 0.5953142057095704 9.243782311497199 147.13735254243866 396.2214910919888 22.00874955864265 2.135004650000127 -1.0706760824608352 -0.07327845590256743 -1.4688027399745067 -1.5618431142943052 -2.2565966496419776 
